25.000000	377.716412
24.965000	373.518176
24.930000	369.306439
24.895000	365.093866
24.860000	360.904822
24.825000	356.758467
24.790000	352.663649
24.755000	348.636822
24.717500	344.419145
24.680000	340.314904
24.640000	336.070631
24.600000	331.976597
24.557500	327.809266
24.512500	323.617111
24.465000	319.444392
24.415000	315.334762
24.360000	311.156835
24.300000	307.017776
24.232500	302.876813
24.155000	298.762509
24.062500	294.697406
23.942500	290.679090
23.752500	286.675772
22.425000	282.672163
20.535000	278.669011
20.100000	274.666718
19.847500	270.623156
19.650000	266.572522
19.480000	262.543977
19.325000	258.487229
19.180000	254.423458
19.042500	250.412811
18.907500	246.405066
18.772500	242.386186
18.635000	238.331643
18.495000	234.309103
18.347500	230.274722
18.187500	226.222249
18.010000	222.178184
17.805000	218.152371
17.542500	214.126986
17.107500	210.125632
15.192500	206.122346
14.652500	202.122120
14.230000	198.109380
13.795000	194.106449
13.252500	190.095574
11.127500	186.092271
10.135000	182.084643
8.505000	178.084608
4.992500	174.079617
4.682500	170.041156
4.502500	166.026757
4.367500	161.966040
4.257500	157.881689
4.165000	153.858858
4.082500	149.791498
4.007500	145.683178
3.940000	141.636348
3.877500	137.582215
3.817500	133.403317
3.762500	129.320185
3.710000	125.194753
3.660000	121.058384
3.612500	116.942292
3.567500	112.876559
3.522500	108.650561
3.480000	104.513451
3.440000	100.491160
0.000000	0.000000
& cycle # 1, chisq = 319475.609962, e = 41.327623
25.000000	480.990020
24.972500	476.933675
24.945000	472.862699
24.917500	468.782798
24.890000	464.695094
24.862500	460.611337
24.835000	456.537256
24.807500	452.473150
24.780000	448.422376
24.752500	444.392486
24.725000	440.390741
24.695000	436.061775
24.665000	431.772597
24.635000	427.525408
24.605000	423.325125
24.575000	419.178411
24.545000	415.091218
24.515000	411.067154
24.482500	406.780639
24.450000	402.570849
24.417500	398.439825
24.385000	394.391356
24.350000	390.129120
24.315000	385.972897
24.280000	381.925205
24.242500	377.709029
24.205000	373.616632
24.165000	369.387420
24.125000	365.300082
24.082500	361.115785
24.040000	357.097173
23.995000	353.022366
23.947500	348.917977
23.897500	344.808967
23.845000	340.721274
23.790000	336.683941
23.730000	332.561817
23.665000	328.419290
23.595000	324.313443
23.520000	320.293995
23.435000	316.181571
23.340000	312.108639
23.232500	308.107040
23.105000	304.081528
22.950000	300.080769
22.747500	296.059783
22.462500	292.034821
22.017500	288.020216
21.377500	284.018212
20.797500	280.010069
20.380000	276.006242
20.060000	271.991323
19.797500	267.956436
19.570000	263.912951
19.367500	259.898923
19.182500	255.885993
19.007500	251.834441
18.840000	247.774187
18.680000	243.745564
18.525000	239.724551
18.372500	235.706683
18.220000	231.682730
18.067500	227.680371
17.912500	223.650018
17.755000	219.633828
17.590000	215.579411
17.417500	211.556504
17.235000	207.549614
17.037500	203.531167
16.815000	199.491988
16.555000	195.460073
16.235000	191.445889
15.760000	187.434073
12.632500	183.433808
7.697500	179.430099
6.180000	175.426487
4.725000	171.424027
3.625000	167.421316
2.892500	163.419965
2.380000	159.416988
2.000000	155.388845
1.710000	151.382789
1.480000	147.370437
1.292500	143.331609
1.137500	139.318813
1.005000	135.254727
0.892500	131.246699
0.792500	127.164860
0.705000	123.108682
0.627500	119.089035
0.557500	115.062011
0.492500	110.932195
0.432500	106.752605
0.377500	102.581871
0.000000	0.000000
& cycle # 2, chisq = 318533.068228, e = 41.327623
25.000000	443.385144
24.985000	439.115483
24.967500	434.529007
24.950000	430.346961
24.930000	426.027091
24.907500	421.702812
24.882500	417.507043
24.852500	413.236617
24.817500	409.175033
24.770000	404.990165
24.697500	400.905620
24.227500	396.891671
24.007500	392.825922
23.880000	388.746250
23.775000	384.695202
23.680000	380.676636
23.587500	376.605269
23.495000	372.536805
23.400000	368.496492
23.297500	364.414580
23.185000	360.398441
23.050000	356.367277
22.867500	352.365548
22.037500	348.363507
21.510000	344.324339
21.312500	340.314786
21.165000	336.272141
21.042500	332.231970
20.935000	328.208294
20.837500	324.205581
20.745000	320.122414
20.657500	316.023036
20.575000	311.965625
20.495000	307.874737
20.417500	303.789123
20.342500	299.744308
20.267500	295.631679
20.195000	291.608895
20.122500	287.553525
20.050000	283.477866
19.977500	279.394795
19.905000	275.319184
19.832500	271.267992
19.760000	267.258971
19.685000	263.173626
19.610000	259.165897
19.532500	255.117373
19.452500	251.045550
19.370000	246.968211
19.285000	242.906149
19.197500	238.885089
19.105000	234.828039
19.007500	230.783453
18.902500	226.703256
18.790000	222.646543
18.667500	218.588684
18.532500	214.542269
18.380000	210.509232
18.200000	206.466641
17.977500	202.426907
17.680000	198.416121
17.165000	194.404433
13.202500	190.402427
11.697500	186.394632
6.860000	182.389010
6.275000	178.380816
5.997500	174.363954
5.800000	170.318979
5.645000	166.302203
5.515000	162.273861
5.402500	158.263719
5.300000	154.168073
5.207500	150.094963
5.122500	146.020901
5.045000	142.016199
4.972500	138.009866
4.902500	133.898152
4.837500	129.864712
4.775000	125.791773
4.715000	121.703877
4.657500	117.624026
4.602500	113.573304
4.550000	109.571118
4.497500	105.435773
4.447500	101.372993
0.000000	0.000000
& cycle # 3, chisq = 340005.101121, e = 41.327623
25.000000	326.894349
24.927500	322.829544
24.855000	318.820626
24.780000	314.775032
24.702500	310.735940
24.620000	306.630186
24.532500	302.521333
24.440000	298.489683
24.337500	294.402564
24.222500	290.325694
24.090000	286.270002
23.930000	282.262802
23.715000	278.231017
23.355000	274.228292
20.405000	270.221606
19.687500	266.210059
19.302500	262.209695
19.012500	258.207621
18.765000	254.175631
18.547500	250.172384
18.347500	246.168192
18.157500	242.156829
17.975000	238.141336
17.797500	234.113714
17.622500	230.099246
17.445000	226.051641
17.267500	222.050497
17.085000	218.012872
16.895000	213.973198
16.692500	209.929145
16.475000	205.891048
16.237500	201.879470
15.960000	197.851583
15.620000	193.831831
15.135000	189.820669
9.340000	185.820668
7.332500	181.812401
6.790000	177.791368
6.425000	173.766467
6.142500	169.731411
5.910000	165.712393
5.707500	161.658889
5.530000	157.612587
5.372500	153.608714
5.227500	149.576474
5.092500	145.506336
4.967500	141.438625
4.852500	137.427335
4.742500	133.348799
4.640000	129.338106
4.542500	125.330875
4.447500	121.235970
4.357500	117.173444
4.272500	113.168933
4.190000	109.128034
4.110000	105.068420
4.032500	101.005343
0.000000	0.000000
& cycle # 4, chisq = 325894.534112, e = 41.327623
25.000000	356.067415
24.985000	351.525040
24.970000	347.350883
24.952500	342.919282
24.932500	338.387267
24.912500	334.369175
24.887500	329.998568
24.860000	325.939128
24.825000	321.748403
24.780000	317.680059
24.710000	313.596985
24.200000	309.592480
23.472500	305.591907
22.510000	301.560062
22.282500	297.513804
22.105000	293.463086
21.947500	289.444294
21.795000	285.393140
21.642500	281.370612
21.480000	277.336487
21.295000	273.317141
21.057500	269.297472
20.560000	265.295937
19.340000	261.291460
19.072500	257.280657
18.875000	253.263790
18.707500	249.241827
18.555000	245.197197
18.412500	241.164153
18.275000	237.103498
18.140000	233.032661
18.005000	228.971265
17.867500	224.930778
17.725000	220.909703
17.572500	216.848598
17.407500	212.815079
17.220000	208.800654
16.990000	204.782381
16.670000	200.773612
14.845000	196.770633
11.307500	192.768963
8.712500	188.761770
8.202500	184.753925
7.965000	180.707281
7.795000	176.675478
7.657500	172.602347
7.542500	168.591916
7.440000	164.541944
7.347500	160.500642
7.262500	156.461988
7.182500	152.372938
7.107500	148.281988
7.037500	144.236853
6.970000	140.129336
6.905000	135.985599
6.842500	131.832930
6.782500	127.698371
6.725000	123.607420
6.670000	119.583148
6.615000	115.456119
6.562500	111.425661
6.510000	107.310415
6.457500	103.114116
0.000000	0.000000
& cycle # 5, chisq = 339455.645056, e = 41.327623
25.000000	377.716412
24.970000	373.674282
24.940000	369.644754
24.910000	365.637384
24.877500	361.333225
24.845000	357.088604
24.812500	352.911670
24.780000	348.810078
24.747500	344.798301
24.712500	340.593594
24.677500	336.516954
24.640000	332.296451
24.602500	328.237073
24.562500	324.097952
24.520000	319.927417
24.475000	315.770566
24.427500	311.670755
24.375000	307.485269
24.317500	303.322516
24.255000	299.290760
24.182500	295.224733
24.095000	291.133237
23.982500	287.076034
23.810000	283.034086
22.657500	279.030629
21.870000	275.024628
20.205000	271.012197
19.870000	266.989783
19.637500	262.975655
19.442500	258.935113
19.270000	254.918365
19.110000	250.913281
18.955000	246.890443
18.802500	242.886473
18.647500	238.839515
18.490000	234.834929
18.322500	230.813861
18.137500	226.774504
17.927500	222.774433
17.665000	218.757929
17.247500	214.750557
15.382500	210.745698
14.880000	206.730588
14.517500	202.715559
14.197500	198.689213
13.875000	194.671172
13.540000	190.660180
13.117500	186.656762
12.387500	182.654168
7.127500	178.650360
5.017500	174.646834
4.737500	170.640357
4.565000	166.608107
4.435000	162.573228
4.327500	158.483648
4.237500	154.483452
4.157500	150.460512
4.085000	146.419303
4.017500	142.306662
3.955000	138.187032
3.897500	134.123562
3.842500	129.984709
3.790000	125.799384
3.740000	121.597843
3.692500	117.411031
3.647500	113.269703
3.605000	109.203567
3.562500	104.988642
3.522500	100.887305
0.000000	0.000000
& cycle # 1, chisq = 312752.683184, e = 41.396680
25.000000	480.990020
24.975000	476.975409
24.950000	472.947272
24.925000	468.912956
24.900000	464.870949
24.875000	460.829872
24.850000	456.797398
24.825000	452.775038
24.800000	448.763503
24.772500	444.368341
24.745000	439.999886
24.717500	435.665123
24.690000	431.367359
24.662500	427.107944
24.635000	422.889046
24.607500	418.714914
24.580000	414.591099
24.552500	410.522745
24.525000	406.513333
24.495000	402.208614
24.465000	397.977023
24.435000	393.819843
24.405000	389.739631
24.372500	385.410546
24.340000	381.181016
24.307500	377.054681
24.275000	373.033188
24.240000	368.819548
24.205000	364.726623
24.167500	360.475027
24.130000	356.362960
24.090000	352.133143
24.050000	348.067009
24.007500	343.926258
23.962500	339.740305
23.915000	335.536912
23.865000	331.343983
23.812500	327.191884
23.757500	323.113534
23.697500	318.974892
23.632500	314.842053
23.562500	310.773510
23.485000	306.698956
23.397500	302.607455
23.297500	298.545926
23.180000	294.516567
23.035000	290.478980
22.842500	286.438905
22.555000	282.436841
21.975000	278.431476
20.857500	274.430273
20.202500	270.412460
19.807500	266.412343
19.510000	262.395877
19.265000	258.395533
19.050000	254.364997
18.855000	250.348719
18.672500	246.297236
18.502500	242.287882
18.337500	238.238856
18.177500	234.220060
18.020000	230.197821
17.865000	226.194981
17.707500	222.133567
17.547500	218.079523
17.385000	214.073254
17.217500	210.071783
17.042500	206.066014
16.855000	202.051524
16.650000	198.042606
16.422500	194.041546
16.157500	190.024368
15.822500	186.020111
15.332500	182.008588
7.062500	178.008074
4.040000	174.000413
3.272500	169.996007
2.795000	165.986109
2.440000	161.955931
2.157500	157.941020
1.922500	153.918285
1.722500	149.891590
1.550000	145.881103
1.397500	141.834182
1.262500	137.774032
1.142500	133.734627
1.035000	129.696810
0.937500	125.641913
0.847500	121.526965
0.767500	117.516155
0.692500	113.414409
0.622500	109.261938
0.560000	105.256260
0.500000	101.110075
0.000000	0.000000
& cycle # 2, chisq = 309394.367684, e = 41.396680
25.000000	443.385144
24.985000	438.618440
24.970000	434.206761
24.955000	430.134192
24.937500	425.785982
24.917500	421.306843
24.895000	416.842505
24.870000	412.536021
24.842500	408.513456
24.807500	404.336318
24.762500	400.270896
24.692500	396.226500
24.237500	392.203654
24.037500	388.158914
23.920000	384.073260
23.825000	380.046790
23.737500	375.929625
23.655000	371.817917
23.575000	367.740654
23.495000	363.688256
23.412500	359.631472
23.325000	355.549929
23.230000	351.468441
23.122500	347.394015
22.992500	343.325214
22.815000	339.290511
21.992500	335.287898
21.460000	331.274228
21.255000	327.231228
21.102500	323.187037
20.975000	319.151141
20.862500	315.142095
20.757500	311.059454
20.660000	307.000391
20.567500	302.935683
20.480000	298.927001
20.395000	294.911223
20.310000	290.806534
20.227500	286.763553
20.145000	282.682923
20.062500	278.581427
19.980000	274.475652
19.897500	270.384832
19.815000	266.331284
19.730000	262.218253
19.645000	258.191359
19.557500	254.152837
19.467500	250.123207
19.375000	246.121345
19.277500	242.067131
19.175000	238.003301
19.067500	233.980916
18.952500	229.967078
18.827500	225.945880
18.690000	221.918127
18.537500	217.917185
18.360000	213.873002
18.147500	209.863415
17.875000	205.846882
17.477500	201.828515
16.637500	197.827554
13.952500	193.823271
12.357500	189.811889
11.422500	185.811840
6.592500	181.804037
6.165000	177.770994
5.920000	173.755692
5.737500	169.731194
5.590000	165.708736
5.465000	161.698139
5.355000	157.687746
5.255000	153.637568
5.162500	149.533878
5.077500	145.445376
5.000000	141.441316
4.925000	137.308992
4.855000	133.222073
4.787500	129.072217
4.725000	125.049361
4.665000	121.026273
4.607500	117.023683
4.550000	112.877132
4.495000	108.775660
4.442500	104.736930
4.390000	100.577701
0.000000	0.000000
& cycle # 3, chisq = 329422.595267, e = 41.396680
25.000000	326.894349
24.930000	322.752163
24.862500	318.737239
24.792500	314.605511
24.722500	310.541271
24.650000	306.452925
24.575000	302.377068
24.497500	298.377063
24.412500	294.260165
24.322500	290.233406
24.222500	286.196198
24.110000	282.195060
23.975000	278.150594
23.802500	274.100726
23.547500	270.087160
20.552500	266.085712
19.460000	262.073264
19.057500	258.063655
18.760000	254.059620
18.512500	250.058184
18.290000	246.012810
18.085000	241.992600
17.892500	237.985963
17.707500	233.980820
17.525000	229.969776
17.342500	225.946232
17.160000	221.928081
16.975000	217.920885
16.782500	213.912068
16.580000	209.906792
16.365000	205.894230
16.130000	201.880603
15.862500	197.870566
15.550000	193.860659
15.145000	189.850329
14.517500	185.849232
8.420000	181.848575
5.802500	177.838845
5.245000	173.833674
4.902500	169.803692
4.652500	165.779332
4.452500	161.773296
4.285000	157.768839
4.140000	153.767007
4.010000	149.733182
3.892500	145.696188
3.785000	141.646615
3.685000	137.554272
3.592500	133.483105
3.505000	129.377379
3.422500	125.275139
3.345000	121.209243
3.270000	117.070179
3.200000	113.020499
3.132500	108.943880
3.067500	104.861083
3.005000	100.792679
0.000000	0.000000
& cycle # 4, chisq = 311145.414225, e = 41.396680
25.000000	356.067415
24.637500	352.055420
24.537500	347.971162
24.462500	343.912741
24.397500	339.893944
24.335000	335.760145
24.275000	331.691107
24.215000	327.644208
24.152500	323.560969
24.085000	319.419245
24.012500	315.397633
23.927500	311.348180
23.820000	307.322927
23.645000	303.300957
22.845000	299.298260
22.635000	295.259760
22.490000	291.209343
22.370000	287.204571
22.260000	283.158673
22.155000	279.096248
22.052500	275.052771
21.950000	271.032319
21.842500	266.950286
21.730000	262.944409
21.605000	258.927878
21.457500	254.875092
21.267500	250.840956
20.927500	246.838350
19.532500	242.827267
19.112500	238.825549
18.710000	234.815285
18.032500	230.813309
16.252500	226.806992
15.707500	222.798001
14.890000	218.797191
13.087500	214.788515
12.452500	210.776168
11.262500	206.763032
11.017500	202.761587
10.890000	198.673197
10.797500	194.562824
10.725000	190.556166
10.662500	186.479266
10.607500	182.365237
10.557500	178.159394
10.512500	173.965514
10.472500	169.891136
10.435000	165.758519
10.400000	161.615007
10.367500	157.509477
10.337500	153.491318
10.307500	149.246929
10.280000	145.152012
10.252500	140.856886
10.227500	136.774712
10.202500	132.520142
10.177500	128.090087
10.155000	123.950534
10.132500	119.664314
10.110000	115.229369
10.090000	111.160698
10.070000	106.971498
10.050000	102.660361
0.000000	0.000000
& cycle # 5, chisq = 403905.389826, e = 41.396680
25.000000	377.716412
24.977500	373.274762
24.955000	368.965152
24.932500	364.792680
24.910000	360.751094
24.885000	356.415122
24.860000	352.246496
24.835000	348.243515
24.807500	344.025435
24.780000	339.998048
24.750000	335.822549
24.717500	331.555070
24.685000	327.546911
24.650000	323.508694
24.612500	319.491053
24.570000	315.314458
24.522500	311.104535
24.470000	306.980285
24.410000	302.892353
24.337500	298.769307
24.247500	294.763341
24.115000	290.704913
23.750000	286.699944
22.600000	282.699292
22.002500	278.695398
20.447500	274.671980
20.127500	270.663928
19.900000	266.640981
19.710000	262.611337
19.537500	258.554112
19.377500	254.541658
19.222500	250.505613
19.070000	246.497300
18.912500	242.435906
18.750000	238.419545
18.575000	234.371271
18.380000	230.323995
18.147500	226.300580
17.832500	222.296582
16.297500	218.293817
15.480000	214.285103
15.087500	210.260055
14.757500	206.236773
14.450000	202.230928
14.130000	198.222420
13.757500	194.216984
13.232500	190.213000
11.095000	186.206414
9.952500	182.202646
6.975000	178.201572
5.167500	174.194136
4.917500	170.157248
4.760000	166.084262
4.640000	162.001711
4.542500	157.973723
4.457500	153.884980
4.382500	149.792687
4.315000	145.696909
4.252500	141.540712
4.195000	137.398734
4.142500	133.344670
4.092500	129.237656
4.045000	125.109941
4.000000	120.992899
3.957500	116.917002
3.917500	112.911884
3.877500	108.740762
3.840000	104.678056
3.802500	100.467042
0.000000	0.000000
& cycle # 1, chisq = 314828.553193, e = 41.480004
25.000000	480.990020
24.967500	476.878598
24.935000	472.698308
24.902500	468.453722
24.870000	464.156769
24.837500	459.822188
24.807500	455.790278
24.777500	451.733876
24.747500	447.663513
24.717500	443.588971
24.687500	439.515494
24.657500	435.445826
24.627500	431.384017
24.597500	427.336834
24.567500	423.312250
24.535000	418.985586
24.502500	414.698789
24.470000	410.454918
24.437500	406.256915
24.405000	402.109261
24.372500	398.018007
24.340000	393.989501
24.305000	389.727160
24.270000	385.547486
24.235000	381.452296
24.200000	377.442730
24.162500	373.243884
24.125000	369.149226
24.085000	364.901686
24.045000	360.782921
24.002500	356.550717
23.960000	352.466803
23.915000	348.302195
23.870000	344.299679
23.822500	340.250290
23.772500	336.183837
23.720000	332.131397
23.665000	328.121902
23.605000	324.014004
23.540000	319.862397
23.470000	315.723398
23.395000	311.657947
23.312500	307.609642
23.220000	303.560922
23.115000	299.528170
22.992500	295.499524
22.842500	291.445029
22.652500	287.435836
22.387500	283.423154
21.962500	279.414955
21.232500	275.406860
20.505000	271.402444
20.017500	267.398209
19.662500	263.382671
19.375000	259.366979
19.130000	255.355344
18.910000	251.341076
18.707500	247.338134
18.517500	243.325959
18.335000	239.302796
18.157500	235.298468
17.982500	231.287492
17.807500	227.244356
17.632500	223.242752
17.452500	219.241855
17.265000	215.222885
17.067500	211.184257
16.855000	207.160513
16.617500	203.134625
16.345000	199.109118
16.005000	195.087994
15.505000	191.074895
9.927500	187.074299
8.317500	183.066448
7.547500	179.065206
6.900000	175.059525
6.265000	171.047461
5.567500	167.034619
4.700000	163.030141
3.507500	159.025454
2.415000	155.014560
1.835000	151.012155
1.497500	147.005937
1.267500	142.992500
1.095000	138.984498
0.957500	134.957244
0.842500	130.893938
0.745000	126.837915
0.660000	122.768533
0.585000	118.712677
0.517500	114.630931
0.457500	110.620212
0.402500	106.603555
0.350000	102.434358
0.000000	0.000000
& cycle # 2, chisq = 316924.517242, e = 41.480004
25.000000	443.385144
24.985000	438.632174
24.970000	434.231079
24.955000	430.166253
24.937500	425.823878
24.917500	421.347723
24.895000	416.882752
24.870000	412.571507
24.842500	408.539858
24.807500	404.346986
24.762500	400.257279
24.692500	396.172928
24.242500	392.158975
24.037500	388.138954
23.920000	384.092223
23.825000	380.085731
23.737500	375.974650
23.655000	371.856364
23.575000	367.760761
23.495000	363.678392
23.412500	359.579227
23.327500	355.555792
23.235000	351.495813
23.132500	347.482399
23.010000	343.441336
22.850000	339.427396
22.550000	335.419348
21.505000	331.392345
21.275000	327.361064
21.112500	323.321695
20.980000	319.311758
20.862500	315.266386
20.755000	311.202227
20.655000	307.137974
20.560000	303.050048
20.470000	299.003644
20.382500	294.941102
20.297500	290.904790
20.212500	286.806756
20.130000	282.790432
20.047500	278.752580
19.965000	274.710197
19.882500	270.683238
19.797500	266.574489
19.712500	262.531410
19.625000	258.460329
19.535000	254.385924
19.442500	250.328986
19.347500	246.309578
19.247500	242.252798
19.142500	238.205119
19.030000	234.132299
18.910000	230.104055
18.777500	226.031636
18.632500	222.007087
18.467500	217.962551
18.275000	213.958137
18.035000	209.949450
17.710000	205.937920
17.152500	201.932822
14.967500	197.931523
13.125000	193.927862
12.160000	189.914954
11.377500	185.909381
6.665000	181.901599
6.160000	177.870690
5.900000	173.868965
5.710000	169.824393
5.560000	165.820623
5.432500	161.788814
5.320000	157.725329
5.220000	153.698016
5.127500	149.606838
5.042500	145.520953
4.965000	141.512164
4.890000	137.370015
4.820000	133.270356
4.755000	129.263310
4.692500	125.230658
4.632500	121.194852
4.575000	117.176268
4.517500	113.009420
4.462500	108.884335
4.410000	104.819474
4.357500	100.631181
0.000000	0.000000
& cycle # 3, chisq = 329232.688716, e = 41.480004
25.000000	326.894349
24.932500	322.750916
24.865000	318.635990
24.797500	314.597889
24.727500	310.521084
24.655000	306.465314
24.577500	302.337407
24.495000	298.225961
24.407500	294.201888
24.310000	290.145457
24.200000	286.133137
24.070000	282.127182
23.902500	278.091058
23.655000	274.089539
20.635000	270.089527
19.597500	266.078557
19.207500	262.066838
18.920000	258.043333
18.680000	254.041426
18.467500	250.028770
18.270000	245.990615
18.082500	241.947863
17.902500	237.898569
17.727500	233.856118
17.555000	229.850330
17.380000	225.814994
17.202500	221.766723
17.022500	217.751701
16.835000	213.751024
16.635000	209.737081
16.420000	205.706231
16.185000	201.693997
15.912500	197.660966
15.590000	193.657111
15.160000	189.641502
14.427500	185.633056
6.997500	181.630634
5.685000	177.615299
5.222500	173.593356
4.922500	169.581316
4.695000	165.534743
4.510000	161.506570
4.352500	157.467850
4.215000	153.425561
4.092500	149.398021
3.980000	145.331409
3.877500	141.299295
3.782500	137.264067
3.692500	133.165218
3.607500	129.044961
3.527500	124.947089
3.452500	120.911177
3.380000	116.827690
3.310000	112.710031
3.242500	108.572555
3.177500	104.432372
3.115000	100.309130
0.000000	0.000000
& cycle # 4, chisq = 310872.386152, e = 41.480004
25.000000	356.067415
24.657500	351.991948
24.565000	347.922037
24.492500	343.917480
24.427500	339.904368
24.365000	335.824631
24.302500	331.681365
24.240000	327.605683
24.175000	323.549616
24.105000	319.500783
24.025000	315.403143
23.930000	311.378717
23.797500	307.323429
23.137500	303.320740
22.765000	299.287038
22.597500	295.278276
22.465000	291.237520
22.347500	287.154445
22.240000	283.153069
22.135000	279.129813
22.030000	275.102858
21.922500	271.081808
21.807500	267.015797
21.682500	263.005014
21.535000	258.944581
21.347500	254.927641
21.017500	250.916208
19.697500	246.912478
19.340000	242.907488
19.050000	238.880099
18.757500	234.858576
18.405000	230.843594
16.875000	226.840130
15.992500	222.835829
15.447500	218.834239
14.330000	214.833277
12.490000	210.830113
11.125000	206.819502
10.760000	202.809466
10.597500	198.772216
10.482500	194.709619
10.392500	190.684878
10.315000	186.546139
10.247500	182.391494
10.187500	178.244885
10.132500	174.054623
10.082500	169.913309
10.037500	165.909863
9.995000	161.883957
9.955000	157.873761
9.915000	153.645460
9.877500	149.479984
9.842500	145.413437
9.807500	141.171619
9.775000	137.073654
9.742500	132.820537
9.712500	128.755463
9.682500	124.555762
9.652500	120.220683
9.625000	116.127579
9.597500	111.920343
9.570000	107.599236
9.545000	103.572618
0.000000	0.000000
& cycle # 5, chisq = 385499.033114, e = 41.480004
25.000000	377.716412
24.625000	373.676156
24.517500	369.659768
24.440000	365.570623
24.375000	361.517986
24.315000	357.411451
24.257500	353.264334
24.202500	349.195502
24.147500	345.109075
24.092500	341.085059
24.035000	337.024747
23.975000	333.019226
23.910000	329.008575
23.837500	324.997104
23.752500	320.977694
23.642500	316.915903
23.467500	312.892749
22.627500	308.867871
22.402500	304.865666
22.250000	300.817410
22.122500	296.743955
22.010000	292.743226
21.902500	288.669403
21.800000	284.664576
21.697500	280.648893
21.592500	276.619808
21.482500	272.576820
21.365000	268.549689
21.232500	264.482527
21.075000	260.426172
20.865000	256.398887
20.385000	252.394208
19.200000	248.373169
18.915000	244.348997
18.692500	240.339869
18.495000	236.335336
18.305000	232.323051
18.110000	228.272901
17.905000	224.270536
17.670000	220.246853
17.360000	216.223697
16.530000	212.222947
15.062500	208.215081
14.640000	204.212133
14.280000	200.207692
13.892500	196.188721
13.402500	192.174446
11.525000	188.168780
10.680000	184.159685
9.697500	180.159167
7.425000	176.149155
5.727500	172.146278
5.435000	168.117518
5.275000	164.085263
5.157500	160.059724
5.062500	156.041138
4.980000	151.937754
4.907500	147.827410
4.842500	143.722791
4.782500	139.571666
4.727500	135.455134
4.677500	131.450884
4.630000	127.413287
4.585000	123.376403
4.542500	119.373224
4.500000	115.184029
4.460000	111.071053
4.422500	107.065598
4.385000	102.916434
0.000000	0.000000
& cycle # 1, chisq = 324852.997467, e = 41.025686
25.000000	480.990020
24.967500	476.816388
24.935000	472.591628
24.902500	468.320117
24.870000	464.013538
24.837500	459.686292
24.807500	455.675852
24.777500	451.654666
24.747500	447.632838
24.717500	443.619672
24.685000	439.287290
24.652500	434.973579
24.620000	430.683470
24.587500	426.425331
24.555000	422.208283
24.522500	418.039039
24.490000	413.921136
24.457500	409.856576
24.425000	405.848025
24.390000	401.598810
24.355000	397.426524
24.320000	393.337478
24.285000	389.335761
24.247500	385.146981
24.210000	381.060814
24.170000	376.816286
24.130000	372.692309
24.087500	368.447431
24.045000	364.347977
24.000000	360.167892
23.955000	356.151362
23.907500	352.085195
23.857500	347.993694
23.805000	343.904246
23.750000	339.847051
23.690000	335.683449
23.627500	331.627983
23.560000	327.553148
23.487500	323.508832
23.407500	319.427105
23.320000	315.399039
23.220000	311.308881
23.107500	307.283897
22.975000	303.230264
22.815000	299.194084
22.615000	295.183520
22.350000	291.175107
21.985000	287.169703
21.510000	283.163188
21.022500	279.155891
20.615000	275.155276
20.285000	271.124752
20.010000	267.114172
19.772500	263.092764
19.560000	259.078657
19.365000	255.061338
19.182500	251.011738
19.010000	246.975229
18.845000	242.973355
18.682500	238.913741
18.525000	234.887878
18.367500	230.826107
18.210000	226.785386
18.050000	222.728957
17.887500	218.675016
17.722500	214.673392
17.547500	210.627004
17.362500	206.609273
17.162500	202.568687
16.942500	198.541809
16.687500	194.516246
16.377500	190.491900
15.950000	186.481644
14.970000	182.478375
8.552500	178.477122
6.675000	174.475684
4.595000	170.471543
3.365000	166.470758
2.657500	162.466680
2.175000	158.449079
1.820000	154.418117
1.550000	150.401717
1.337500	146.395305
1.165000	142.381188
1.022500	138.373499
0.900000	134.290940
0.795000	130.213747
0.705000	126.193741
0.625000	122.151701
0.552500	118.043945
0.487500	113.940609
0.427500	109.761069
0.372500	105.563610
0.322500	101.402028
0.000000	0.000000
& cycle # 2, chisq = 317835.914185, e = 41.025686
25.000000	443.385144
24.982500	438.748125
24.965000	434.505467
24.945000	430.113473
24.922500	425.706937
24.897500	421.412985
24.870000	417.355509
24.835000	413.085377
24.792500	409.042964
24.730000	404.928119
24.590000	400.909116
24.045000	396.888935
23.897500	392.859997
23.780000	388.796788
23.675000	384.762981
23.572500	380.665837
23.470000	376.609223
23.362500	372.564315
23.245000	368.543065
23.105000	364.488112
22.917500	360.480035
22.062500	356.477541
21.565000	352.476521
21.370000	348.427283
21.227500	344.424104
21.107500	340.353678
21.002500	336.286543
20.907500	332.229996
20.820000	328.202421
20.737500	324.167571
20.657500	320.050151
20.582500	316.022005
20.510000	311.990674
20.440000	307.988857
20.370000	303.899195
20.302500	299.890305
20.235000	295.832812
20.167500	291.739638
20.100000	287.621906
20.032500	283.490244
19.965000	279.356198
19.897500	275.233033
19.830000	271.135582
19.762500	267.079163
19.695000	263.078060
19.625000	258.999924
19.552500	254.862995
19.480000	250.822182
19.405000	246.749715
19.327500	242.663929
19.247500	238.586912
19.165000	234.545098
19.077500	230.453668
18.985000	226.360081
18.887500	222.309153
18.782500	218.246670
18.670000	214.230543
18.545000	210.170015
18.405000	206.125638
18.242500	202.089321
18.045000	198.056518
17.787500	194.027115
17.380000	190.009682
12.310000	186.003982
7.300000	182.002864
6.462500	177.980289
6.152500	173.977306
5.942500	169.964640
5.777500	165.921408
5.640000	161.849215
5.522500	157.799978
5.417500	153.707674
5.322500	149.605097
5.237500	145.600971
5.157500	141.532635
5.082500	137.442663
5.012500	133.374940
4.945000	129.217328
4.882500	125.159266
4.822500	121.074935
4.765000	116.988658
4.710000	112.923858
4.657500	108.902354
4.605000	104.743025
4.555000	100.653369
0.000000	0.000000
& cycle # 3, chisq = 339713.697420, e = 41.025686
25.000000	326.894349
24.927500	322.876836
24.850000	318.855141
24.765000	314.756606
24.672500	310.650790
24.572500	306.593438
24.462500	302.569180
24.340000	298.568934
24.197500	294.509772
24.032500	290.494905
23.832500	286.489511
23.577500	282.481171
23.227500	278.477679
22.690000	274.472020
21.837500	270.464125
20.937500	266.461525
20.285000	262.454048
19.802500	258.441364
19.415000	254.435605
19.085000	250.421819
18.790000	246.410767
18.520000	242.389049
18.267500	238.376893
18.025000	234.362208
17.790000	230.322175
17.560000	226.309109
17.330000	222.305071
17.097500	218.268800
16.860000	214.246113
16.610000	210.213422
16.347500	206.194229
16.060000	202.165792
15.732500	198.143587
15.342500	194.132899
14.800000	190.125730
9.485000	186.125712
7.822500	182.109341
7.407500	178.107296
7.125000	174.102600
6.905000	170.092269
6.722500	166.088436
6.562500	162.057670
6.420000	158.033254
6.290000	153.971309
6.172500	149.961517
6.062500	145.915831
5.960000	141.896874
5.862500	137.851633
5.770000	133.808131
5.682500	129.791512
5.597500	125.706337
5.517500	121.696431
5.440000	117.663204
5.365000	113.626337
5.292500	109.603560
5.220000	105.464689
5.150000	101.358260
0.000000	0.000000
& cycle # 4, chisq = 330772.723596, e = 41.025686
25.000000	488.494939
24.962500	484.287805
24.920000	480.200407
24.870000	476.169822
24.807500	472.113702
24.725000	468.041303
24.607500	464.029130
24.410000	460.023607
24.050000	456.023406
23.685000	451.991667
23.447500	447.982802
23.277500	443.977396
23.142500	439.959390
23.027500	435.868696
22.927500	431.790981
22.837500	427.700057
22.755000	423.591052
22.680000	419.554111
22.610000	415.532089
22.542500	411.431640
22.477500	407.288345
22.415000	403.133453
22.355000	398.993704
22.297500	394.893078
22.242500	390.854542
22.187500	386.710134
22.135000	382.664426
22.082500	378.541282
22.030000	374.351146
21.980000	370.307341
21.930000	366.219381
21.880000	362.093883
21.830000	357.936835
21.780000	353.754208
21.730000	349.552568
21.682500	345.550275
21.635000	341.544980
21.587500	337.544604
21.537500	333.347836
21.487500	329.174339
21.437500	325.032023
21.387500	320.927554
21.337500	316.866451
21.287500	312.853464
21.235000	308.696547
21.182500	304.603181
21.130000	300.579584
21.075000	296.446760
21.020000	292.406447
20.962500	288.290092
20.902500	284.120400
20.842500	280.085571
20.780000	276.030574
20.715000	271.976273
20.647500	267.943714
20.575000	263.816659
20.500000	259.774329
20.420000	255.723554
20.335000	251.721272
20.242500	247.720687
20.140000	243.710300
20.022500	239.634354
19.887500	235.600293
19.722500	231.561268
19.500000	227.528074
19.112500	223.523777
17.062500	219.519508
16.407500	215.514112
15.885000	211.507777
15.377500	207.497702
14.845000	203.484566
14.242500	199.476359
13.505000	195.470703
12.400000	191.469321
9.032500	187.466419
8.522500	183.463099
8.170000	179.437250
7.885000	175.421284
7.637500	171.380970
7.417500	167.370940
7.212500	163.368107
7.017500	159.358981
6.830000	155.339531
6.645000	151.290411
6.460000	147.237330
6.275000	143.211895
6.087500	139.201960
5.892500	135.196711
5.685000	131.184793
5.460000	127.147658
5.210000	123.131136
4.917500	119.100352
4.560000	115.093457
4.085000	111.091770
3.460000	107.087379
2.895000	103.065386
0.000000	0.000000
& cycle # 6, chisq = 346326.246548, e = 41.025686
25.000000	377.716412
24.927500	373.567307
24.862500	369.447581
24.802500	365.388540
24.745000	361.320539
24.687500	357.147367
24.632500	353.099335
24.577500	349.039125
24.522500	345.017110
24.465000	340.891733
24.407500	336.876537
24.347500	332.842163
24.282500	328.694832
24.215000	324.663404
24.140000	320.534132
24.057500	316.448909
23.962500	312.366312
23.847500	308.291197
23.695000	304.261344
23.415000	300.252066
22.195000	296.232582
21.872500	292.211865
21.630000	288.179091
21.417500	284.169864
21.217500	280.159951
21.020000	276.159429
20.817500	272.127599
20.605000	268.088533
20.375000	264.065923
20.120000	260.057508
19.822500	256.038058
19.462500	252.018656
19.007500	248.001600
18.442500	243.985653
17.830000	239.970962
17.280000	235.954149
16.822500	231.946201
16.440000	227.931512
16.105000	223.927537
15.805000	219.917898
15.520000	215.884794
15.250000	211.859136
14.985000	207.825949
14.715000	203.812396
14.440000	199.805573
14.142500	195.783362
13.802500	191.771552
13.395000	187.762617
12.775000	183.762083
9.757500	179.756813
5.150000	175.755270
3.642500	171.753864
2.832500	167.746938
0.182500	163.739865
0.010000	159.734066
0.000000	159.361299
& cycle # 1, chisq = 317915.546539, e = 42.054572
25.000000	480.990020
24.965000	476.915789
24.930000	472.751112
24.895000	468.500396
24.862500	464.491184
24.830000	460.433568
24.797500	456.329829
24.765000	452.188343
24.732500	448.022441
24.700000	443.841669
24.667500	439.650334
24.635000	435.452513
24.602500	431.255714
24.570000	427.069816
24.537500	422.903663
24.505000	418.763003
24.472500	414.651139
24.440000	410.571114
24.407500	406.527440
24.375000	402.526264
24.340000	398.272384
24.305000	394.082265
24.270000	389.960238
24.235000	385.908556
24.197500	381.647348
24.160000	377.471619
24.122500	373.385843
24.082500	369.132810
24.042500	364.993786
24.002500	360.972057
23.960000	356.828290
23.917500	352.816876
23.872500	348.712916
23.825000	344.541867
23.777500	340.538681
23.727500	336.508733
23.675000	332.480105
23.620000	328.477595
23.560000	324.356227
23.497500	320.325097
23.430000	316.264188
23.357500	312.234089
23.277500	308.170202
23.190000	304.152913
23.090000	300.059625
22.977500	296.037822
22.845000	292.020642
22.682500	287.992288
22.472500	283.965961
22.172500	279.941257
21.677500	275.931996
20.845000	271.921821
20.077500	267.920168
19.555000	263.905469
19.160000	259.877473
18.835000	255.875402
18.550000	251.870142
18.290000	247.855811
18.045000	243.847780
17.810000	239.811337
17.582500	235.810908
17.355000	231.803382
17.127500	227.797194
16.895000	223.781566
16.652500	219.778914
16.397500	215.765610
16.122500	211.735103
15.817500	207.731856
15.472500	203.715756
15.052500	199.707242
14.510000	195.698607
13.660000	191.698530
12.177500	187.689883
10.937500	183.686488
8.395000	179.685768
3.812500	175.682683
3.115000	171.665216
2.677500	167.642178
2.347500	163.630132
2.077500	159.602221
1.847500	155.560886
1.650000	151.541196
1.475000	147.495195
1.320000	143.437313
1.182500	139.408151
1.060000	135.407411
0.947500	131.325242
0.845000	127.221798
0.752500	123.139228
0.667500	119.023887
0.590000	114.934488
0.520000	110.917341
0.455000	106.877394
0.395000	102.862886
0.000000	0.000000
& cycle # 2, chisq = 316431.624928, e = 42.054572
25.000000	443.385144
24.985000	439.306420
24.967500	434.924135
24.947500	430.386551
24.927500	426.312925
24.905000	422.235553
24.877500	417.916534
24.845000	413.656541
24.805000	409.490862
24.750000	405.352199
24.652500	401.311934
24.110000	397.302778
23.947500	393.295582
23.827500	389.208621
23.725000	385.199150
23.627500	381.125187
23.532500	377.086614
23.435000	373.029771
23.332500	368.992945
23.220000	364.966910
23.087500	360.929958
22.912500	356.892949
22.555000	352.881706
21.552500	348.851032
21.340000	344.822602
21.187500	340.797567
21.062500	336.780268
20.952500	332.739002
20.852500	328.688903
20.760000	324.649761
20.672500	320.589227
20.590000	316.565172
20.510000	312.502572
20.432500	308.439877
20.357500	304.413002
20.282500	300.314676
20.210000	296.303001
20.137500	292.256678
20.065000	288.188242
19.992500	284.110429
19.920000	280.037771
19.847500	275.987002
19.775000	271.976005
19.700000	267.886694
19.625000	263.873994
19.547500	259.820307
19.467500	255.743891
19.385000	251.662854
19.300000	247.597853
19.212500	243.574355
19.120000	239.515487
19.022500	235.470827
18.917500	231.394487
18.805000	227.348148
18.682500	223.309195
18.547500	219.291136
18.392500	215.237270
18.210000	211.214767
17.982500	207.214710
17.665000	203.197698
17.037500	199.189775
12.390000	195.183140
11.510000	191.176015
7.830000	187.175448
6.465000	183.155637
6.130000	179.130024
5.910000	175.108967
5.740000	171.079239
5.600000	167.043661
5.480000	163.007735
5.372500	158.912764
5.277500	154.902075
5.190000	150.868837
5.107500	146.753425
5.032500	142.736476
4.960000	138.595206
4.892500	134.507248
4.827500	130.358301
4.767500	126.344694
4.710000	122.334265
4.652500	118.164400
4.597500	114.026952
4.545000	109.941379
4.495000	105.926030
4.445000	101.788895
0.000000	0.000000
& cycle # 3, chisq = 340657.483806, e = 42.054572
25.000000	326.894349
24.945000	322.771171
24.885000	318.711275
24.817500	314.640148
24.740000	310.529848
24.650000	306.429005
24.545000	302.405954
24.415000	298.376602
24.245000	294.338863
24.002500	290.324373
23.582500	286.316242
22.525000	282.312911
21.210000	278.311726
20.522500	274.294395
20.062500	270.288418
19.702500	266.269670
19.397500	262.265182
19.127500	258.243180
18.880000	254.227690
18.647500	250.204316
18.427500	246.191461
18.212500	242.164294
18.000000	238.123728
17.790000	234.090035
17.577500	230.056179
17.360000	226.051294
17.135000	222.050691
16.895000	218.027222
16.630000	213.997455
16.332500	209.983948
15.970000	205.975190
15.462500	201.969667
10.987500	197.969572
9.165000	193.952457
8.720000	189.936134
8.407500	185.921045
8.160000	181.911211
7.945000	177.863621
7.755000	173.845477
7.582500	169.815462
7.422500	165.775772
7.272500	161.763932
7.127500	157.694005
6.990000	153.656758
6.857500	149.608825
6.730000	145.592684
6.605000	141.569057
6.482500	137.558807
6.360000	133.483778
6.240000	129.430082
6.122500	125.414021
6.005000	121.373958
5.887500	117.329304
5.770000	113.286245
5.652500	109.240845
5.535000	105.192241
5.417500	101.151139
0.000000	0.000000
& cycle # 4, chisq = 341967.381645, e = 42.054572
25.000000	356.067415
24.680000	351.994678
24.590000	347.951654
24.517500	343.800879
24.455000	339.724501
24.397500	335.670981
24.342500	331.618593
24.287500	327.485632
24.232500	323.347676
24.177500	319.268055
24.120000	315.129481
24.060000	311.016120
23.997500	307.014637
23.927500	302.924859
23.850000	298.915264
23.757500	294.873800
23.637500	290.830445
23.445000	286.811598
22.257500	282.798391
21.410000	278.796344
20.150000	274.784095
19.882500	270.768865
19.682500	266.753664
19.510000	262.726573
19.352500	258.695349
19.202500	254.642726
19.055000	250.582059
18.907500	246.574944
18.752500	242.529085
18.587500	238.507659
18.402500	234.490472
18.175000	230.454137
17.845000	226.451204
16.222500	222.440794
15.712500	218.440612
15.365000	214.414866
15.060000	210.406018
14.742500	206.383076
14.380000	202.374869
13.802500	198.366647
11.575000	194.359567
9.030000	190.353518
7.482500	186.329684
7.262500	182.276543
7.142500	178.251138
7.055000	174.185685
6.985000	170.096451
6.925000	165.909012
6.875000	161.883127
6.830000	157.804733
6.790000	153.790271
6.752500	149.672216
6.717500	145.501153
6.685000	141.329834
6.655000	137.212218
6.627500	133.202548
6.600000	128.958729
6.575000	124.889816
6.550000	120.612763
6.527500	116.579501
6.505000	112.366453
6.482500	107.968180
6.462500	103.898652
0.000000	0.000000
& cycle # 5, chisq = 334729.709541, e = 42.054572
25.000000	377.716412
24.742500	373.646869
24.655000	369.574235
24.587500	365.544192
24.527500	361.441594
24.472500	357.353704
24.420000	353.239710
24.370000	349.203280
24.320000	345.124439
24.270000	341.067440
24.217500	336.888401
24.165000	332.843392
24.110000	328.803029
24.050000	324.684346
23.985000	320.617007
23.912500	316.603638
23.825000	312.519359
23.712500	308.488352
23.522500	304.470075
22.667500	300.465954
22.450000	296.458086
22.297500	292.388067
22.170000	288.323174
22.055000	284.256809
21.947500	280.207701
21.842500	276.120250
21.740000	272.104294
21.635000	268.057458
21.525000	263.972465
21.410000	259.947739
21.282500	255.872349
21.137500	251.840648
20.957500	247.811410
20.692500	243.796923
19.285000	239.795828
18.782500	235.776619
18.432500	231.751902
18.092500	227.746717
17.680000	223.736211
15.930000	219.732738
15.330000	215.723483
14.997500	211.697835
14.722500	207.663360
14.477500	203.643606
14.240000	199.605439
13.992500	195.574664
13.730000	191.559062
13.427500	187.541272
13.000000	183.540006
10.882500	179.537406
8.075000	175.535125
5.870000	171.534682
5.015000	167.515350
4.762500	163.476331
4.580000	159.420539
4.430000	155.373153
4.300000	151.370714
4.180000	147.327626
4.067500	143.310981
3.957500	139.250652
3.850000	135.228811
3.740000	131.140326
3.627500	127.091285
3.507500	123.053530
3.372500	119.017328
3.207500	115.006101
2.935000	110.994118
2.167500	106.944455
2.037500	102.918720
0.000000	0.000000
& cycle # 1, chisq = 313601.545252, e = 40.705002
25.000000	480.990020
24.970000	476.703918
24.940000	472.390643
24.910000	468.055054
24.880000	463.703173
24.850000	459.349221
24.820000	454.997034
24.790000	450.648608
24.760000	446.312250
24.730000	441.998361
24.700000	437.713417
24.670000	433.459868
24.640000	429.239975
24.610000	425.058557
24.580000	420.922509
24.550000	416.838417
24.520000	412.810678
24.487500	408.513269
24.455000	404.285812
24.422500	400.130520
24.390000	396.051356
24.355000	391.749306
24.320000	387.546996
24.285000	383.447793
24.247500	379.171224
24.210000	375.013609
24.172500	370.974872
24.132500	366.799566
24.092500	362.764364
24.050000	358.633705
24.005000	354.437104
23.960000	350.420046
23.912500	346.369297
23.862500	342.309942
23.810000	338.269727
23.752500	334.103514
23.692500	330.039874
23.627500	325.951664
23.557500	321.891701
23.480000	317.783629
23.395000	313.719250
23.300000	309.689405
23.190000	305.630319
23.062500	301.626825
22.905000	297.574062
22.702500	293.531786
22.425000	289.507655
22.015000	285.507005
21.450000	281.505585
20.907500	277.494918
20.492500	273.473215
20.172500	269.464958
19.907500	265.433898
19.680000	261.407738
19.475000	257.364374
19.287500	253.316013
19.115000	249.314917
18.950000	245.295128
18.790000	241.252756
18.635000	237.213661
18.482500	233.152299
18.332500	229.128928
18.182500	225.125066
18.030000	221.095425
17.875000	217.060498
17.715000	213.008913
17.547500	208.958784
17.370000	204.917845
17.180000	200.883558
16.972500	196.869199
16.732500	192.831379
16.445000	188.822031
16.060000	184.812712
15.300000	180.809616
8.092500	176.807487
6.195000	172.806332
4.810000	168.799781
3.842500	164.799141
3.142500	160.797773
2.602500	156.784289
2.175000	152.762346
1.835000	148.732665
1.565000	144.705590
1.347500	140.664908
1.170000	136.610496
1.025000	132.606499
0.902500	128.593946
0.797500	124.583288
0.705000	120.503922
0.625000	116.496578
0.552500	112.413848
0.487500	108.325062
0.427500	104.149815
0.375000	100.145905
0.000000	0.000000
& cycle # 2, chisq = 307324.100839, e = 40.705002
25.000000	443.385144
24.987500	439.304414
24.972500	434.743962
24.957500	430.534287
24.940000	426.041374
24.922500	421.965539
24.902500	417.778942
24.880000	413.624868
24.852500	409.273760
24.820000	405.037693
24.780000	400.969673
24.722500	396.915068
24.592500	392.893575
24.097500	388.830589
23.970000	384.809442
23.870000	380.705544
23.782500	376.609098
23.702500	372.578513
23.625000	368.526289
23.547500	364.440419
23.470000	360.420171
23.387500	356.299640
23.300000	352.190440
23.205000	348.123849
23.097500	344.112790
22.965000	340.096377
22.775000	336.085754
21.782500	332.073954
21.435000	328.053853
21.247500	324.048172
21.102500	320.010883
20.980000	315.989422
20.870000	311.948436
20.767500	307.854970
20.672500	303.805193
20.582500	299.765288
20.495000	295.675282
20.410000	291.579834
20.327500	287.520019
20.245000	283.403673
20.165000	279.378825
20.085000	275.337694
20.005000	271.295515
19.925000	267.269287
19.842500	263.154955
19.760000	259.102073
19.675000	255.013480
19.587500	250.915929
19.497500	246.832243
19.405000	242.782243
19.307500	238.684050
19.207500	234.676834
19.100000	230.610619
18.985000	226.557218
18.860000	222.505440
18.722500	218.459947
18.570000	214.452793
18.392500	210.410712
18.177500	206.377909
17.900000	202.361693
17.487500	198.350995
16.530000	194.349587
13.957500	190.349051
12.542500	186.339454
11.797500	182.334379
6.930000	178.330580
6.200000	174.308959
5.915000	170.272476
5.717500	166.243643
5.562500	162.214528
5.432500	158.174271
5.320000	154.163778
5.217500	150.076668
5.125000	146.015775
5.040000	141.956347
4.960000	137.837782
4.885000	133.709337
4.815000	129.622640
4.747500	125.470643
4.685000	121.443615
4.625000	117.413901
4.567500	113.401844
4.510000	109.242303
4.455000	105.125119
4.402500	101.068886
0.000000	0.000000
& cycle # 3, chisq = 326410.378143, e = 40.705002
25.000000	326.894349
24.940000	322.736208
24.877500	318.573240
24.812500	314.447051
24.745000	310.382255
24.672500	306.289739
24.595000	302.220656
24.510000	298.133331
24.417500	294.124243
24.312500	290.102993
24.190000	286.101089
24.037500	282.043950
23.832500	278.006163
23.492500	273.997857
20.970000	269.994050
20.090000	265.988365
19.675000	261.976939
19.367500	257.969878
19.112500	253.954464
18.885000	249.915582
18.677500	245.899492
18.482500	241.860154
18.295000	237.811253
18.112500	233.778010
17.932500	229.729769
17.755000	225.708960
17.575000	221.681098
17.390000	217.647394
17.200000	213.626257
17.002500	209.619493
16.790000	205.600726
16.557500	201.583685
16.300000	197.582370
15.995000	193.571753
15.607500	189.561704
15.007500	185.553656
7.987500	181.549899
7.132500	177.545368
6.722500	173.527019
6.435000	169.516748
6.207500	165.469638
6.020000	161.457825
5.855000	157.395293
5.710000	153.376573
5.577500	149.297214
5.457500	145.249004
5.347500	141.241403
5.242500	137.150956
5.145000	133.114245
5.052500	129.061693
4.965000	125.020083
4.880000	120.897411
4.800000	116.842817
4.722500	112.758297
4.647500	108.662406
4.575000	104.570183
4.505000	100.493751
0.000000	0.000000
& cycle # 4, chisq = 316160.101285, e = 40.705002
25.000000	356.067415
24.967500	351.926535
24.925000	347.835437
24.860000	343.788897
24.400000	339.778304
24.047500	335.757614
23.712500	331.756510
22.730000	327.746393
22.520000	323.700295
22.372500	319.625361
22.252500	315.604307
22.145000	311.522973
22.047500	307.500718
21.955000	303.472549
21.865000	299.414220
21.777500	295.386801
21.690000	291.327669
21.602500	287.290496
21.512500	283.220354
21.420000	279.182768
21.322500	275.138993
21.217500	271.073882
21.102500	267.015547
20.972500	262.986634
20.815000	258.965972
20.597500	254.940570
19.922500	250.939581
18.902500	246.909186
18.632500	242.876432
18.425000	238.860373
18.245000	234.819219
18.080000	230.771288
17.922500	226.730020
17.767500	222.684431
17.612500	218.641156
17.455000	214.614766
17.290000	210.597593
17.110000	206.562877
16.907500	202.518207
16.670000	198.490505
16.355000	194.474125
15.780000	190.471158
8.972500	186.468849
8.217500	182.460967
7.945000	178.439113
7.755000	174.436285
7.602500	170.374037
7.475000	166.353202
7.362500	162.324585
7.260000	158.257131
7.167500	154.254067
7.080000	150.168943
6.997500	146.046668
6.920000	141.935416
6.847500	137.884903
6.777500	133.794139
6.710000	129.690483
6.645000	125.598893
6.582500	121.541165
6.522500	117.536090
6.462500	113.426908
6.405000	109.394131
6.347500	105.271860
6.292500	101.249094
0.000000	0.000000
& cycle # 5, chisq = 330452.617685, e = 40.705002
25.000000	377.716412
24.625000	373.711479
24.517500	369.665237
24.440000	365.566283
24.375000	361.514318
24.315000	357.415522
24.257500	353.281700
24.202500	349.230265
24.147500	345.165005
24.090000	340.985995
24.032500	336.961106
23.970000	332.837127
23.902500	328.742611
23.827500	324.692825
23.737500	320.594295
23.620000	316.525204
23.415000	312.506692
22.567500	308.493632
22.360000	304.478387
22.210000	300.440036
22.082500	296.415038
21.965000	292.351516
21.852500	288.268784
21.742500	284.226185
21.630000	280.164454
21.512500	276.109997
21.385000	272.037075
21.242500	268.019994
21.067500	264.012923
20.807500	260.001412
19.552500	255.998500
19.187500	251.974715
18.957500	247.940924
18.767500	243.886808
18.597500	239.826231
18.437500	235.768722
18.280000	231.708095
18.120000	227.649949
17.955000	223.640558
17.775000	219.597534
17.567500	215.553568
17.305000	211.549035
16.862500	207.548828
15.032500	203.547166
14.502500	199.526330
14.042500	195.510521
13.492500	191.507754
11.475000	187.500798
10.425000	183.498945
7.910000	179.495318
6.180000	175.486652
5.780000	171.466688
5.612500	167.398619
5.497500	163.363615
5.407500	159.361358
5.330000	155.247987
5.262500	151.115810
5.202500	146.979945
5.147500	142.780638
5.097500	138.605005
5.052500	134.541290
5.010000	130.426783
4.970000	126.300745
4.932500	122.203156
4.897500	118.173951
4.862500	113.943379
4.830000	109.831950
4.797500	105.541987
4.767500	101.421847
0.000000	0.000000
& cycle # 1, chisq = 319154.845471, e = 41.088298
25.000000	480.990020
24.967500	476.805948
24.935000	472.577466
24.902500	468.308600
24.870000	464.010667
24.837500	459.697687
24.805000	455.371954
24.772500	451.039393
24.740000	446.712598
24.707500	442.401851
24.675000	438.111500
24.642500	433.844289
24.610000	429.605930
24.577500	425.405039
24.545000	421.249888
24.512500	417.145817
24.480000	413.095334
24.445000	408.795183
24.410000	404.562857
24.375000	400.404218
24.340000	396.325817
24.302500	392.050958
24.265000	387.877313
24.227500	383.805571
24.187500	379.574878
24.147500	375.461941
24.105000	371.224903
24.062500	367.129480
24.017500	362.950593
23.972500	358.933178
23.925000	354.864098
23.875000	350.766532
23.822500	346.666154
23.767500	342.592010
23.710000	338.573770
23.647500	334.478479
23.580000	330.358006
23.507500	326.260577
23.430000	322.237259
23.345000	318.229890
23.250000	314.218720
23.142500	310.209235
23.017500	306.165927
22.870000	302.148817
22.687500	298.099609
22.457500	294.087667
22.152500	290.070663
21.755000	286.056388
21.305000	282.053757
20.887500	278.051645
20.535000	274.035450
20.240000	270.003150
19.985000	265.965548
19.760000	261.921606
19.555000	257.879293
19.365000	253.842488
19.187500	249.822604
19.017500	245.796811
18.852500	241.776303
18.690000	237.726384
18.530000	233.672659
18.372500	229.672022
18.212500	225.656559
18.047500	221.595696
17.880000	217.573109
17.705000	213.530615
17.520000	209.512324
17.320000	205.496515
17.100000	201.475134
16.847500	197.455191
16.537500	193.443482
16.112500	189.432840
15.067500	185.431077
9.142500	181.430805
7.935000	177.424272
6.752500	173.423916
5.192500	169.423807
3.605000	165.422245
2.665000	161.409590
2.100000	157.394704
1.722500	153.381775
1.450000	149.352400
1.242500	145.299644
1.077500	141.233194
0.942500	137.152011
0.830000	133.109130
0.732500	129.011319
0.647500	124.908603
0.572500	120.814132
0.505000	116.680672
0.445000	112.605479
0.390000	108.505925
0.340000	104.438533
0.292500	100.238949
0.000000	0.000000
& cycle # 2, chisq = 313092.411105, e = 41.088298
25.000000	443.385144
24.985000	439.377973
24.967500	435.074392
24.947500	430.620572
24.925000	426.154929
24.900000	421.805720
24.872500	417.697962
24.840000	413.656185
24.797500	409.502839
24.737500	405.404895
24.612500	401.376872
24.060000	397.331368
23.907500	393.269969
23.790000	389.266223
23.682500	385.191324
23.580000	381.150059
23.475000	377.061473
23.365000	373.010860
23.242500	368.947390
23.095000	364.886949
22.887500	360.882148
21.865000	356.873623
21.542500	352.829624
21.365000	348.797122
21.227500	344.720586
21.112500	340.665385
21.010000	336.575762
20.917500	332.530116
20.830000	328.419581
20.747500	324.311081
20.670000	320.260844
20.595000	316.180183
20.522500	312.101746
20.452500	308.057738
20.382500	303.929255
20.315000	299.886509
20.247500	295.799191
20.180000	291.680670
20.112500	287.542281
20.045000	283.394542
19.977500	279.248609
19.910000	275.117239
19.842500	271.014816
19.775000	266.956416
19.707500	262.956325
19.637500	258.882582
19.565000	254.753999
19.492500	250.725408
19.417500	246.669324
19.340000	242.603722
19.260000	238.550013
19.177500	234.533907
19.090000	230.470980
18.997500	226.408805
18.900000	222.392629
18.795000	218.369352
18.680000	214.311683
18.555000	210.305662
18.412500	206.251340
18.247500	202.228430
18.045000	198.191515
17.780000	194.178290
17.350000	190.168932
12.242500	186.166294
7.060000	182.163288
6.422500	178.152262
6.130000	174.114803
5.927500	170.097188
5.767500	166.080858
5.632500	162.018488
5.517500	158.015623
5.415000	154.001766
5.320000	149.893435
5.235000	145.890786
5.155000	141.830310
5.080000	137.754089
5.010000	133.705412
4.942500	129.572452
4.880000	125.543226
4.820000	121.492419
4.762500	117.443946
4.707500	113.420729
4.652500	109.251354
4.600000	105.135650
4.550000	101.092426
0.000000	0.000000
& cycle # 3, chisq = 332627.763305, e = 41.088298
25.000000	326.894349
24.935000	322.763533
24.867500	318.737425
24.795000	314.708984
24.715000	310.596483
24.627500	306.487427
24.532500	302.450206
24.425000	298.388462
24.302500	294.345298
24.157500	290.295688
23.980000	286.261118
23.747500	282.242091
23.402500	278.232922
22.727500	274.232578
21.307500	270.227489
20.432500	266.220938
19.915000	262.214115
19.530000	258.193067
19.212500	254.177896
18.935000	250.161022
18.682500	246.152111
18.447500	242.122396
18.222500	238.079482
18.005000	234.045897
17.792500	229.998426
17.582500	225.976610
17.370000	221.953290
17.155000	217.935153
16.932500	213.894749
16.697500	209.863932
16.447500	205.848273
16.175000	201.839597
15.860000	197.832986
15.480000	193.821377
14.940000	189.816146
8.997500	185.816021
7.637500	181.802409
7.220000	177.800813
6.932500	173.761217
6.710000	169.731596
6.522500	165.681873
6.360000	161.640351
6.215000	157.569093
6.085000	153.529827
5.965000	149.476439
5.852500	145.391627
5.747500	141.320014
5.650000	137.302965
5.557500	133.274777
5.470000	129.270119
5.385000	125.203877
5.302500	121.096376
5.225000	117.095505
5.150000	113.091235
5.075000	108.953647
5.002500	104.824699
4.932500	100.717274
0.000000	0.000000
& cycle # 4, chisq = 322930.902208, e = 41.088298
25.000000	356.067415
24.757500	352.057471
24.480000	348.024459
24.245000	343.982106
24.057500	339.922697
23.902500	335.873151
23.770000	331.862562
23.650000	327.812418
23.540000	323.772515
23.437500	319.747336
23.340000	315.730699
23.245000	311.685406
23.152500	307.652404
23.060000	303.561496
22.967500	299.462035
22.875000	295.404865
22.780000	291.322373
22.682500	287.256310
22.580000	283.163687
22.472500	279.131124
22.355000	275.081979
22.225000	271.074000
22.072500	267.046073
21.877500	263.013901
21.567500	258.998296
20.110000	254.985477
19.710000	250.974778
19.430000	246.935892
19.187500	242.933358
18.955000	238.919446
18.717500	234.901884
18.452500	230.874790
18.125000	226.872116
17.500000	222.869814
15.717500	218.851261
15.300000	214.825594
14.970000	210.822020
14.670000	206.812008
14.357500	202.781381
14.015000	198.772653
13.545000	194.768807
9.610000	190.768204
8.820000	186.742189
8.577500	182.731263
8.412500	178.679626
8.285000	174.634725
8.180000	170.631197
8.087500	166.560437
8.005000	162.469869
7.930000	158.349186
7.862500	154.292093
7.800000	150.224287
7.742500	146.205052
7.687500	142.102975
7.635000	137.945721
7.585000	133.762429
7.537500	129.582865
7.492500	125.436632
7.450000	121.352572
7.407500	117.103867
7.367500	112.953468
7.330000	108.927754
7.292500	104.770384
7.257500	100.770121
0.000000	0.000000
& cycle # 5, chisq = 342485.374221, e = 41.088298
25.000000	377.716412
24.965000	373.411144
24.932500	369.406935
24.900000	365.406782
24.865000	361.124991
24.830000	356.891380
24.795000	352.714822
24.760000	348.610514
24.725000	344.597845
24.687500	340.414408
24.650000	336.358366
24.610000	332.182677
24.570000	328.177965
24.527500	324.125261
24.482500	320.069052
24.435000	316.051545
24.382500	311.930924
24.325000	307.812009
24.262500	303.802741
24.190000	299.738390
24.105000	295.728656
23.995000	291.665253
23.832500	287.637765
22.792500	283.633327
22.015000	279.620562
20.307500	275.616234
19.927500	271.585505
19.687500	267.562836
19.492500	263.516937
19.322500	259.481630
19.167500	255.458032
19.020000	251.419853
18.877500	247.412253
18.735000	243.363617
18.592500	239.332436
18.447500	235.328095
18.295000	231.321077
18.130000	227.306934
17.945000	223.260840
17.730000	219.244924
17.447500	215.237647
16.915000	211.232462
15.080000	207.221654
14.620000	203.217121
14.262500	199.209885
13.917500	195.193976
13.570000	191.187829
13.147500	187.186692
12.535000	183.185227
7.135000	179.182474
4.960000	175.177883
4.670000	171.142601
4.492500	167.085008
4.360000	163.051516
4.252500	159.051118
4.160000	155.043461
4.077500	151.004601
4.002500	146.936118
3.932500	142.783312
3.870000	138.774059
3.810000	134.649414
3.755000	130.626519
3.702500	126.568716
3.652500	122.506539
3.605000	118.470179
3.557500	114.262888
3.512500	110.121113
3.470000	106.071522
3.427500	101.889042
0.000000	0.000000
& cycle # 1, chisq = 310424.176932, e = 41.447926
25.000000	480.990020
24.967500	476.872723
24.935000	472.678280
24.902500	468.411727
24.870000	464.085489
24.840000	460.052516
24.810000	455.984495
24.780000	451.886283
24.750000	447.768572
24.720000	443.641860
24.690000	439.512150
24.660000	435.382606
24.630000	431.257432
24.600000	427.143575
24.570000	423.049385
24.540000	418.982174
24.510000	414.946842
24.480000	410.946297
24.447500	406.654462
24.415000	402.410607
24.382500	398.220753
24.350000	394.091684
24.317500	390.029384
24.282500	385.733962
24.247500	381.523501
24.212500	377.399485
24.177500	373.363649
24.140000	369.140680
24.102500	365.027022
24.062500	360.764987
24.022500	356.636801
23.980000	352.398710
23.937500	348.312157
23.892500	344.148303
23.845000	339.933941
23.797500	335.906070
23.747500	331.869251
23.695000	327.854280
23.637500	323.714171
23.577500	319.669310
23.512500	315.589956
23.442500	311.535356
23.365000	307.442606
23.280000	303.409192
23.182500	299.319388
23.070000	295.235584
22.937500	291.205949
22.772500	287.203184
22.550000	283.187876
22.205000	279.177096
21.532500	275.176826
20.570000	271.172805
19.965000	267.158759
19.562500	263.134356
19.250000	259.105110
18.987500	255.064795
18.755000	251.038345
18.542500	246.989293
18.345000	242.962344
18.155000	238.920747
17.972500	234.905268
17.795000	230.900065
17.617500	226.867539
17.437500	222.814074
17.257500	218.812926
17.072500	214.780291
16.880000	210.749798
16.675000	206.710910
16.457500	202.706071
16.220000	198.699502
15.947500	194.692060
15.622500	190.670821
15.197500	186.662655
14.490000	182.659138
6.917500	178.659031
4.765000	174.656245
3.925000	170.655250
3.337500	166.642168
2.862500	162.629281
2.455000	158.609241
2.100000	154.580939
1.795000	150.563899
1.537500	146.549309
1.322500	142.533257
1.142500	138.492943
0.992500	134.451860
0.865000	130.383110
0.757500	126.363576
0.662500	122.250527
0.580000	118.172647
0.507500	114.117246
0.442500	110.047588
0.382500	105.882754
0.330000	101.868147
0.000000	0.000000
& cycle # 2, chisq = 307402.256525, e = 41.447926
25.000000	443.385144
24.985000	438.635086
24.970000	434.237006
24.955000	430.175268
24.937500	425.836553
24.917500	421.364613
24.895000	416.904367
24.870000	412.598275
24.842500	408.572096
24.807500	404.385774
24.762500	400.303649
24.692500	396.228894
24.242500	392.226050
24.037500	388.207721
23.920000	384.168145
23.822500	380.059531
23.735000	375.952007
23.652500	371.843982
23.572500	367.764736
23.492500	363.704261
23.410000	359.632293
23.322500	355.527342
23.230000	351.516092
23.125000	347.472168
23.000000	343.448338
22.832500	339.420391
22.477500	335.415422
21.477500	331.382501
21.260000	327.362631
21.102500	323.344706
20.970000	319.265474
20.855000	315.256045
20.750000	311.252320
20.650000	307.162108
20.555000	303.052610
20.465000	298.989069
20.377500	294.913198
20.292500	290.866977
20.207500	286.761698
20.125000	282.740576
20.042500	278.699988
19.960000	274.656983
19.877500	270.631632
19.792500	266.526882
19.707500	262.489940
19.620000	258.426931
19.530000	254.362114
19.437500	250.315951
19.342500	246.308421
19.242500	242.265076
19.137500	238.232479
19.025000	234.176430
18.905000	230.165757
18.772500	226.111277
18.627500	222.104288
18.462500	218.077556
18.267500	214.043470
18.025000	210.022013
17.697500	206.013679
17.135000	202.006013
15.052500	198.004004
13.237500	194.003023
12.235000	189.989041
11.525000	185.984970
6.852500	181.981655
6.210000	177.978741
5.925000	173.944520
5.725000	169.908007
5.567500	165.868804
5.435000	161.808055
5.320000	157.764249
5.217500	153.735363
5.122500	149.625051
5.037500	145.624123
4.957500	141.568457
4.882500	137.505925
4.812500	133.486760
4.745000	129.405234
4.680000	125.286104
4.617500	121.152029
4.557500	117.023446
4.500000	112.919259
4.445000	108.857726
4.392500	104.857099
4.340000	100.736921
0.000000	0.000000
& cycle # 3, chisq = 328000.749104, e = 41.447926
25.000000	326.894349
24.932500	322.741893
24.865000	318.668072
24.795000	314.565477
24.722500	310.468946
24.647500	306.432132
24.567500	302.362684
24.482500	298.343664
24.390000	294.329810
24.285000	290.243710
24.165000	286.186016
24.022500	282.165825
23.837500	278.144448
23.555000	274.143201
20.650000	270.141112
19.700000	266.131643
19.295000	262.130706
18.997500	258.116206
18.747500	254.092659
18.527500	250.071106
18.325000	246.038529
18.132500	241.990823
17.950000	237.986233
17.772500	233.973011
17.595000	229.923622
17.417500	225.900960
17.237500	221.867721
17.055000	217.861259
16.862500	213.813639
16.657500	209.771054
16.437500	205.737935
16.195000	201.713554
15.912500	197.705150
15.565000	193.688023
15.062500	189.678376
8.920000	185.677116
7.142500	181.670164
6.545000	177.660898
6.147500	173.638493
5.845000	169.612309
5.597500	165.584780
5.387500	161.540104
5.205000	157.529610
5.040000	153.465674
4.892500	149.431447
4.757500	145.387894
4.632500	141.341519
4.515000	137.261242
4.405000	133.177830
4.302500	129.127561
4.205000	125.050429
4.112500	120.981901
4.025000	116.954288
3.940000	112.870807
3.860000	108.866282
3.782500	104.831342
3.707500	100.778224
0.000000	0.000000
& cycle # 4, chisq = 315655.356421, e = 41.447926
25.000000	356.067415
24.690000	352.023925
24.602500	347.909156
24.535000	343.880232
24.475000	339.833689
24.417500	335.667990
24.362500	331.532910
24.307500	327.360108
24.252500	323.242945
24.195000	319.079162
24.135000	314.964958
24.070000	310.856790
23.997500	306.783661
23.912500	302.749324
23.802500	298.724606
23.615000	294.707753
22.767500	290.697053
22.540000	286.670713
22.372500	282.608230
22.225000	278.552716
22.082500	274.484956
21.937500	270.427541
21.780000	266.369446
21.592500	262.323308
21.325000	258.321627
20.040000	254.313618
19.645000	250.282160
19.382500	246.259372
19.155000	242.233653
18.932500	238.194834
18.697500	234.189675
18.420000	230.174539
17.990000	226.168474
16.077500	222.156817
15.317500	218.147243
13.115000	214.141013
12.345000	210.136830
11.012500	206.127442
10.730000	202.096294
10.580000	198.034635
10.472500	194.011709
10.385000	189.917331
10.312500	185.899221
10.247500	181.776256
10.190000	177.696929
10.137500	173.604744
10.090000	169.591524
10.045000	165.511040
10.002500	161.403520
9.962500	157.308282
9.925000	153.263428
9.887500	149.016158
9.852500	144.866320
9.820000	140.849757
9.787500	136.673769
9.755000	132.336205
9.725000	128.187195
9.695000	123.897523
9.667500	119.840847
9.640000	115.664511
9.612500	111.368197
9.587500	107.358313
9.562500	103.249443
0.000000	0.000000
& cycle # 5, chisq = 385924.217523, e = 41.447926
25.000000	377.716412
24.967500	373.680758
24.935000	369.638812
24.902500	365.601386
24.870000	361.585790
24.835000	357.307448
24.800000	353.085853
24.765000	348.934767
24.730000	344.873756
24.692500	340.638127
24.655000	336.529882
24.615000	332.297774
24.575000	328.235494
24.532500	324.121055
24.487500	319.999868
24.440000	315.914397
24.390000	311.910842
24.335000	307.866634
24.272500	303.731032
24.202500	299.660630
24.120000	295.581297
24.017500	291.525924
23.875000	287.519566
23.565000	283.514094
22.075000	279.506923
20.342500	275.497282
19.990000	271.475966
19.760000	267.465739
19.572500	263.437570
19.407500	259.396033
19.257500	255.368795
19.115000	251.305033
18.977500	247.250162
18.842500	243.211588
18.707500	239.167434
18.570000	235.097301
18.430000	231.079022
18.282500	227.070462
18.122500	223.054925
17.945000	219.051038
17.737500	215.040384
17.467500	211.027068
17.000000	207.023633
15.055000	203.015257
14.507500	199.005085
14.050000	194.984857
13.560000	190.979749
12.775000	186.977610
10.415000	182.972669
8.890000	178.972568
5.110000	174.961518
4.752500	170.958472
4.562500	166.915406
4.425000	162.871566
4.315000	158.833380
4.222500	154.824585
4.140000	150.745436
4.065000	146.605197
3.997500	142.512236
3.935000	138.400049
3.877500	134.333016
3.822500	130.180678
3.772500	126.178738
3.725000	122.174173
3.677500	117.971286
3.632500	113.807047
3.590000	109.712050
3.547500	105.460827
3.507500	101.318101
0.000000	0.000000
& cycle # 1, chisq = 311123.763883, e = 41.272290
25.000000	480.990020
24.970000	476.656479
24.940000	472.304305
24.912500	468.302421
24.885000	464.292299
24.857500	460.285495
24.827500	455.922934
24.797500	451.569994
24.767500	447.233065
24.737500	442.922366
24.707500	438.645251
24.677500	434.404515
24.647500	430.201744
24.617500	426.040692
24.587500	421.927572
24.557500	417.868927
24.525000	413.538912
24.492500	409.281079
24.460000	405.096495
24.427500	400.986772
24.395000	396.955246
24.360000	392.706318
24.325000	388.558802
24.290000	384.516031
24.252500	380.301664
24.215000	376.207746
24.175000	371.973003
24.135000	367.875732
24.092500	363.676034
24.050000	359.637591
24.005000	355.537960
23.957500	351.404053
23.907500	347.260689
23.855000	343.133072
23.800000	339.049415
23.742500	335.040359
23.680000	330.977771
23.612500	326.919198
23.540000	322.914783
23.460000	318.893660
23.370000	314.839895
23.267500	310.784932
23.150000	306.783464
23.007500	302.719814
22.830000	298.680944
22.595000	294.650962
22.257500	290.628601
21.760000	286.627420
21.177500	282.623530
20.700000	278.619924
20.337500	274.604243
20.047500	270.603286
19.802500	266.580781
19.587500	262.573316
19.392500	258.571120
19.212500	254.562364
19.042500	250.540340
18.880000	246.534087
18.722500	242.521727
18.567500	238.464817
18.415000	234.413492
18.262500	230.361694
18.110000	226.345448
17.955000	222.314633
17.797500	218.302629
17.632500	214.254168
17.460000	210.248733
17.275000	206.225715
17.075000	202.209913
16.850000	198.191372
16.585000	194.187651
16.252500	190.186618
15.735000	186.179374
9.827500	182.178810
7.625000	178.176918
6.047500	174.175470
4.475000	170.174147
3.387500	166.168525
2.697500	162.159352
2.222500	158.154992
1.872500	154.139697
1.605000	150.134290
1.392500	146.129976
1.217500	142.071722
1.072500	138.037288
0.950000	134.015905
0.842500	129.935169
0.750000	125.915809
0.667500	121.867620
0.592500	117.758635
0.525000	113.652553
0.465000	109.634967
0.410000	105.621871
0.357500	101.463969
0.000000	0.000000
& cycle # 2, chisq = 311300.990739, e = 41.272290
25.000000	443.385144
24.985000	438.914461
24.970000	434.774213
24.952500	430.342081
24.935000	426.311557
24.915000	422.157227
24.892500	418.014585
24.865000	413.649194
24.832500	409.368724
24.792500	405.215248
24.737500	401.145094
24.632500	397.115388
24.105000	393.072968
23.957500	389.016364
23.847500	384.943347
23.752500	380.915043
23.662500	376.818782
23.575000	372.722936
23.487500	368.654824
23.397500	364.615561
23.302500	360.612543
23.197500	356.611589
23.072500	352.555736
22.910000	348.513564
22.615000	344.495882
21.575000	340.468166
21.350000	336.458094
21.192500	332.447863
21.062500	328.378782
20.950000	324.335717
20.847500	320.269028
20.752500	316.202495
20.662500	312.107329
20.577500	308.043047
20.495000	303.939153
20.415000	299.836287
20.337500	295.771761
20.260000	291.642181
20.185000	287.602237
20.110000	283.534112
20.035000	279.450991
19.960000	275.367000
19.885000	271.298599
19.810000	267.264305
19.732500	263.151275
19.655000	259.112931
19.575000	255.037293
19.492500	250.943811
19.407500	246.850613
19.320000	242.777398
19.230000	238.748472
19.135000	234.689184
19.035000	230.648832
18.927500	226.583902
18.812500	222.554533
18.687500	218.536772
18.547500	214.471776
18.390000	210.446201
18.205000	206.441542
17.975000	202.430042
17.662500	198.408107
17.120000	194.406699
13.900000	190.404863
12.012500	186.400092
6.942500	182.396500
6.252500	178.381472
5.970000	174.378537
5.772500	170.358259
5.617500	166.339302
5.487500	162.297101
5.375000	158.269333
5.275000	154.258924
5.182500	150.172683
5.097500	146.082238
5.020000	142.059392
4.947500	138.034484
4.877500	133.904773
4.812500	129.855656
4.750000	125.769167
4.690000	121.669767
4.632500	117.580075
4.577500	113.520761
4.525000	109.510977
4.472500	105.368692
4.422500	101.300215
0.000000	0.000000
& cycle # 3, chisq = 329036.187717, e = 41.272290
25.000000	326.894349
24.942500	322.715134
24.885000	318.640237
24.825000	314.530138
24.762500	310.417009
24.697500	306.352683
24.627500	302.234017
24.552500	298.131483
24.470000	294.016125
24.380000	289.990681
24.275000	285.910111
24.150000	281.878574
23.987500	277.854006
23.732500	273.847044
20.392500	269.842874
19.575000	265.822421
19.210000	261.790409
18.937500	257.761937
18.707500	253.744510
18.502500	249.707855
18.312500	245.661136
18.132500	241.630268
17.960000	237.614292
17.792500	233.607587
17.625000	229.568062
17.457500	225.558842
17.287500	221.542835
17.112500	217.486176
16.932500	213.462625
16.742500	209.453067
16.537500	205.410546
16.317500	201.400324
16.070000	197.389480
15.780000	193.385008
15.425000	189.380546
14.920000	185.379355
13.850000	181.377971
5.175000	177.372760
4.485000	173.365311
4.172500	169.353992
3.955000	165.347452
3.782500	161.305071
3.640000	157.293953
3.515000	153.238783
3.405000	149.233921
3.305000	145.213756
3.212500	141.152377
3.127500	137.119962
3.047500	133.060637
2.972500	129.023304
2.900000	124.906056
2.832500	120.879333
2.767500	116.821230
2.705000	112.750031
2.645000	108.686613
2.587500	104.653392
2.530000	100.488576
0.000000	0.000000
& cycle # 4, chisq = 305161.962822, e = 41.272290
25.000000	356.067415
24.932500	351.971782
24.522500	347.963306
24.385000	343.945737
24.290000	339.926964
24.207500	335.864670
24.130000	331.784198
24.055000	327.760594
23.977500	323.675567
23.895000	319.567029
23.805000	315.521889
23.700000	311.507052
23.560000	307.449261
23.280000	303.448175
22.392500	299.446243
22.180000	295.408135
22.020000	291.400905
21.877500	287.342322
21.745000	283.320146
21.615000	279.291424
21.482500	275.268480
21.340000	271.210401
21.182500	267.203145
20.990000	263.160724
20.705000	259.142224
19.375000	255.138934
19.000000	251.112991
18.760000	247.065825
18.562500	243.045098
18.382500	238.991149
18.212500	234.943095
18.045000	230.898944
17.872500	226.845953
17.690000	222.816691
17.487500	218.777938
17.245000	214.744524
16.900000	210.735299
15.117500	206.735168
14.400000	202.726656
13.860000	198.710003
13.050000	194.704351
10.495000	190.696846
8.625000	186.694175
8.090000	182.664439
7.872500	178.620134
7.720000	174.571343
7.600000	170.551951
7.497500	166.484206
7.407500	162.406587
7.327500	158.370626
7.255000	154.367251
7.187500	150.334349
7.125000	146.328992
7.065000	142.231899
7.007500	138.069411
6.955000	134.064911
6.902500	129.865319
6.852500	125.685325
6.805000	121.553166
6.760000	117.495788
6.715000	113.301870
6.672500	109.217663
6.630000	105.015577
6.590000	100.954483
0.000000	0.000000
& cycle # 5, chisq = 333052.839348, e = 41.272290
25.000000	377.716412
24.975000	373.522828
24.950000	369.433074
24.922500	365.060960
24.895000	360.818559
24.867500	356.714997
24.837500	352.402078
24.807500	348.257027
24.775000	343.956022
24.742500	339.858048
24.707500	335.675793
24.670000	331.456278
24.630000	327.245644
24.587500	323.096354
24.542500	319.065460
24.492500	315.011635
24.435000	310.871648
24.370000	306.822626
24.292500	302.814252
24.190000	298.729397
24.035000	294.697485
23.020000	290.690421
22.457500	286.682617
21.857500	282.682196
20.365000	278.677031
20.062500	274.675850
19.845000	270.623987
19.665000	266.598458
19.502500	262.542772
19.352500	258.510823
19.210000	254.490852
19.070000	250.450023
18.930000	246.410442
18.787500	242.371884
18.640000	238.328010
18.485000	234.304629
18.315000	230.268252
18.120000	226.226884
17.882500	222.199653
17.540000	218.184067
15.767500	214.176721
15.137500	210.165577
14.727500	206.142562
14.365000	202.122518
13.982500	198.116889
13.522500	194.102211
11.960000	190.100728
10.560000	186.098708
9.527500	182.093213
5.570000	178.092257
4.902500	174.072150
4.682500	170.037283
4.530000	165.985414
4.410000	161.932449
4.310000	157.899686
4.222500	153.846529
4.145000	149.831014
4.072500	145.702703
4.007500	141.688460
3.945000	137.542743
3.887500	133.475620
3.832500	129.354491
3.780000	125.208258
3.730000	121.066681
3.682500	116.959673
3.637500	112.916416
3.592500	108.728148
3.550000	104.642673
3.507500	100.434195
0.000000	0.000000
& cycle # 1, chisq = 318046.118886, e = 41.744521
25.000000	480.990020
24.965000	476.951630
24.930000	472.812789
24.895000	468.578346
24.862500	464.576082
24.830000	460.517960
24.797500	456.406679
24.765000	452.251040
24.732500	448.064821
24.700000	443.858017
24.667500	439.635375
24.635000	435.401400
24.602500	431.164039
24.570000	426.933616
24.537500	422.719417
24.505000	418.527601
24.472500	414.361859
24.440000	410.225605
24.407500	406.123721
24.375000	402.062718
24.342500	398.049554
24.307500	393.787901
24.272500	389.593426
24.237500	385.468834
24.202500	381.416031
24.165000	377.156290
24.127500	372.986504
24.090000	368.912298
24.050000	364.677629
24.010000	360.561689
23.967500	356.320169
23.925000	352.213861
23.880000	348.012634
23.835000	343.962914
23.787500	339.855124
23.737500	335.719372
23.685000	331.585361
23.630000	327.479642
23.572500	323.425288
23.510000	319.284156
23.445000	315.263187
23.375000	311.252364
23.297500	307.185666
23.212500	303.148703
23.117500	299.115180
23.010000	295.108467
22.882500	291.058963
22.727500	287.021541
22.530000	283.010749
22.250000	278.996242
21.787500	274.996042
20.940000	270.994167
20.112500	266.993882
19.575000	262.983691
19.180000	258.973307
18.857500	254.965480
18.575000	250.931686
18.320000	246.902224
18.080000	242.867646
17.852500	238.841531
17.632500	234.829583
17.412500	230.796468
17.192500	226.758907
16.970000	222.718623
16.740000	218.698894
16.500000	214.696598
16.245000	210.673302
15.965000	206.661853
15.650000	202.633512
15.282500	198.609505
14.822500	194.602972
14.165000	190.594778
12.792500	186.591561
11.350000	182.588841
8.260000	178.588182
3.982500	174.585761
3.277500	170.569251
2.822500	166.560851
2.470000	162.536989
2.177500	158.508987
1.927500	154.481390
1.710000	150.453365
1.520000	146.453332
1.350000	142.394658
1.200000	138.351993
1.067500	134.337272
0.947500	130.252290
0.840000	126.170635
0.745000	122.152921
0.657500	118.055195
0.577500	113.929169
0.505000	109.817068
0.440000	105.790135
0.380000	101.759195
0.000000	0.000000
& cycle # 2, chisq = 311913.949409, e = 41.744521
25.000000	443.385144
24.982500	439.015195
24.962500	434.474978
24.942500	430.391092
24.920000	426.294615
24.892500	421.936359
24.862500	417.917268
24.825000	413.835523
24.775000	409.747140
24.695000	405.678842
24.172500	401.661439
23.962500	397.659706
23.825000	393.578120
23.707500	389.506415
23.597500	385.454222
23.487500	381.406866
23.372500	377.384279
23.245000	373.359179
23.090000	369.313991
22.865000	365.300032
21.802500	361.294273
21.510000	357.272300
21.335000	353.207841
21.200000	349.164674
21.085000	345.093429
20.982500	341.002265
20.890000	336.965529
20.802500	332.870348
20.720000	328.780558
20.642500	324.750975
20.567500	320.693583
20.495000	316.641526
20.425000	312.627074
20.355000	308.531903
20.287500	304.523909
20.220000	300.472660
20.152500	296.390372
20.085000	292.287706
20.017500	288.175167
19.950000	284.064421
19.882500	279.968913
19.815000	275.903481
19.747500	271.883134
19.677500	267.776080
19.607500	263.744508
19.535000	259.658101
19.460000	255.533666
19.385000	251.520281
19.307500	247.497441
19.227500	243.487807
19.142500	239.400577
19.055000	235.393799
18.962500	231.390637
18.862500	227.335701
18.755000	223.287748
18.637500	219.222493
18.507500	215.157367
18.360000	211.097216
18.187500	207.071899
17.975000	203.069614
17.685000	199.054062
17.152500	195.044871
11.850000	191.039342
8.232500	187.039289
6.735000	183.035373
6.357500	179.005762
6.115000	174.963548
5.932500	170.961388
5.780000	166.890094
5.650000	162.819645
5.537500	158.802336
5.435000	154.718537
5.342500	150.675761
5.257500	146.653773
5.177500	142.590317
5.102500	138.525753
5.032500	134.500767
4.965000	130.401989
4.900000	126.250405
4.840000	122.239968
4.782500	118.237542
4.725000	114.081365
4.670000	109.963627
4.617500	105.904124
4.565000	101.718782
0.000000	0.000000
& cycle # 3, chisq = 338992.853328, e = 41.744521
25.000000	326.894349
24.937500	322.777466
24.870000	318.749207
24.795000	314.735511
24.710000	310.698481
24.612500	306.658012
24.497500	302.579897
24.360000	298.514708
24.190000	294.473846
23.970000	290.461514
23.660000	286.448137
23.167500	282.444373
22.282500	278.437262
21.172500	274.426995
20.407500	270.422799
19.882500	266.416147
19.480000	262.415961
19.145000	258.397799
18.852500	254.386096
18.587500	250.359223
18.342500	246.323847
18.110000	242.300004
17.887500	238.281196
17.670000	234.241922
17.455000	230.237098
17.237500	226.201128
17.017500	222.168584
16.790000	218.168387
16.547500	214.155905
16.285000	210.122220
15.987500	206.111336
15.627500	202.094018
15.122500	198.086801
10.267500	194.086638
8.725000	190.083740
8.312500	186.075668
8.027500	182.067710
7.797500	178.049400
7.602500	174.022013
7.430000	169.975699
7.272500	165.912794
7.127500	161.866993
6.992500	157.825546
6.865000	153.764838
6.745000	149.743900
6.630000	145.731255
6.517500	141.668451
6.410000	137.661445
6.305000	133.628725
6.202500	129.582963
6.102500	125.544469
6.005000	121.536128
5.907500	117.471351
5.812500	113.462763
5.717500	109.407153
5.622500	105.304125
5.530000	101.267480
0.000000	0.000000
& cycle # 4, chisq = 335668.829136, e = 41.744521
25.000000	356.067415
24.740000	351.997084
24.655000	347.949323
24.587500	343.851929
24.527500	339.705070
24.472500	335.604924
24.420000	331.514983
24.367500	327.341356
24.315000	323.171531
24.262500	319.080758
24.207500	314.944068
24.150000	310.842117
24.087500	306.707395
24.020000	302.685252
23.942500	298.682360
23.845000	294.591447
23.710000	290.589045
22.990000	286.588898
22.515000	282.558916
22.275000	278.552244
22.055000	274.509852
21.817500	270.486145
21.480000	266.482627
20.132500	262.470802
19.792500	258.470523
19.555000	254.447138
19.350000	250.406711
19.160000	246.401532
18.970000	242.400233
18.767500	238.389372
18.537500	234.373651
18.237500	230.355529
17.445000	226.354200
15.820000	222.341876
15.125000	218.338856
12.880000	214.329675
12.167500	210.323036
10.845000	206.293326
10.620000	202.286166
10.482500	198.198413
10.380000	194.088048
10.297500	190.007377
10.227500	185.949133
10.165000	181.832312
10.110000	177.806054
10.060000	173.805840
10.012500	169.696206
9.967500	165.516622
9.925000	161.306312
9.885000	157.104011
9.847500	152.947819
9.812500	148.875066
9.777500	144.611123
9.745000	140.477042
9.712500	136.171606
9.682500	132.042856
9.652500	127.763799
9.625000	123.707896
9.597500	119.523331
9.570000	115.209381
9.545000	111.174960
9.520000	107.033132
9.495000	102.783983
0.000000	0.000000
& cycle # 5, chisq = 386855.016535, e = 41.744521
