0.000000	3.895389
0.266583	3.895389
0.266583	4.516498
0.575866	4.516498
0.575866	4.836508
0.776495	4.836508
0.776495	5.157445
1.182903	5.157445
1.182903	5.528895
1.564332	5.528895
1.564332	5.823386
1.869239	5.823386
1.869239	6.227990
2.598525	6.227990
2.598525	6.732751
3.285058	6.732751
3.285058	7.138901
3.851104	7.138901
3.851104	7.685291
5.166912	7.685291
5.166912	8.332519
6.382308	8.332519
6.382308	8.825968
7.398560	8.825968
7.398560	9.432372
9.693638	9.432372
9.693638	10.063374
11.808943	10.063374
11.808943	10.463019
13.601776	10.463019
13.601776	10.820435
17.533526	10.820435
17.533526	11.098601
20.910150	11.098601
20.910150	11.298050
23.548790	11.298050
23.548790	11.649663
28.137260	11.649663
28.137260	12.321497
30.967588	12.321497
30.967588	13.156219
32.738255	13.156219
32.738255	14.518791
35.299697	14.518791
35.299697	15.990284
36.926417	15.990284
36.926417	16.724709
38.138667	16.724709
38.138667	17.410173
40.220389	17.410173
40.220389	18.108102
41.787241	18.108102
41.787241	18.532321
43.085205	18.532321
43.085205	18.857457
45.569891	18.857457
45.569891	19.057901
47.669893	19.057901
47.669893	19.156765
49.466776	19.156765
49.466776	19.266827
52.563012	19.266827
52.563012	19.415968
54.926892	19.415968
54.926892	19.579114
56.779148	19.579114
56.779148	19.847845
59.448329	19.847845
59.448329	20.260984
61.310356	20.260984
61.310356	20.677033
62.699122	20.677033
62.699122	21.159809
64.677241	21.159809
64.677241	21.587201
66.239236	21.587201
66.239236	21.821179
67.592856	21.821179
67.592856	21.998262
69.678601	21.998262
69.678601	22.147259
71.492833	22.147259
71.492833	22.259823
73.109296	22.259823
& cycle # 1, chisq = 319475.609962, e = 41.327623
0.000000	1.099783
0.266583	1.099783
0.266583	2.067623
0.575866	2.067623
0.575866	2.609481
0.776495	2.609481
0.776495	3.137831
1.182903	3.137831
1.182903	3.730780
1.564332	3.730780
1.564332	4.186263
1.869239	4.186263
1.869239	4.790998
2.598525	4.790998
2.598525	5.519817
3.285058	5.519817
3.285058	6.087223
3.851104	6.087223
3.851104	6.826862
5.166912	6.826862
5.166912	7.679081
6.382308	7.679081
6.382308	8.314105
7.398560	8.314105
7.398560	9.080924
9.693638	9.080924
9.693638	9.869059
11.808943	9.869059
11.808943	10.363879
13.601776	10.363879
13.601776	10.802303
17.533526	10.802303
17.533526	11.136850
20.910150	11.136850
20.910150	11.369926
23.548790	11.369926
23.548790	11.772777
28.137260	11.772777
28.137260	12.532018
30.967588	12.532018
30.967588	13.462853
32.738255	13.462853
32.738255	14.950366
35.299697	14.950366
35.299697	16.490649
36.926417	16.490649
36.926417	17.190428
38.138667	17.190428
38.138667	17.781502
40.220389	17.781502
40.220389	18.362923
41.787241	18.362923
41.787241	18.712679
43.085205	18.712679
43.085205	18.979390
45.569891	18.979390
45.569891	19.144132
47.669893	19.144132
47.669893	19.226686
49.466776	19.226686
49.466776	19.320405
52.563012	19.320405
52.563012	19.448662
54.926892	19.448662
54.926892	19.589394
56.779148	19.589394
56.779148	19.821202
59.448329	19.821202
59.448329	20.177061
61.310356	20.177061
61.310356	20.534494
62.699122	20.534494
62.699122	20.947368
64.677241	20.947368
64.677241	21.309938
66.239236	21.309938
66.239236	21.505474
67.592856	21.505474
67.592856	21.650218
69.678601	21.650218
69.678601	21.769401
71.492833	21.769401
71.492833	21.858147
73.109296	21.858147
& cycle # 2, chisq = 318533.068228, e = 41.327623
0.000000	4.927447
0.266583	4.927447
0.266583	5.539876
0.575866	5.539876
0.575866	5.826333
0.776495	5.826333
0.776495	6.101151
1.182903	6.101151
1.182903	6.410251
1.564332	6.410251
1.564332	6.650163
1.869239	6.650163
1.869239	6.974536
2.598525	6.974536
2.598525	7.374905
3.285058	7.374905
3.285058	7.695303
3.851104	7.695303
3.851104	8.126627
5.166912	8.126627
5.166912	8.640954
6.382308	8.640954
6.382308	9.037651
7.398560	9.037651
7.398560	9.533430
9.693638	9.533430
9.693638	10.060197
11.808943	10.060197
11.808943	10.403259
13.601776	10.403259
13.601776	10.726721
17.533526	10.726721
17.533526	11.005411
20.910150	11.005411
20.910150	11.227351
23.548790	11.227351
23.548790	11.632647
28.137260	11.632647
28.137260	12.410993
30.967588	12.410993
30.967588	13.374271
32.738255	13.374271
32.738255	14.925974
35.299697	14.925974
35.299697	16.551538
36.926417	16.551538
36.926417	17.307003
38.138667	17.307003
38.138667	17.956334
40.220389	17.956334
40.220389	18.591191
41.787241	18.591191
41.787241	18.965046
43.085205	18.965046
43.085205	19.236964
45.569891	19.236964
45.569891	19.387230
47.669893	19.387230
47.669893	19.447220
49.466776	19.447220
49.466776	19.500717
52.563012	19.500717
52.563012	19.564372
54.926892	19.564372
54.926892	19.630043
56.779148	19.630043
56.779148	19.735047
59.448329	19.735047
59.448329	19.893146
61.310356	19.893146
61.310356	20.049271
62.699122	20.049271
62.699122	20.225869
64.677241	20.225869
64.677241	20.376043
66.239236	20.376043
66.239236	20.452605
67.592856	20.452605
67.592856	20.504931
69.678601	20.504931
69.678601	20.545001
71.492833	20.545001
71.492833	20.573701
73.109296	20.573701
& cycle # 3, chisq = 340005.101121, e = 41.327623
0.000000	4.730703
0.266583	4.730703
0.266583	5.508262
0.575866	5.508262
0.575866	5.865273
0.776495	5.865273
0.776495	6.192516
1.182903	6.192516
1.182903	6.548042
1.564332	6.548042
1.564332	6.815824
1.869239	6.815824
1.869239	7.167758
2.598525	7.167758
2.598525	7.590904
3.285058	7.590904
3.285058	7.921589
3.851104	7.921589
3.851104	8.357079
5.166912	8.357079
5.166912	8.866351
6.382308	8.866351
6.382308	9.252591
7.398560	9.252591
7.398560	9.728447
9.693638	9.728447
9.693638	10.228119
11.808943	10.228119
11.808943	10.550046
13.601776	10.550046
13.601776	10.849084
17.533526	10.849084
17.533526	11.100195
20.910150	11.100195
20.910150	11.295294
23.548790	11.295294
23.548790	11.648676
28.137260	11.648676
28.137260	12.326648
30.967588	12.326648
30.967588	13.167132
32.738255	13.167132
32.738255	14.528408
35.299697	14.528408
35.299697	15.973453
36.926417	15.973453
36.926417	16.668214
38.138667	16.668214
38.138667	17.293774
40.220389	17.293774
40.220389	17.925584
41.787241	17.925584
41.787241	18.311675
43.085205	18.311675
43.085205	18.613620
45.569891	18.613620
45.569891	18.809818
47.669893	18.809818
47.669893	18.916439
49.466776	18.916439
49.466776	19.045483
52.563012	19.045483
52.563012	19.227480
54.926892	19.227480
54.926892	19.429634
56.779148	19.429634
56.779148	19.764530
59.448329	19.764530
59.448329	20.280446
61.310356	20.280446
61.310356	20.800051
62.699122	20.800051
62.699122	21.401904
64.677241	21.401904
64.677241	21.932155
66.239236	21.932155
66.239236	22.219213
67.592856	22.219213
67.592856	22.432018
69.678601	22.432018
69.678601	22.606464
71.492833	22.606464
71.492833	22.735096
73.109296	22.735096
& cycle # 4, chisq = 325894.534112, e = 41.327623
0.000000	6.851030
0.266583	6.851030
0.266583	7.386036
0.575866	7.386036
0.575866	7.602696
0.776495	7.602696
0.776495	7.801908
1.182903	7.801908
1.182903	8.019597
1.564332	8.019597
1.564332	8.184710
1.869239	8.184710
1.869239	8.403559
2.598525	8.403559
2.598525	8.669190
3.285058	8.669190
3.285058	8.878859
3.851104	8.878859
3.851104	9.158033
5.166912	9.158033
5.166912	9.488332
6.382308	9.488332
6.382308	9.741924
7.398560	9.741924
7.398560	10.058803
9.693638	10.058803
9.693638	10.397481
11.808943	10.397481
11.808943	10.621525
13.601776	10.621525
13.601776	10.841363
17.533526	10.841363
17.533526	11.045895
20.910150	11.045895
20.910150	11.221546
23.548790	11.221546
23.548790	11.553222
28.137260	11.553222
28.137260	12.200901
30.967588	12.200901
30.967588	13.013574
32.738255	13.013574
32.738255	14.349743
35.299697	14.349743
35.299697	15.806287
36.926417	15.806287
36.926417	16.545276
38.138667	16.545276
38.138667	17.243879
40.220389	17.243879
40.220389	17.956408
41.787241	17.956408
41.787241	18.388945
43.085205	18.388945
43.085205	18.720297
45.569891	18.720297
45.569891	18.925290
47.669893	18.925290
47.669893	19.027493
49.466776	19.027493
49.466776	19.142519
52.563012	19.142519
52.563012	19.299024
54.926892	19.299024
54.926892	19.470139
56.779148	19.470139
56.779148	19.751123
59.448329	19.751123
59.448329	20.180988
61.310356	20.180988
61.310356	20.610866
62.699122	20.610866
62.699122	21.104061
64.677241	21.104061
64.677241	21.532226
66.239236	21.532226
66.239236	21.758356
67.592856	21.758356
67.592856	21.920711
69.678601	21.920711
69.678601	22.050600
71.492833	22.050600
71.492833	22.145676
73.109296	22.145676
& cycle # 5, chisq = 339455.645056, e = 41.327623
0.000000	3.967265
0.265832	3.967265
0.265832	4.578584
0.575052	4.578584
0.575052	4.893003
0.775542	4.893003
0.775542	5.208316
1.182210	5.208316
1.182210	5.573626
1.563895	5.573626
1.563895	5.863456
1.868946	5.863456
1.868946	6.262482
2.599665	6.262482
2.599665	6.761211
3.287505	6.761211
3.287505	7.163157
3.854509	7.163157
3.854509	7.705518
5.174411	7.705518
5.174411	8.349681
6.393436	8.349681
6.393436	8.841725
7.412512	8.841725
7.412512	9.447302
9.717075	9.447302
9.717075	10.075901
11.840754	10.075901
11.840754	10.471340
13.639683	10.471340
13.639683	10.828000
17.579686	10.828000
17.579686	11.124001
20.939443	11.124001
20.939443	11.352767
23.546167	11.352767
23.546167	11.752351
28.059046	11.752351
28.059046	12.475965
30.853586	12.475965
30.853586	13.305155
32.631190	13.305155
32.631190	14.531529
35.281622	14.531529
35.281622	15.805340
36.978158	15.805340
36.978158	16.543465
38.212956	16.543465
38.212956	17.352714
40.272625	17.352714
40.272625	18.154555
41.808183	18.154555
41.808183	18.581340
43.091091	18.581340
43.091091	18.877104
45.575818	18.877104
45.575818	19.062764
47.681964	19.062764
47.681964	19.164827
49.479972	19.164827
49.479972	19.286328
52.567339	19.286328
52.567339	19.453680
54.911453	19.453680
54.911453	19.635267
56.742192	19.635267
56.742192	19.927198
59.382141	19.927198
59.382141	20.356352
61.235345	20.356352
61.235345	20.758466
62.633825	20.758466
62.633825	21.178090
64.659894	21.178090
64.659894	21.500475
66.274501	21.500475
66.274501	21.649026
67.664513	21.649026
67.664513	21.747594
69.752890	21.747594
69.752890	21.832839
71.483740	21.832839
71.483740	21.909060
72.940077	21.909060
& cycle # 1, chisq = 312752.683184, e = 41.396680
0.000000	1.241853
0.265832	1.241853
0.265832	2.162292
0.575052	2.162292
0.575052	2.659192
0.775542	2.659192
0.775542	3.141151
1.182210	3.141151
1.182210	3.683907
1.563895	3.683907
1.563895	4.103789
1.868946	4.103789
1.868946	4.668225
2.599665	4.668225
2.599665	5.358782
3.287505	5.358782
3.287505	5.905298
3.854509	5.905298
3.854509	6.631706
5.174411	6.631706
5.174411	7.484681
6.393436	7.484681
6.393436	8.130989
7.412512	8.130989
7.412512	8.922285
9.717075	8.922285
9.717075	9.740729
11.840754	9.740729
11.840754	10.253791
13.639683	10.253791
13.639683	10.713236
17.579686	10.713236
17.579686	11.088006
20.939443	11.088006
20.939443	11.370800
23.546167	11.370800
23.546167	11.855108
28.059046	11.855108
28.059046	12.716550
30.853586	12.716550
30.853586	13.683554
32.631190	13.683554
32.631190	15.062457
35.281622	15.062457
35.281622	16.393554
36.978158	16.393554
36.978158	17.070246
38.212956	17.070246
38.212956	17.748083
40.272625	17.748083
40.272625	18.400696
41.808183	18.400696
41.808183	18.742344
43.091091	18.742344
43.091091	18.976097
45.575818	18.976097
45.575818	19.123493
47.681964	19.123493
47.681964	19.207140
49.479972	19.207140
49.479972	19.310166
52.567339	19.310166
52.567339	19.454679
54.911453	19.454679
54.911453	19.612718
56.742192	19.612718
56.742192	19.867624
59.382141	19.867624
59.382141	20.242847
61.235345	20.242847
61.235345	20.594549
62.633825	20.594549
62.633825	20.961380
64.659894	20.961380
64.659894	21.242701
66.274501	21.242701
66.274501	21.371679
67.664513	21.371679
67.664513	21.456359
69.752890	21.456359
69.752890	21.528736
71.483740	21.528736
71.483740	21.593053
72.940077	21.593053
& cycle # 2, chisq = 309394.367684, e = 41.396680
0.000000	4.892748
0.265832	4.892748
0.265832	5.509567
0.575052	5.509567
0.575052	5.797758
0.775542	5.797758
0.775542	6.073404
1.182210	6.073404
1.182210	6.383131
1.563895	6.383131
1.563895	6.623291
1.868946	6.623291
1.868946	6.948097
2.599665	6.948097
2.599665	7.348981
3.287505	7.348981
3.287505	7.669633
3.854509	7.669633
3.854509	8.101456
5.174411	8.101456
5.174411	8.616122
6.393436	8.616122
6.393436	9.012434
7.412512	9.012434
7.412512	9.506699
9.717075	9.506699
9.717075	10.029311
11.840754	10.029311
11.840754	10.367457
13.639683	10.367457
13.639683	10.690453
17.579686	10.690453
17.579686	10.987204
20.939443	10.987204
20.939443	11.238552
23.546167	11.238552
23.546167	11.692624
28.059046	11.692624
28.059046	12.522336
30.853586	12.522336
30.853586	13.471849
32.631190	13.471849
32.631190	14.859041
35.281622	14.859041
35.281622	16.257749
36.978158	16.257749
36.978158	17.024149
38.212956	17.024149
38.212956	17.826144
40.272625	17.826144
40.272625	18.597161
41.808183	18.597161
41.808183	18.991044
43.091091	18.991044
43.091091	19.243981
45.575818	19.243981
45.575818	19.381978
47.681964	19.381978
47.681964	19.443026
49.479972	19.443026
49.479972	19.502663
52.567339	19.502663
52.567339	19.576200
54.911453	19.576200
54.911453	19.652173
56.742192	19.652173
56.742192	19.771568
59.382141	19.771568
59.382141	19.944836
61.235345	19.944836
61.235345	20.105659
62.633825	20.105659
62.633825	20.271722
64.659894	20.271722
64.659894	20.397092
66.274501	20.397092
66.274501	20.452767
67.664513	20.452767
67.664513	20.487459
69.752890	20.487459
69.752890	20.515899
71.483740	20.515899
71.483740	20.541064
72.940077	20.541064
& cycle # 3, chisq = 329422.595267, e = 41.396680
0.000000	3.641858
0.265832	3.641858
0.265832	4.393449
0.575052	4.393449
0.575052	4.765681
0.775542	4.765681
0.775542	5.121843
1.182210	5.121843
1.182210	5.520998
1.563895	5.520998
1.563895	5.829285
1.868946	5.829285
1.868946	6.243943
2.599665	6.243943
2.599665	6.752298
3.287505	6.752298
3.287505	7.155843
3.854509	7.155843
3.854509	7.694443
5.174411	7.694443
5.174411	8.330015
6.393436	8.330015
6.393436	8.814251
7.412512	8.814251
7.412512	9.410959
9.717075	9.410959
9.717075	10.033030
11.840754	10.033030
11.840754	10.427537
13.639683	10.427537
13.639683	10.789517
17.579686	10.789517
17.579686	11.099058
20.939443	11.099058
20.939443	11.344321
23.546167	11.344321
23.546167	11.774402
28.059046	11.774402
28.059046	12.549170
30.853586	12.549170
30.853586	13.427751
32.631190	13.427751
32.631190	14.699047
35.281622	14.699047
35.281622	15.962221
36.978158	15.962221
36.978158	16.640560
38.212956	16.640560
38.212956	17.349184
40.272625	17.349184
40.272625	18.043709
41.808183	18.043709
41.808183	18.414091
43.091091	18.414091
43.091091	18.676197
45.575818	18.676197
45.575818	18.851268
47.681964	18.851268
47.681964	18.957886
49.479972	18.957886
49.479972	19.095563
52.567339	19.095563
52.567339	19.292824
54.911453	19.292824
54.911453	19.510369
56.742192	19.510369
56.742192	19.862457
59.382141	19.862457
59.382141	20.381450
61.235345	20.381450
61.235345	20.868037
62.633825	20.868037
62.633825	21.375120
64.659894	21.375120
64.659894	21.762854
66.274501	21.762854
66.274501	21.939038
67.664513	21.939038
67.664513	22.052287
69.752890	22.052287
69.752890	22.146421
71.483740	22.146421
71.483740	22.228462
72.940077	22.228462
& cycle # 4, chisq = 311145.414225, e = 41.396680
0.000000	10.141478
0.265832	10.141478
0.265832	10.458463
0.575052	10.458463
0.575052	10.542574
0.775542	10.542574
0.775542	10.617004
1.182210	10.617004
1.182210	10.696037
1.563895	10.696037
1.563895	10.754402
1.868946	10.754402
1.868946	10.829839
2.599665	10.829839
2.599665	10.919210
3.287505	10.919210
3.287505	10.988194
3.854509	10.988194
3.854509	11.078349
5.174411	11.078349
5.174411	11.183466
6.393436	11.183466
6.393436	11.263421
7.412512	11.263421
7.412512	11.363425
9.717075	11.363425
9.717075	11.471866
11.840754	11.471866
11.840754	11.546445
13.639683	11.546445
13.639683	11.628374
17.579686	11.628374
17.579686	11.722028
20.939443	11.722028
20.939443	11.816637
23.546167	11.816637
23.546167	12.004540
28.059046	12.004540
28.059046	12.374260
30.853586	12.374260
30.853586	12.833080
32.631190	12.833080
32.631190	13.599868
35.281622	13.599868
35.281622	14.572979
36.978158	14.572979
36.978158	15.307139
38.212956	15.307139
38.212956	16.239184
40.272625	16.239184
40.272625	17.218107
41.808183	17.218107
41.808183	17.768087
43.091091	17.768087
43.091091	18.175809
45.575818	18.175809
45.575818	18.448584
47.681964	18.448584
47.681964	18.603116
49.479972	18.603116
49.479972	18.784982
52.567339	18.784982
52.567339	19.029982
54.911453	19.029982
54.911453	19.290943
56.742192	19.290943
56.742192	19.704702
59.382141	19.704702
59.382141	20.305997
61.235345	20.305997
61.235345	20.862627
62.633825	20.862627
62.633825	21.433004
64.659894	21.433004
64.659894	21.855869
66.274501	21.855869
66.274501	22.034657
67.664513	22.034657
67.664513	22.133806
69.752890	22.133806
69.752890	22.202914
71.483740	22.202914
71.483740	22.257973
72.940077	22.257973
& cycle # 5, chisq = 403905.389826, e = 41.396680
0.000000	4.225000
0.263721	4.225000
0.263721	4.817002
0.571458	4.817002
0.571458	5.120233
0.770869	5.120233
0.770869	5.425348
1.176000	5.425348
1.176000	5.779179
1.556254	5.779179
1.556254	6.059770
1.860090	6.059770
1.860090	6.446009
2.589208	6.446009
2.589208	6.927939
3.275492	6.927939
3.275492	7.315146
3.841069	7.315146
3.841069	7.836067
5.159898	7.836067
5.159898	8.452149
6.377749	8.452149
6.377749	8.920399
7.395588	8.920399
7.395588	9.494719
9.701111	9.494719
9.701111	10.089336
11.825354	10.089336
11.825354	10.462743
13.624451	10.462743
13.624451	10.799144
17.572352	10.799144
17.572352	11.077811
20.939737	11.077811
20.939737	11.293881
23.552324	11.293881
23.552324	11.674518
28.080303	11.674518
28.080303	12.369623
30.879401	12.369623
30.879401	13.171984
32.656928	13.171984
32.656928	14.368315
35.307030	14.368315
35.307030	15.626250
37.000637	15.626250
37.000637	16.374772
38.231144	16.374772
38.231144	17.217180
40.281501	17.217180
40.281501	18.060871
41.807278	18.060871
41.807278	18.512332
43.081777	18.512332
43.081777	18.828585
45.555728	18.828585
45.555728	19.027922
47.656446	19.027922
47.656446	19.134312
49.454398	19.134312
49.454398	19.255446
52.558106	19.255446
52.558106	19.418679
54.923940	19.418679
54.923940	19.595772
56.775148	19.595772
56.775148	19.885392
59.444157	19.885392
59.444157	20.326186
61.302252	20.326186
61.302252	20.762271
62.687109	20.762271
62.687109	21.252110
64.665045	21.252110
64.665045	21.657567
66.229199	21.657567
66.229199	21.848849
67.585894	21.848849
67.585894	21.958032
69.675760	21.958032
69.675760	22.021845
71.475111	22.021845
71.475111	22.059914
73.048510	22.059914
& cycle # 1, chisq = 314828.553193, e = 41.480004
0.000000	1.131990
0.263721	1.131990
0.263721	2.216508
0.571458	2.216508
0.571458	2.847802
0.770869	2.847802
0.770869	3.463424
1.176000	3.463424
1.176000	4.145979
1.556254	4.145979
1.556254	4.659357
1.860090	4.659357
1.860090	5.321556
2.589208	5.321556
2.589208	6.090085
3.275492	6.090085
3.275492	6.662835
3.841069	6.662835
3.841069	7.375753
5.159898	7.375753
5.159898	8.159567
6.377749	8.159567
6.377749	8.718394
7.395588	8.718394
7.395588	9.369953
9.701111	9.369953
9.701111	10.022102
11.825354	10.022102
11.825354	10.424791
13.624451	10.424791
13.624451	10.788156
17.572352	10.788156
17.572352	11.094304
20.939737	11.094304
20.939737	11.336546
23.552324	11.336546
23.552324	11.766354
28.080303	11.766354
28.080303	12.549074
30.879401	12.549074
30.879401	13.443541
32.656928	13.443541
32.656928	14.745630
35.307030	14.745630
35.307030	16.047819
37.000637	16.047819
37.000637	16.758595
38.231144	16.758595
38.231144	17.513157
40.281501	17.513157
40.281501	18.251135
41.807278	18.251135
41.807278	18.637983
43.081777	18.637983
43.081777	18.903377
45.555728	18.903377
45.555728	19.069712
47.656446	19.069712
47.656446	19.160639
49.454398	19.160639
49.454398	19.267789
52.558106	19.267789
52.558106	19.415249
54.923940	19.415249
54.923940	19.576778
56.775148	19.576778
56.775148	19.842057
59.444157	19.842057
59.444157	20.246590
61.302252	20.246590
61.302252	20.647142
62.687109	20.647142
62.687109	21.097082
64.665045	21.097082
64.665045	21.469084
66.229199	21.469084
66.229199	21.643817
67.585894	21.643817
67.585894	21.742211
69.675760	21.742211
69.675760	21.797883
71.475111	21.797883
71.475111	21.829525
73.048510	21.829525
& cycle # 2, chisq = 316924.517242, e = 41.480004
0.000000	4.863781
0.263721	4.863781
0.263721	5.484695
0.571458	5.484695
0.571458	5.775696
0.770869	5.775696
0.770869	6.054692
1.176000	6.054692
1.176000	6.368409
1.556254	6.368409
1.556254	6.611592
1.860090	6.611592
1.860090	6.940638
2.589208	6.940638
2.589208	7.346514
3.275492	7.346514
3.275492	7.670649
3.841069	7.670649
3.841069	8.106788
5.159898	8.106788
5.159898	8.625666
6.377749	8.625666
6.377749	9.024206
7.395588	9.024206
7.395588	9.520510
9.701111	9.520510
9.701111	10.044207
11.825354	10.044207
11.825354	10.381839
13.624451	10.381839
13.624451	10.701825
17.572352	10.701825
17.572352	10.991586
20.939737	10.991586
20.939737	11.234754
23.552324	11.234754
23.552324	11.674763
28.080303	11.674763
28.080303	12.482347
30.879401	12.482347
30.879401	13.410508
32.656928	13.410508
32.656928	14.772180
35.307030	14.772180
35.307030	16.152671
37.000637	16.152671
37.000637	16.921762
38.231144	16.921762
38.231144	17.743184
40.281501	17.743184
40.281501	18.538276
41.807278	18.538276
41.807278	18.944542
43.081777	18.944542
43.081777	19.207369
45.555728	19.207369
45.555728	19.352632
47.656446	19.352632
47.656446	19.416412
49.454398	19.416412
49.454398	19.476492
52.558106	19.476492
52.558106	19.548862
54.923940	19.548862
54.923940	19.623612
56.775148	19.623612
56.775148	19.743145
59.444157	19.743145
59.444157	19.922703
61.302252	19.922703
61.302252	20.098678
62.687109	20.098678
62.687109	20.294723
64.665045	20.294723
64.665045	20.455762
66.229199	20.455762
66.229199	20.531369
67.585894	20.531369
67.585894	20.575122
69.675760	20.575122
69.675760	20.602333
71.475111	20.602333
71.475111	20.620431
73.048510	20.620431
& cycle # 3, chisq = 329232.688716, e = 41.480004
0.000000	3.750802
0.263721	3.750802
0.263721	4.489300
0.571458	4.489300
0.571458	4.851431
0.770869	4.851431
0.770869	5.197840
1.176000	5.197840
1.176000	5.586042
1.556254	5.586042
1.556254	5.885785
1.860090	5.885785
1.860090	6.289448
2.589208	6.289448
2.589208	6.784749
3.275492	6.784749
3.275492	7.178106
3.841069	7.178106
3.841069	7.704134
5.159898	7.704134
5.159898	8.325895
6.377749	8.325895
6.377749	8.800254
7.395588	8.800254
7.395588	9.386574
9.701111	9.386574
9.701111	9.999736
11.825354	9.999736
11.825354	10.389852
13.624451	10.389852
13.624451	10.749353
17.572352	10.749353
17.572352	11.058172
20.939737	11.058172
20.939737	11.304211
23.552324	11.304211
23.552324	11.737935
28.080303	11.737935
28.080303	12.522393
30.879401	12.522393
30.879401	13.413703
32.656928	13.413703
32.656928	14.701020
35.307030	14.701020
35.307030	15.969836
37.000637	15.969836
37.000637	16.645621
38.231144	16.645621
38.231144	17.353684
40.281501	17.353684
40.281501	18.047237
41.807278	18.047237
41.807278	18.414320
43.081777	18.414320
43.081777	18.672397
45.555728	18.672397
45.555728	18.842756
47.656446	18.842756
47.656446	18.943392
49.454398	18.943392
49.454398	19.069726
52.558106	19.069726
52.558106	19.249280
54.923940	19.249280
54.923940	19.448754
56.775148	19.448754
56.775148	19.778705
59.444157	19.778705
59.444157	20.284239
61.302252	20.284239
61.302252	20.786744
62.687109	20.786744
62.687109	21.353486
64.665045	21.353486
64.665045	21.824361
66.229199	21.824361
66.229199	22.047094
67.585894	22.047094
67.585894	22.173601
69.675760	22.173601
69.675760	22.245663
71.475111	22.245663
71.475111	22.286545
73.048510	22.286545
& cycle # 4, chisq = 310872.386152, e = 41.480004
0.000000	9.690609
0.263721	9.690609
0.263721	10.042419
0.571458	10.042419
0.571458	10.142869
0.770869	10.142869
0.770869	10.230959
1.176000	10.230959
1.176000	10.323732
1.556254	10.323732
1.556254	10.391757
1.860090	10.391757
1.860090	10.479231
2.589208	10.479231
2.589208	10.582349
3.275492	10.582349
3.275492	10.661551
3.841069	10.661551
3.841069	10.764715
5.159898	10.764715
5.159898	10.884582
6.377749	10.884582
6.377749	10.975424
7.395588	10.975424
7.395588	11.088793
9.701111	11.088793
9.701111	11.211401
11.825354	11.211401
11.825354	11.295370
13.624451	11.295370
13.624451	11.386918
17.572352	11.386918
17.572352	11.490442
20.939737	11.490442
20.939737	11.594397
23.552324	11.594397
23.552324	11.800723
28.080303	11.800723
28.080303	12.206433
30.879401	12.206433
30.879401	12.708523
32.656928	12.708523
32.656928	13.541519
35.307030	13.541519
35.307030	14.585502
37.000637	14.585502
37.000637	15.365170
38.231144	15.365170
38.231144	16.353650
40.281501	16.353650
40.281501	17.387676
41.807278	17.387676
41.807278	17.962815
43.081777	17.962815
43.081777	18.384587
45.555728	18.384587
45.555728	18.660480
47.656446	18.660480
47.656446	18.808826
49.454398	18.808826
49.454398	18.974016
52.558106	18.974016
52.558106	19.190841
54.923940	19.190841
54.923940	19.421406
56.775148	19.421406
56.775148	19.792837
59.444157	19.792837
59.444157	20.351114
61.302252	20.351114
61.302252	20.896793
62.687109	20.896793
62.687109	21.500993
64.665045	21.500993
64.665045	21.991117
66.229199	21.991117
66.229199	22.214284
67.585894	22.214284
67.585894	22.333623
69.675760	22.333623
69.675760	22.395876
71.475111	22.395876
71.475111	22.428140
73.048510	22.428140
& cycle # 5, chisq = 385499.033114, e = 41.480004
0.000000	4.754892
0.273966	4.754892
0.273966	5.331291
0.588184	5.331291
0.588184	5.620653
0.792451	5.620653
0.792451	5.910423
1.203821	5.910423
1.203821	6.244828
1.589861	6.244828
1.589861	6.509509
1.898722	6.509509
1.898722	6.870537
2.632662	6.870537
2.632662	7.318274
3.323756	7.318274
3.323756	7.676993
3.894089	7.676993
3.894089	8.155078
5.211682	8.155078
5.211682	8.717339
6.429393	8.717339
6.429393	9.144140
7.448503	9.144140
7.448503	9.664893
9.736483	9.664893
9.736483	10.205352
11.846473	10.205352
11.846473	10.548848
13.636378	10.548848
13.636378	10.858900
17.539494	10.858900
17.539494	11.106262
20.896968	11.106262
20.896968	11.288052
23.527453	11.288052
23.527453	11.608692
28.097925	11.608692
28.097925	12.218443
30.942228	12.218443
30.942228	12.978545
32.732538	12.978545
32.732538	14.244237
35.311614	14.244237
35.311614	15.687013
36.940269	15.687013
36.940269	16.470794
38.148858	16.470794
38.148858	17.229181
40.214784	17.229181
40.214784	17.995311
41.778982	17.995311
41.778982	18.455852
43.080898	18.455852
43.080898	18.807567
45.567677	18.807567
45.567677	19.026897
47.672507	19.026897
47.672507	19.136574
49.473041	19.136574
49.473041	19.257029
52.557740	19.257029
52.557740	19.416444
54.913289	19.416444
54.913289	19.586999
56.760084	19.586999
56.760084	19.860518
59.414820	19.860518
59.414820	20.268337
61.275796	20.268337
61.275796	20.664373
62.670582	20.664373
62.670582	21.098713
64.659693	21.098713
64.659693	21.448551
66.236720	21.448551
66.236720	21.607141
67.602584	21.607141
67.602584	21.690967
69.683875	21.690967
69.683875	21.735016
71.461240	21.735016
71.461240	21.759457
73.000266	21.759457
& cycle # 1, chisq = 324852.997467, e = 41.025686
0.000000	1.009059
0.273966	1.009059
0.273966	1.942876
0.588184	1.942876
0.588184	2.471444
0.792451	2.471444
0.792451	2.991302
1.203821	2.991302
1.203821	3.578553
1.589861	3.578553
1.589861	4.033251
1.898722	4.033251
1.898722	4.639129
2.632662	4.639129
2.632662	5.373539
3.323756	5.373539
3.323756	5.949691
3.894089	5.949691
3.894089	6.703076
5.211682	6.703076
5.211682	7.575133
6.429393	7.575133
6.429393	8.228767
7.448503	8.228767
7.448503	9.018519
9.736483	9.018519
9.736483	9.831419
11.846473	9.831419
11.846473	10.343276
13.636378	10.343276
13.636378	10.796772
17.539494	10.796772
17.539494	11.143109
20.896968	11.143109
20.896968	11.382745
23.527453	11.382745
23.527453	11.789705
28.097925	11.789705
28.097925	12.544956
30.942228	12.544956
30.942228	13.465099
32.732538	13.465099
32.732538	14.943614
35.311614	14.943614
35.311614	16.518391
36.940269	16.518391
36.940269	17.260113
38.148858	17.260113
38.148858	17.876918
40.214784	17.876918
40.214784	18.463699
41.778982	18.463699
41.778982	18.807343
43.080898	18.807343
43.080898	19.063853
45.567677	19.063853
45.567677	19.220734
47.672507	19.220734
47.672507	19.299118
49.473041	19.299118
49.473041	19.387099
52.557740	19.387099
52.557740	19.505999
54.913289	19.505999
54.913289	19.634991
56.760084	19.634991
56.760084	19.843831
59.414820	19.843831
59.414820	20.157535
61.275796	20.157535
61.275796	20.464276
62.670582	20.464276
62.670582	20.803387
64.659693	20.803387
64.659693	21.079692
66.236720	21.079692
66.236720	21.207701
67.602584	21.207701
67.602584	21.278486
69.683875	21.278486
69.683875	21.319082
71.461240	21.319082
71.461240	21.344142
73.000266	21.344142
& cycle # 2, chisq = 317835.914185, e = 41.025686
0.000000	5.027286
0.273966	5.027286
0.273966	5.637296
0.588184	5.637296
0.588184	5.921774
0.792451	5.921774
0.792451	6.194218
1.203821	6.194218
1.203821	6.500065
1.589861	6.500065
1.589861	6.737491
1.898722	6.737491
1.898722	7.057127
2.632662	7.057127
2.632662	7.450844
3.323756	7.450844
3.323756	7.766000
3.894089	7.766000
3.894089	8.188583
5.211682	8.188583
5.211682	8.691673
6.429393	8.691673
6.429393	9.080035
7.448503	9.080035
7.448503	9.564078
9.736483	9.564078
9.736483	10.078623
11.846473	10.078623
11.846473	10.415412
13.636378	10.415412
13.636378	10.735421
17.539494	10.735421
17.539494	11.015486
20.896968	11.015486
20.896968	11.240484
23.527453	11.240484
23.527453	11.647276
28.097925	11.647276
28.097925	12.418630
30.942228	12.418630
30.942228	13.367914
32.732538	13.367914
32.732538	14.904199
35.311614	14.904199
35.311614	16.554984
36.940269	16.554984
36.940269	17.344354
38.148858	17.344354
38.148858	18.006840
40.214784	18.006840
40.214784	18.631358
41.778982	18.631358
41.778982	18.988797
43.080898	18.988797
43.080898	19.242916
45.567677	19.242916
45.567677	19.381984
47.672507	19.381984
47.672507	19.437681
49.473041	19.437681
49.473041	19.487273
52.557740	19.487273
52.557740	19.545887
54.913289	19.545887
54.913289	19.605857
56.760084	19.605857
56.760084	19.700403
59.414820	19.700403
59.414820	19.840313
61.275796	19.840313
61.275796	19.975720
62.670582	19.975720
62.670582	20.124108
64.659693	20.124108
64.659693	20.243917
66.236720	20.243917
66.236720	20.298834
67.602584	20.298834
67.602584	20.329011
69.683875	20.329011
69.683875	20.346577
71.461240	20.346577
71.461240	20.357914
73.000266	20.357914
& cycle # 3, chisq = 339713.697420, e = 41.025686
0.000000	5.721508
0.273966	5.721508
0.273966	6.400514
0.588184	6.400514
0.588184	6.697929
0.792451	6.697929
0.792451	6.969709
1.203821	6.969709
1.203821	7.264664
1.589861	7.264664
1.589861	7.487257
1.898722	7.487257
1.898722	7.779338
2.632662	7.779338
2.632662	8.130972
3.323756	8.130972
3.323756	8.406858
3.894089	8.406858
3.894089	8.770259
5.211682	8.770259
5.211682	9.196418
6.429393	9.196418
6.429393	9.521352
7.448503	9.521352
7.448503	9.922459
9.736483	9.922459
9.736483	10.345958
11.846473	10.345958
11.846473	10.621956
13.636378	10.621956
13.636378	10.883615
17.539494	10.883615
17.539494	11.112557
20.896968	11.112557
20.896968	11.297070
23.527453	11.297070
23.527453	11.632667
28.097925	11.632667
28.097925	12.273682
30.942228	12.273682
30.942228	13.069966
32.732538	13.069966
32.732538	14.381011
35.311614	14.381011
35.311614	15.840362
36.940269	15.840362
36.940269	16.595819
38.148858	16.595819
38.148858	17.293252
40.214784	17.293252
40.214784	17.986324
41.778982	17.986324
41.778982	18.401595
43.080898	18.401595
43.080898	18.721184
45.567677	18.721184
45.567677	18.927287
47.672507	18.927287
47.672507	19.038384
49.473041	19.038384
49.473041	19.170145
52.557740	19.170145
52.557740	19.352576
54.913289	19.352576
54.913289	19.552254
56.760084	19.552254
56.760084	19.876633
59.414820	19.876633
59.414820	20.364586
61.275796	20.364586
61.275796	20.841909
62.670582	20.841909
62.670582	21.369301
64.659693	21.369301
64.659693	21.797967
66.236720	21.797967
66.236720	21.994972
67.602584	21.994972
67.602584	22.101159
69.683875	22.101159
69.683875	22.158186
71.461240	22.158186
71.461240	22.190026
73.000266	22.190026
& cycle # 4, chisq = 330772.723596, e = 41.025686
0.000000	4.774754
0.273966	4.774754
0.273966	6.304975
0.588184	6.304975
0.588184	6.815591
0.792451	6.815591
0.792451	7.195637
1.203821	7.195637
1.203821	7.560674
1.589861	7.560674
1.589861	7.812416
1.898722	7.812416
1.898722	8.119995
2.632662	8.119995
2.632662	8.469428
3.323756	8.469428
3.323756	8.730884
3.894089	8.730884
3.894089	9.062092
5.211682	9.062092
5.211682	9.438563
6.429393	9.438563
6.429393	9.718747
7.448503	9.718747
7.448503	10.058807
9.736483	10.058807
9.736483	10.414532
11.846473	10.414532
11.846473	10.646116
13.636378	10.646116
13.636378	10.868294
17.539494	10.868294
17.539494	11.068377
20.896968	11.068377
20.896968	11.234993
23.527453	11.234993
23.527453	11.544070
28.097925	11.544070
28.097925	12.143000
30.942228	12.143000
30.942228	12.898281
32.732538	12.898281
32.732538	14.172773
35.311614	14.172773
35.311614	15.657596
36.940269	15.657596
36.940269	16.496299
38.148858	16.496299
38.148858	17.334898
40.214784	17.334898
40.214784	18.188974
41.778982	18.188974
41.778982	18.700574
43.080898	18.700574
43.080898	19.083992
45.567677	19.083992
45.567677	19.309526
47.672507	19.309526
47.672507	19.408212
49.473041	19.408212
49.473041	19.500858
52.557740	19.500858
52.557740	19.611497
54.913289	19.611497
54.913289	19.723902
56.760084	19.723902
56.760084	19.899499
59.414820	19.899499
59.414820	20.157239
61.275796	20.157239
61.275796	20.404703
62.670582	20.404703
62.670582	20.673193
64.659693	20.673193
64.659693	20.886511
66.236720	20.886511
66.236720	20.980921
67.602584	20.980921
67.602584	21.028454
69.683875	21.028454
69.683875	21.050993
71.461240	21.050993
71.461240	21.061709
73.000266	21.061709
& cycle # 6, chisq = 346326.246548, e = 41.025686
0.000000	0.170547
0.250268	0.170547
0.250268	0.813543
0.548738	0.813543
0.548738	1.274445
0.741363	1.274445
0.741363	1.790545
1.137071	1.790545
1.137071	2.419588
1.508569	2.419588
1.508569	2.929394
1.804921	2.929394
1.804921	3.639741
2.524953	3.639741
2.524953	4.520583
3.202341	4.520583
3.202341	5.214081
3.759615	5.214081
3.759615	6.127385
5.074451	6.127385
5.074451	7.175907
6.287346	7.175907
6.287346	7.945856
7.299310	7.945856
7.299310	8.866292
9.617400	8.866292
9.617400	9.793056
11.750858	9.793056
11.750858	10.354414
13.554814	10.354414
13.554814	10.830112
17.556999	10.830112
17.556999	11.175022
20.961139	11.175022
20.961139	11.408951
23.589438	11.408951
23.589438	11.811327
28.148407	11.811327
28.148407	12.554660
30.914675	12.554660
30.914675	13.414431
32.649186	13.414431
32.649186	14.661586
35.256761	14.661586
35.256761	15.858486
36.944297	15.858486
36.944297	16.489552
38.183438	16.489552
38.183438	17.198164
40.272230	17.198164
40.272230	17.950040
41.809657	17.950040
41.809657	18.379440
43.081644	18.379440
43.081644	18.693557
45.560400	18.693557
45.560400	18.893676
47.656597	18.893676
47.656597	19.001741
49.447023	19.001741
49.447023	19.128429
52.558459	19.128429
52.558459	19.301423
54.917603	19.301423
54.917603	19.488781
56.756061	19.488781
56.756061	19.794315
59.418183	19.794315
59.418183	20.253554
61.265123	20.253554
61.265123	20.694174
62.644076	20.694174
62.644076	21.167079
64.641066	21.167079
64.641066	21.534467
66.226644	21.534467
66.226644	21.697236
67.598431	21.697236
67.598431	21.792760
69.701756	21.792760
69.701756	21.862004
71.472994	21.862004
71.472994	21.918233
72.986109	21.918233
& cycle # 1, chisq = 317915.546539, e = 42.054572
0.000000	1.168308
0.250268	1.168308
0.250268	2.120472
0.548738	2.120472
0.548738	2.630821
0.741363	2.630821
0.741363	3.124888
1.137071	3.124888
1.137071	3.680967
1.508569	3.680967
1.508569	4.109255
1.804921	4.109255
1.804921	4.688024
2.524953	4.688024
2.524953	5.396146
3.202341	5.396146
3.202341	5.953623
3.759615	5.953623
3.759615	6.696790
5.074451	6.696790
5.074451	7.566682
6.287346	7.566682
6.287346	8.219844
7.299310	8.219844
7.299310	9.018451
9.617400	9.018451
9.617400	9.838707
11.750858	9.838707
11.750858	10.344854
13.554814	10.344854
13.554814	10.785495
17.556999	10.785495
17.556999	11.122694
20.961139	11.122694
20.961139	11.365818
23.589438	11.365818
23.589438	11.793304
28.148407	11.793304
28.148407	12.586179
30.914675	12.586179
30.914675	13.501091
32.649186	13.501091
32.649186	14.815018
35.256761	14.815018
35.256761	16.044934
36.944297	16.044934
36.944297	16.661014
38.183438	16.661014
38.183438	17.327046
40.272230	17.327046
40.272230	18.022404
41.809657	18.022404
41.809657	18.413933
43.081644	18.413933
43.081644	18.696581
45.560400	18.696581
45.560400	18.876898
47.656597	18.876898
47.656597	18.977328
49.447023	18.977328
49.447023	19.100084
52.558459	19.100084
52.558459	19.272441
54.917603	19.272441
54.917603	19.461950
56.756061	19.461950
56.756061	19.773588
59.418183	19.773588
59.418183	20.244360
61.265123	20.244360
61.265123	20.697506
62.644076	20.697506
62.644076	21.184766
64.641066	21.184766
64.641066	21.563204
66.226644	21.563204
66.226644	21.729665
67.598431	21.729665
67.598431	21.824534
69.701756	21.824534
69.701756	21.889273
71.472994	21.889273
71.472994	21.938909
72.986109	21.938909
& cycle # 2, chisq = 316431.624928, e = 42.054572
0.000000	4.947558
0.250268	4.947558
0.250268	5.559644
0.548738	5.559644
0.548738	5.844087
0.741363	5.844087
0.741363	6.116392
1.137071	6.116392
1.137071	6.422429
1.508569	6.422429
1.508569	6.658687
1.804921	6.658687
1.804921	6.979769
2.524953	6.979769
2.524953	7.375887
3.202341	7.375887
3.202341	7.690995
3.759615	7.690995
3.759615	8.116834
5.074451	8.116834
5.074451	8.623609
6.287346	8.623609
6.287346	9.011473
7.299310	9.011473
7.299310	9.496957
9.617400	9.496957
9.617400	10.010443
11.750858	10.010443
11.750858	10.341294
13.554814	10.341294
13.554814	10.656757
17.556999	10.656757
17.556999	10.944583
20.961139	10.944583
20.961139	11.191005
23.589438	11.191005
23.589438	11.653484
28.148407	11.653484
28.148407	12.530877
30.914675	12.530877
30.914675	13.553461
32.649186	13.553461
32.649186	15.029674
35.256761	15.029674
35.256761	16.415888
36.944297	16.415888
36.944297	17.108433
38.183438	17.108433
38.183438	17.844387
40.272230	17.844387
40.272230	18.592242
41.809657	18.592242
41.809657	18.994383
43.081644	18.994383
43.081644	19.259073
45.560400	19.259073
45.560400	19.399622
47.656597	19.399622
47.656597	19.457564
49.447023	19.457564
49.447023	19.511112
52.558459	19.511112
52.558459	19.575539
54.917603	19.575539
54.917603	19.641975
56.756061	19.641975
56.756061	19.748326
59.418183	19.748326
59.418183	19.906856
61.265123	19.906856
61.265123	20.058357
62.644076	20.058357
62.644076	20.220743
64.641066	20.220743
64.641066	20.347123
66.226644	20.347123
66.226644	20.403695
67.598431	20.403695
67.598431	20.438035
69.701756	20.438035
69.701756	20.464467
71.472994	20.464467
71.472994	20.487045
72.986109	20.487045
& cycle # 3, chisq = 340657.483806, e = 42.054572
0.000000	6.300838
0.250268	6.300838
0.250268	7.101209
0.548738	7.101209
0.548738	7.416323
0.741363	7.416323
0.741363	7.683896
1.137071	7.683896
1.137071	7.960246
1.508569	7.960246
1.508569	8.159142
1.804921	8.159142
1.804921	8.412961
2.524953	8.412961
2.524953	8.709172
3.202341	8.709172
3.202341	8.933771
3.759615	8.933771
3.759615	9.225040
5.074451	9.225040
5.074451	9.560402
6.287346	9.560402
6.287346	9.810817
7.299310	9.810817
7.299310	10.119617
9.617400	10.119617
9.617400	10.445044
11.750858	10.445044
11.750858	10.656933
13.554814	10.656933
13.554814	10.866712
17.556999	10.866712
17.556999	11.071880
20.961139	11.071880
20.961139	11.258444
23.589438	11.258444
23.589438	11.618373
28.148407	11.618373
28.148407	12.313158
30.914675	12.313158
30.914675	13.137211
32.649186	13.137211
32.649186	14.363924
35.256761	14.363924
35.256761	15.592383
36.944297	15.592383
36.944297	16.284029
38.183438	16.284029
38.183438	17.081490
40.272230	17.081490
40.272230	17.921231
41.809657	17.921231
41.809657	18.391698
43.081644	18.391698
43.081644	18.726197
45.560400	18.726197
45.560400	18.932714
47.656597	18.932714
47.656597	19.042232
49.447023	19.042232
49.447023	19.171281
52.558459	19.171281
52.558459	19.349651
54.917603	19.349651
54.917603	19.544827
56.756061	19.544827
56.756061	19.865524
59.418183	19.865524
59.418183	20.350352
61.265123	20.350352
61.265123	20.817934
62.644076	20.817934
62.644076	21.322749
64.641066	21.322749
64.641066	21.718298
66.226644	21.718298
66.226644	21.896320
67.598431	21.896320
67.598431	22.003498
69.701756	22.003498
69.701756	22.083104
71.472994	22.083104
71.472994	22.148129
72.986109	22.148129
& cycle # 4, chisq = 341967.381645, e = 42.054572
0.000000	6.661574
0.250268	6.661574
0.250268	7.067345
0.548738	7.067345
0.548738	7.244671
0.741363	7.244671
0.741363	7.422966
1.137071	7.422966
1.137071	7.630075
1.508569	7.630075
1.508569	7.794214
1.804921	7.794214
1.804921	8.022453
2.524953	8.022453
2.524953	8.309622
3.202341	8.309622
3.202341	8.541874
3.759615	8.541874
3.759615	8.860217
5.074451	8.860217
5.074451	9.243453
6.287346	9.243453
6.287346	9.539430
7.299310	9.539430
7.299310	9.912384
9.617400	9.912384
9.617400	10.308617
11.750858	10.308617
11.750858	10.564624
13.554814	10.564624
13.554814	10.809218
17.556999	10.809218
17.556999	11.033114
20.961139	11.033114
20.961139	11.225702
23.589438	11.225702
23.589438	11.589493
28.148407	11.589493
28.148407	12.286375
30.914675	12.286375
30.914675	13.110612
32.649186	13.110612
32.649186	14.337909
35.256761	14.337909
35.256761	15.571533
36.944297	15.571533
36.944297	16.272509
38.183438	16.272509
38.183438	17.088173
40.272230	17.088173
40.272230	17.952839
41.809657	17.952839
41.809657	18.440663
43.081644	18.440663
43.081644	18.789254
45.560400	18.789254
45.560400	19.003002
47.656597	19.003002
47.656597	19.113170
49.447023	19.113170
49.447023	19.238804
52.558459	19.238804
52.558459	19.409201
54.917603	19.409201
54.917603	19.594069
56.756061	19.594069
56.756061	19.896637
59.418183	19.896637
59.418183	20.353090
61.265123	20.353090
61.265123	20.792698
62.644076	20.792698
62.644076	21.266744
64.641066	21.266744
64.641066	21.637631
66.226644	21.637631
66.226644	21.804132
67.598431	21.804132
67.598431	21.903980
69.701756	21.903980
69.701756	21.977874
71.472994	21.977874
71.472994	22.038190
72.986109	22.038190
& cycle # 5, chisq = 334729.709541, e = 42.054572
0.000000	3.321618
0.282387	3.321618
0.282387	4.441961
0.602329	4.441961
0.602329	4.871529
0.810791	4.871529
0.810791	5.250547
1.228017	5.250547
1.228017	5.663856
1.619502	5.663856
1.619502	5.980625
1.933010	5.980625
1.933010	6.401768
2.672841	6.401768
2.672841	6.915490
3.369678	6.915490
3.369678	7.323089
3.945313	7.323089
3.945313	7.860289
5.266441	7.860289
5.266441	8.487928
6.488125	8.487928
6.488125	8.963026
7.511547	8.963026
7.511547	9.538730
9.794831	9.538730
9.794831	10.132529
11.901769	10.132529
11.901769	10.507225
13.690588	10.507225
13.690588	10.841012
17.564779	10.841012
17.564779	11.105049
20.895653	11.105049
20.895653	11.296216
23.506545	11.296216
23.506545	11.620968
28.031525	11.620968
28.031525	12.213609
30.879989	12.213609
30.879989	12.925693
32.696738	12.925693
32.696738	14.076102
35.334952	14.076102
35.334952	15.406106
37.000293	15.406106
37.000293	16.200684
38.219223	16.200684
38.219223	17.026672
40.261849	17.026672
40.261849	17.851787
41.805341	17.851787
41.805341	18.325358
43.097257	18.325358
43.097257	18.679906
45.566868	18.679906
45.566868	18.911134
47.667042	18.911134
47.667042	19.035647
49.468091	19.035647
49.468091	19.175260
52.547649	19.175260
52.547649	19.359266
54.911324	19.359266
54.911324	19.555690
56.771649	19.555690
56.771649	19.871015
59.442007	19.871015
59.442007	20.346816
61.316131	20.346816
61.316131	20.823139
62.715564	20.823139
62.715564	21.373543
64.685769	21.373543
64.685769	21.856910
66.236186	21.856910
66.236186	22.108688
67.580065	22.108688
67.580065	22.270532
69.649046	22.270532
69.649046	22.373283
71.476359	22.373283
71.476359	22.429607
73.130550	22.429607
& cycle # 1, chisq = 313601.545252, e = 40.705002
0.000000	1.129825
0.282387	1.129825
0.282387	2.129222
0.602329	2.129222
0.602329	2.688496
0.810791	2.688496
0.810791	3.228823
1.228017	3.228823
1.228017	3.829908
1.619502	3.829908
1.619502	4.289857
1.933010	4.289857
1.933010	4.893010
2.672841	4.893010
2.672841	5.615012
3.369678	5.615012
3.369678	6.176530
3.945313	6.176530
3.945313	6.902253
5.266441	6.902253
5.266441	7.736056
6.488125	7.736056
6.488125	8.358974
7.511547	8.358974
7.511547	9.107166
9.794831	9.107166
9.794831	9.875429
11.901769	9.875429
11.901769	10.360107
13.690588	10.360107
13.690588	10.794172
17.564779	10.794172
17.564779	11.141003
20.895653	11.141003
20.895653	11.393547
23.506545	11.393547
23.506545	11.819134
28.031525	11.819134
28.031525	12.583616
30.879989	12.583616
30.879989	13.481749
32.696738	13.481749
32.696738	14.873125
35.334952	14.873125
35.334952	16.355509
37.000293	16.355509
37.000293	17.113515
38.219223	17.113515
38.219223	17.793950
40.261849	17.793950
40.261849	18.428920
41.805341	18.428920
41.805341	18.775641
43.097257	18.775641
43.097257	19.020705
45.566868	19.020705
45.566868	19.171960
47.667042	19.171960
47.667042	19.251539
49.468091	19.251539
49.468091	19.342523
52.547649	19.342523
52.547649	19.465924
54.911324	19.465924
54.911324	19.600762
56.771649	19.600762
56.771649	19.821332
59.442007	19.821332
59.442007	20.159899
61.316131	20.159899
61.316131	20.505040
62.715564	20.505040
62.715564	20.913405
64.685769	20.913405
64.685769	21.284491
66.236186	21.284491
66.236186	21.488566
67.580065	21.488566
67.580065	21.629967
69.649046	21.629967
69.649046	21.727508
71.476359	21.727508
71.476359	21.785183
73.130550	21.785183
& cycle # 2, chisq = 307324.100839, e = 40.705002
0.000000	4.874877
0.282387	4.874877
0.282387	5.501291
0.602329	5.501291
0.602329	5.796486
0.810791	5.796486
0.810791	6.079773
1.228017	6.079773
1.228017	6.398057
1.619502	6.398057
1.619502	6.645751
1.933010	6.645751
1.933010	6.978292
2.672841	6.978292
2.672841	7.387483
3.369678	7.387483
3.369678	7.715251
3.945313	7.715251
3.945313	8.152636
5.266441	8.152636
5.266441	8.671563
6.488125	8.671563
6.488125	9.071389
7.511547	9.071389
7.511547	9.565994
9.794831	9.565994
9.794831	10.088293
11.901769	10.088293
11.901769	10.428234
13.690588	10.428234
13.690588	10.749256
17.564779	10.749256
17.564779	11.032188
20.895653	11.032188
20.895653	11.260451
23.506545	11.260451
23.506545	11.663814
28.031525	11.663814
28.031525	12.404500
30.879989	12.404500
30.879989	13.287747
32.696738	13.287747
32.696738	14.680670
35.334952	14.680670
35.334952	16.210889
37.000293	16.210889
37.000293	17.039273
38.219223	17.039273
38.219223	17.819303
40.261849	17.819303
40.261849	18.552674
41.805341	18.552674
41.805341	18.947520
43.097257	18.947520
43.097257	19.215368
45.566868	19.215368
45.566868	19.364870
47.667042	19.364870
47.667042	19.429576
49.468091	19.429576
49.468091	19.489613
52.547649	19.489613
52.547649	19.561246
54.911324	19.561246
54.911324	19.635012
56.771649	19.635012
56.771649	19.752174
59.442007	19.752174
59.442007	19.928548
61.316131	19.928548
61.316131	20.105363
62.715564	20.105363
62.715564	20.310566
64.685769	20.310566
64.685769	20.492205
66.236186	20.492205
66.236186	20.588221
67.580065	20.588221
67.580065	20.651519
69.649046	20.651519
69.649046	20.693238
71.476359	20.693238
71.476359	20.717242
73.130550	20.717242
& cycle # 3, chisq = 326410.378143, e = 40.705002
0.000000	5.098038
0.282387	5.098038
0.282387	5.808006
0.602329	5.808006
0.602329	6.131342
0.810791	6.131342
0.810791	6.430272
1.228017	6.430272
1.228017	6.756999
1.619502	6.756999
1.619502	7.005410
1.933010	7.005410
1.933010	7.331902
2.672841	7.331902
2.672841	7.726134
3.369678	7.726134
3.369678	8.036816
3.945313	8.036816
3.945313	8.445644
5.266441	8.445644
5.266441	8.925291
6.488125	8.925291
6.488125	9.291737
7.511547	9.291737
7.511547	9.742513
9.794831	9.742513
9.794831	10.217200
11.901769	10.217200
11.901769	10.526136
13.690588	10.526136
13.690588	10.818904
17.564779	10.818904
17.564779	11.078629
20.895653	11.078629
20.895653	11.289222
23.506545	11.289222
23.506545	11.661575
28.031525	11.661575
28.031525	12.344881
30.879989	12.344881
30.879989	13.159156
32.696738	13.159156
32.696738	14.442549
35.334952	14.442549
35.334952	15.852430
37.000293	15.852430
37.000293	16.617795
38.219223	16.617795
38.219223	17.345696
40.261849	17.345696
40.261849	18.041802
41.805341	18.041802
41.805341	18.428380
43.097257	18.428380
43.097257	18.709033
45.566868	18.709033
45.566868	18.890686
47.667042	18.890686
47.667042	18.992870
49.468091	18.992870
49.468091	19.116010
52.547649	19.116010
52.547649	19.287508
54.911324	19.287508
54.911324	19.477071
56.771649	19.477071
56.771649	19.789012
59.442007	19.789012
59.442007	20.269833
61.316131	20.269833
61.316131	20.761829
62.715564	20.761829
62.715564	21.346445
64.685769	21.346445
64.685769	21.880580
66.236186	21.880580
66.236186	22.176412
67.580065	22.176412
67.580065	22.382658
69.649046	22.382658
69.649046	22.524959
71.476359	22.524959
71.476359	22.608282
73.130550	22.608282
& cycle # 4, chisq = 316160.101285, e = 40.705002
0.000000	6.712326
0.282387	6.712326
0.282387	7.274307
0.602329	7.274307
0.602329	7.503036
0.810791	7.503036
0.810791	7.712400
1.228017	7.712400
1.228017	7.940228
1.619502	7.940228
1.619502	8.113103
1.933010	8.113103
1.933010	8.340309
2.672841	8.340309
2.672841	8.615084
3.369678	8.615084
3.369678	8.832237
3.945313	8.832237
3.945313	9.119245
5.266441	9.119245
5.266441	9.457916
6.488125	9.457916
6.488125	9.718501
7.511547	9.718501
7.511547	10.042145
9.794831	10.042145
9.794831	10.387643
11.901769	10.387643
11.901769	10.617536
13.690588	10.617536
13.690588	10.845703
17.564779	10.845703
17.564779	11.065049
20.895653	11.065049
20.895653	11.256495
23.506545	11.256495
23.506545	11.606462
28.031525	11.606462
28.031525	12.259321
30.879989	12.259321
30.879989	13.046469
32.696738	13.046469
32.696738	14.305336
35.334952	14.305336
35.334952	15.723100
37.000293	15.723100
37.000293	16.527248
38.219223	16.527248
38.219223	17.319566
40.261849	17.319566
40.261849	18.083694
41.805341	18.083694
41.805341	18.506476
43.097257	18.506476
43.097257	18.808046
45.566868	18.808046
45.566868	18.994006
47.667042	18.994006
47.667042	19.089604
49.468091	19.089604
49.468091	19.195122
52.547649	19.195122
52.547649	19.334447
54.911324	19.334447
54.911324	19.484058
56.771649	19.484058
56.771649	19.725503
59.442007	19.725503
59.442007	20.091378
61.316131	20.091378
61.316131	20.459097
62.715564	20.459097
62.715564	20.885939
64.685769	20.885939
64.685769	21.263039
66.236186	21.263039
66.236186	21.461141
67.580065	21.461141
67.580065	21.589666
69.649046	21.589666
69.649046	21.671638
71.476359	21.671638
71.476359	21.716314
73.130550	21.716314
& cycle # 5, chisq = 330452.617685, e = 40.705002
0.000000	5.091098
0.272901	5.091098
0.272901	5.615052
0.586645	5.615052
0.586645	5.873815
0.790513	5.873815
0.790513	6.134225
1.201576	6.134225
1.201576	6.435889
1.587338	6.435889
1.587338	6.675417
1.895920	6.675417
1.895920	7.003645
2.630191	7.003645
2.630191	7.412667
3.321560	7.412667
3.321560	7.742030
3.892010	7.742030
3.892010	8.184213
5.211568	8.184213
5.211568	8.708400
6.430956	8.708400
6.430956	9.109524
7.451278	9.109524
7.451278	9.603400
9.744785	9.603400
9.744785	10.119811
11.859568	10.119811
11.859568	10.450526
13.652816	10.450526
13.652816	10.757685
17.561566	10.757685
17.561566	11.022504
20.909784	11.022504
20.909784	11.231352
23.523145	11.231352
23.523145	11.597901
28.059143	11.597901
28.059143	12.271057
30.891288	12.271057
30.891288	13.068799
32.690811	13.068799
32.690811	14.324211
35.321733	14.324211
35.321733	15.731631
36.980572	15.731631
36.980572	16.545220
38.192431	16.545220
38.192431	17.350130
40.237542	17.350130
40.237542	18.114045
41.783622	18.114045
41.783622	18.539431
43.076385	18.539431
43.076385	18.851102
45.559708	18.851102
45.559708	19.045448
47.665281	19.045448
47.665281	19.145671
49.466553	19.145671
49.466553	19.258636
52.554707	19.258636
52.554707	19.410377
54.911339	19.410377
54.911339	19.574139
56.758006	19.574139
56.758006	19.838413
59.413527	19.838413
59.413527	20.234144
61.274111	20.234144
61.274111	20.619474
62.668678	20.619474
62.668678	21.044104
64.659871	21.044104
64.659871	21.391544
66.238161	21.391544
66.238161	21.558153
67.603868	21.558153
67.603868	21.661634
69.684856	21.661634
69.684856	21.734658
71.464966	21.734658
71.464966	21.787129
73.015760	21.787129
& cycle # 1, chisq = 319154.845471, e = 41.088298
0.000000	0.992296
0.272901	0.992296
0.272901	1.943241
0.586645	1.943241
0.586645	2.488400
0.790513	2.488400
0.790513	3.026720
1.201576	3.026720
1.201576	3.635033
1.587338	3.635033
1.587338	4.104934
1.895920	4.104934
1.895920	4.728474
2.630191	4.728474
2.630191	5.478943
3.321560	5.478943
3.321560	6.062070
3.892010	6.062070
3.892010	6.816027
5.211568	6.816027
5.211568	7.677314
6.430956	7.677314
6.430956	8.313877
7.451278	8.313877
7.451278	9.073265
9.744785	9.073265
9.744785	9.846069
11.859568	9.846069
11.859568	10.328512
13.652816	10.328512
13.652816	10.760582
17.561566	10.760582
17.561566	11.110024
20.909784	11.110024
20.909784	11.367674
23.523145	11.367674
23.523145	11.804352
28.059143	11.804352
28.059143	12.589548
30.891288	12.589548
30.891288	13.501626
32.690811	13.501626
32.690811	14.893349
35.321733	14.893349
35.321733	16.371095
36.980572	16.371095
36.980572	17.148709
38.192431	17.148709
38.192431	17.857046
40.237542	17.857046
40.237542	18.504555
41.783622	18.504555
41.783622	18.857667
43.076385	18.857667
43.076385	19.111864
45.559708	19.111864
45.559708	19.267802
47.665281	19.267802
47.665281	19.347565
49.466553	19.347565
49.466553	19.437825
52.554707	19.437825
52.554707	19.559868
54.911339	19.559868
54.911339	19.692306
56.758006	19.692306
56.758006	19.907058
59.413527	19.907058
59.413527	20.230189
61.274111	20.230189
61.274111	20.546626
62.668678	20.546626
62.668678	20.898341
64.659871	20.898341
64.659871	21.190498
66.238161	21.190498
66.238161	21.335034
67.603868	21.335034
67.603868	21.430104
69.684856	21.430104
69.684856	21.502193
71.464966	21.502193
71.464966	21.556738
73.015760	21.556738
& cycle # 2, chisq = 313092.411105, e = 41.088298
0.000000	5.021355
0.272901	5.021355
0.272901	5.630285
0.586645	5.630285
0.586645	5.913250
0.790513	5.913250
0.790513	6.183834
1.201576	6.183834
1.201576	6.487358
1.587338	6.487358
1.587338	6.722781
1.895920	6.722781
1.895920	7.039828
2.630191	7.039828
2.630191	7.430409
3.321560	7.430409
3.321560	7.743025
3.892010	7.743025
3.892010	8.162645
5.211568	8.162645
5.211568	8.662598
6.430956	8.662598
6.430956	9.048685
7.451278	9.048685
7.451278	9.530397
9.744785	9.530397
9.744785	10.042507
11.859568	10.042507
11.859568	10.377907
13.652816	10.377907
13.652816	10.702218
17.561566	10.702218
17.561566	11.000579
20.909784	11.000579
20.909784	11.248958
23.523145	11.248958
23.523145	11.691035
28.059143	11.691035
28.059143	12.499819
30.891288	12.499819
30.891288	13.447106
32.690811	13.447106
32.690811	14.901179
35.321733	14.901179
35.321733	16.453854
36.980572	16.453854
36.980572	17.273817
38.192431	17.273817
38.192431	18.014937
40.237542	18.014937
40.237542	18.680859
41.783622	18.680859
41.783622	19.034142
43.076385	19.034142
43.076385	19.275357
45.559708	19.275357
45.559708	19.407520
47.665281	19.407520
47.665281	19.462268
49.466553	19.462268
49.466553	19.512145
52.554707	19.512145
52.554707	19.571546
54.911339	19.571546
54.911339	19.632491
56.758006	19.632491
56.758006	19.728787
59.413527	19.728787
59.413527	19.871476
61.274111	19.871476
61.274111	20.009578
62.668678	20.009578
62.668678	20.161137
64.659871	20.161137
64.659871	20.284726
66.238161	20.284726
66.238161	20.343868
67.603868	20.343868
67.603868	20.380808
69.684856	20.380808
69.684856	20.407453
71.464966	20.407453
71.464966	20.427235
73.015760	20.427235
& cycle # 3, chisq = 332627.763305, e = 41.088298
0.000000	5.527919
0.272901	5.527919
0.272901	6.215931
0.586645	6.215931
0.586645	6.519798
0.790513	6.519798
0.790513	6.797851
1.201576	6.797851
1.201576	7.099885
1.587338	7.099885
1.587338	7.327878
1.895920	7.327878
1.895920	7.627338
2.630191	7.627338
2.630191	7.987982
3.321560	7.987982
3.321560	8.270861
3.892010	8.270861
3.892010	8.643631
5.211568	8.643631
5.211568	9.080681
6.430956	9.080681
6.430956	9.413626
7.451278	9.413626
7.451278	9.824457
9.744785	9.824457
9.744785	10.257610
11.859568	10.257610
11.859568	10.539579
13.652816	10.539579
13.652816	10.810856
17.561566	10.810856
17.561566	11.059367
20.909784	11.059367
20.909784	11.266217
23.523145	11.266217
23.523145	11.636056
28.059143	11.636056
28.059143	12.317300
30.891288	12.317300
30.891288	13.122688
32.690811	13.122688
32.690811	14.380698
35.321733	14.380698
35.321733	15.770715
36.980572	15.770715
36.980572	16.554722
38.192431	16.554722
38.192431	17.315169
40.237542	17.315169
40.237542	18.032600
41.783622	18.032600
41.783622	18.433201
43.076385	18.433201
43.076385	18.731231
45.559708	18.731231
45.559708	18.924854
47.665281	18.924854
47.665281	19.032392
49.466553	19.032392
49.466553	19.162001
52.554707	19.162001
52.554707	19.342575
54.911339	19.342575
54.911339	19.540891
56.758006	19.540891
56.758006	19.864146
59.413527	19.864146
59.413527	20.351871
61.274111	20.351871
61.274111	20.830270
62.668678	20.830270
62.668678	21.362520
64.659871	21.362520
64.659871	21.804684
66.238161	21.804684
66.238161	22.022868
67.603868	22.022868
67.603868	22.164820
69.684856	22.164820
69.684856	22.269944
71.464966	22.269944
71.464966	22.347165
73.015760	22.347165
& cycle # 4, chisq = 322930.902208, e = 41.088298
0.000000	7.558502
0.272901	7.558502
0.272901	8.020770
0.586645	8.020770
0.586645	8.200570
0.790513	8.200570
0.790513	8.367182
1.201576	8.367182
1.201576	8.549854
1.587338	8.549854
1.587338	8.688847
1.895920	8.688847
1.895920	8.872792
2.630191	8.872792
2.630191	9.095920
3.321560	9.095920
3.321560	9.272142
3.892010	9.272142
3.892010	9.505995
5.211568	9.505995
5.211568	9.782143
6.430956	9.782143
6.430956	9.994088
7.451278	9.994088
7.451278	10.257927
9.744785	10.257927
9.744785	10.539346
11.859568	10.539346
11.859568	10.725887
13.652816	10.725887
13.652816	10.912154
17.561566	10.912154
17.561566	11.094012
20.909784	11.094012
20.909784	11.254644
23.523145	11.254644
23.523145	11.551482
28.059143	11.551482
28.059143	12.111474
30.891288	12.111474
30.891288	12.790446
32.690811	12.790446
32.690811	13.895167
35.321733	13.895167
35.321733	15.204765
36.980572	15.204765
36.980572	16.031498
38.192431	16.031498
38.192431	16.911396
40.237542	16.911396
40.237542	17.778957
41.783622	17.778957
41.783622	18.276351
43.076385	18.276351
43.076385	18.652609
45.559708	18.652609
45.559708	18.895949
47.665281	18.895949
47.665281	19.025357
49.466553	19.025357
49.466553	19.172544
52.554707	19.172544
52.554707	19.369769
54.911339	19.369769
54.911339	19.581655
56.758006	19.581655
56.758006	19.922233
59.413527	19.922233
59.413527	20.430441
61.274111	20.430441
61.274111	20.923445
62.668678	20.923445
62.668678	21.463788
64.659871	21.463788
64.659871	21.901583
66.238161	21.901583
66.238161	22.106967
67.603868	22.106967
67.603868	22.228714
69.684856	22.228714
69.684856	22.308577
71.464966	22.308577
71.464966	22.362048
73.015760	22.362048
& cycle # 5, chisq = 342485.374221, e = 41.088298
0.000000	3.873083
0.264535	3.873083
0.264535	4.489284
0.572847	4.489284
0.572847	4.804833
0.772676	4.804833
0.772676	5.120939
1.178403	5.120939
1.178403	5.486823
1.559213	5.486823
1.559213	5.776862
1.863520	5.776862
1.863520	6.176278
2.593265	6.176278
2.593265	6.675594
3.280156	6.675594
3.280156	7.078057
3.846291	7.078057
3.846291	7.621763
5.165551	7.621763
5.165551	8.268245
6.383871	8.268245
6.383871	8.762543
7.402201	8.762543
7.402201	9.372095
9.707386	9.372095
9.707386	10.006042
11.831437	10.006042
11.831437	10.405655
13.630459	10.405655
13.630459	10.767522
17.574848	10.767522
17.574848	11.070032
20.938020	11.070032
20.938020	11.305653
23.546788	11.305653
23.546788	11.718377
28.065886	11.718377
28.065886	12.465147
30.862420	12.465147
30.862420	13.317407
32.640838	13.317407
32.640838	14.567035
35.294885	14.567035
35.294885	15.848182
36.991719	15.848182
36.991719	16.581902
38.223906	16.581902
38.223906	17.383704
40.275111	17.383704
40.275111	18.173442
41.801804	18.173442
41.801804	18.588697
43.077404	18.588697
43.077404	18.873980
45.552391	18.873980
45.552391	19.051943
47.653901	19.051943
47.653901	19.147918
49.452159	19.147918
49.452159	19.259599
52.553716	19.259599
52.553716	19.412518
54.917375	19.412518
54.917375	19.579905
56.766829	19.579905
56.766829	19.854989
59.433084	19.854989
59.433084	20.275022
61.291530	20.275022
61.291530	20.692060
62.678778	20.692060
62.678778	21.164611
64.662652	21.164611
64.662652	21.566984
66.232347	21.566984
66.232347	21.774540
67.591980	21.774540
67.591980	21.922147
69.680115	21.922147
69.680115	22.044031
71.476126	22.044031
71.476126	22.140341
73.052354	22.140341
& cycle # 1, chisq = 310424.176932, e = 41.447926
0.000000	1.104438
0.264535	1.104438
0.264535	2.114498
0.572847	2.114498
0.572847	2.670001
0.772676	2.670001
0.772676	3.201825
1.178403	3.201825
1.178403	3.790848
1.559213	3.790848
1.559213	4.238504
1.863520	4.238504
1.863520	4.829415
2.593265	4.829415
2.593265	5.539278
3.280156	5.539278
3.280156	6.091419
3.846291	6.091419
3.846291	6.814147
5.165551	6.814147
5.165551	7.651437
6.383871	7.651437
6.383871	8.278667
7.402201	8.278667
7.402201	9.040502
9.707386	9.040502
9.707386	9.824156
11.831437	9.824156
11.831437	10.313620
13.630459	10.313620
13.630459	10.751057
17.574848	10.751057
17.574848	11.107414
20.938020	11.107414
20.938020	11.376727
23.546788	11.376727
23.546788	11.839383
28.065886	11.839383
28.065886	12.664137
30.862420	12.664137
30.862420	13.590796
32.640838	13.590796
32.640838	14.913812
35.294885	14.913812
35.294885	16.200555
36.991719	16.200555
36.991719	16.872929
38.223906	16.872929
38.223906	17.566173
40.275111	17.566173
40.275111	18.239661
41.801804	18.239661
41.801804	18.593052
43.077404	18.593052
43.077404	18.837793
45.552391	18.837793
45.552391	18.995213
47.653901	18.995213
47.653901	19.085022
49.452159	19.085022
49.452159	19.194674
52.553716	19.194674
52.553716	19.348225
54.917375	19.348225
54.917375	19.517553
56.766829	19.517553
56.766829	19.796182
59.433084	19.796182
59.433084	20.221055
61.291530	20.221055
61.291530	20.641504
62.678778	20.641504
62.678778	21.114798
64.662652	21.114798
64.662652	21.512597
66.232347	21.512597
66.232347	21.712120
67.591980	21.712120
67.591980	21.847004
69.680115	21.847004
69.680115	21.951921
71.476126	21.951921
71.476126	22.031281
73.052354	22.031281
& cycle # 2, chisq = 307402.256525, e = 41.447926
0.000000	4.850762
0.264535	4.850762
0.264535	5.477600
0.572847	5.477600
0.572847	5.771754
0.772676	5.771754
0.772676	6.053518
1.178403	6.053518
1.178403	6.370061
1.559213	6.370061
1.559213	6.615255
1.863520	6.615255
1.863520	6.946568
2.593265	6.946568
2.593265	7.354715
3.280156	7.354715
3.280156	7.680280
3.846291	7.680280
3.846291	8.117533
5.165551	8.117533
5.165551	8.636839
6.383871	8.636839
6.383871	9.035112
7.402201	9.035112
7.402201	9.530155
9.707386	9.530155
9.707386	10.051781
11.831437	10.051781
11.831437	10.387872
13.630459	10.387872
13.630459	10.706865
17.574848	10.706865
17.574848	10.997182
20.938020	10.997182
20.938020	11.241604
23.546788	11.241604
23.546788	11.683019
28.065886	11.683019
28.065886	12.490183
30.862420	12.490183
30.862420	13.414034
32.640838	13.414034
32.640838	14.765058
35.294885	14.765058
35.294885	16.137087
36.991719	16.137087
36.991719	16.907101
38.223906	16.907101
38.223906	17.731257
40.275111	17.731257
40.275111	18.527737
41.801804	18.527737
41.801804	18.933895
43.077404	18.933895
43.077404	19.196356
45.552391	19.196356
45.552391	19.341716
47.653901	19.341716
47.653901	19.406041
49.452159	19.406041
49.452159	19.467306
52.553716	19.467306
52.553716	19.541665
54.917375	19.541665
54.917375	19.618699
56.766829	19.618699
56.766829	19.741904
59.433084	19.741904
59.433084	19.926740
61.291530	19.926740
61.291530	20.107514
62.678778	20.107514
62.678778	20.308705
64.662652	20.308705
64.662652	20.475414
66.232347	20.475414
66.232347	20.557318
67.591980	20.557318
67.591980	20.611546
69.680115	20.611546
69.680115	20.653631
71.476126	20.653631
71.476126	20.686192
73.052354	20.686192
& cycle # 3, chisq = 328000.749104, e = 41.447926
0.000000	4.419853
0.264535	4.419853
0.264535	5.208720
0.572847	5.208720
0.572847	5.576988
0.772676	5.576988
0.772676	5.916501
1.178403	5.916501
1.178403	6.286632
1.559213	6.286632
1.559213	6.565836
1.863520	6.565836
1.863520	6.933654
2.593265	6.933654
2.593265	7.376204
3.280156	7.376204
3.280156	7.721760
3.846291	7.721760
3.846291	8.176875
5.165551	8.176875
5.165551	8.708312
6.383871	8.708312
6.383871	9.110163
7.402201	9.110163
7.402201	9.604063
9.707386	9.604063
9.707386	10.120138
11.831437	10.120138
11.831437	10.450469
13.630459	10.450469
13.630459	10.761567
17.574848	10.761567
17.574848	11.041224
20.938020	11.041224
20.938020	11.273925
23.546788	11.273925
23.546788	11.691394
28.065886	11.691394
28.065886	12.451214
30.862420	12.451214
30.862420	13.317037
32.640838	13.317037
32.640838	14.574828
35.294885	14.574828
35.294885	15.837691
36.991719	15.837691
36.991719	16.535440
38.223906	16.535440
38.223906	17.281459
40.275111	17.281459
40.275111	18.013464
41.801804	18.013464
41.801804	18.399870
43.077404	18.399870
43.077404	18.670260
45.552391	18.670260
45.552391	18.847507
47.653901	18.847507
47.653901	18.951339
49.452159	18.951339
49.452159	19.080893
52.553716	19.080893
52.553716	19.264499
54.917375	19.264499
54.917375	19.468205
56.766829	19.468205
56.766829	19.804702
59.433084	19.804702
59.433084	20.319474
61.291530	20.319474
61.291530	20.830614
62.678778	20.830614
62.678778	21.408728
64.662652	21.408728
64.662652	21.898453
66.232347	21.898453
66.232347	22.147783
67.591980	22.147783
67.591980	22.320410
69.680115	22.320410
69.680115	22.457977
71.476126	22.457977
71.476126	22.563431
73.052354	22.563431
& cycle # 4, chisq = 315655.356421, e = 41.447926
0.000000	9.705547
0.264535	9.705547
0.264535	10.054193
0.572847	10.054193
0.572847	10.153243
0.772676	10.153243
0.772676	10.240123
1.178403	10.240123
1.178403	10.331623
1.559213	10.331623
1.559213	10.398724
1.863520	10.398724
1.863520	10.484978
2.593265	10.484978
2.593265	10.586639
3.280156	10.586639
3.280156	10.664722
3.846291	10.664722
3.846291	10.766376
5.165551	10.766376
5.165551	10.884447
6.383871	10.884447
6.383871	10.973910
7.402201	10.973910
7.402201	11.085470
9.707386	11.085470
9.707386	11.206027
11.831437	11.206027
11.831437	11.288544
13.630459	11.288544
13.630459	11.378526
17.574848	11.378526
17.574848	11.480441
20.938020	11.480441
20.938020	11.582811
23.546788	11.582811
23.546788	11.785618
28.065886	11.785618
28.065886	12.183494
30.862420	12.183494
30.862420	12.674902
32.640838	12.674902
32.640838	13.490189
35.294885	13.490189
35.294885	14.517387
36.991719	14.517387
36.991719	15.291029
38.223906	15.291029
38.223906	16.274135
40.275111	16.274135
40.275111	17.302025
41.801804	17.302025
41.801804	17.873608
43.077404	17.873608
43.077404	18.293646
45.552391	18.293646
45.552391	18.570636
47.653901	18.570636
47.653901	18.722103
49.452159	18.722103
49.452159	18.894010
52.553716	18.894010
52.553716	19.122618
54.917375	19.122618
54.917375	19.367432
56.766829	19.367432
56.766829	19.763092
59.433084	19.763092
59.433084	20.358342
61.291530	20.358342
61.291530	20.939931
62.678778	20.939931
62.678778	21.584011
64.662652	21.584011
64.662652	22.111426
66.232347	22.111426
66.232347	22.363042
67.591980	22.363042
67.591980	22.519329
69.680115	22.519329
69.680115	22.629825
71.476126	22.629825
71.476126	22.708566
73.052354	22.708566
& cycle # 5, chisq = 385924.217523, e = 41.447926
0.000000	3.939195
0.268691	3.939195
0.268691	4.546557
0.579764	4.546557
0.579764	4.858619
0.781633	4.858619
0.781633	5.171834
1.190115	5.171834
1.190115	5.534581
1.573483	5.534581
1.573483	5.822486
1.879989	5.822486
1.879989	6.218280
2.612223	6.218280
2.612223	6.712744
3.301563	6.712744
3.301563	7.111504
3.870020	7.111504
3.870020	7.649125
5.189936	7.649125
5.189936	8.287943
6.409248	8.287943
6.409248	8.776745
7.428944	8.776745
7.428944	9.378730
9.729307	9.378730
9.729307	10.005273
11.849651	10.005273
11.849651	10.401604
13.646560	10.401604
13.646560	10.761643
17.574856	10.761643
17.574856	11.063778
20.930516	11.063778
20.930516	11.299740
23.539550	11.299740
23.539550	11.713101
28.059602	11.713101
28.059602	12.462100
30.869262	12.462100
30.869262	13.323063
32.658786	13.323063
32.658786	14.600774
35.316475	14.600774
35.316475	15.925855
37.012365	15.925855
37.012365	16.677437
38.245086	16.677437
38.245086	17.479753
40.296425	17.479753
40.296425	18.263527
41.826720	18.263527
41.826720	18.675560
43.105635	18.675560
43.105635	18.956599
45.577529	18.956599
45.577529	19.130417
47.674396	19.130417
47.674396	19.224465
49.466534	19.224465
49.466534	19.334203
52.544518	19.334203
52.544518	19.483516
54.889962	19.483516
54.889962	19.645298
56.727059	19.645298
56.727059	19.907080
59.377425	19.907080
59.377425	20.299298
61.237205	20.299298
61.237205	20.681748
62.634138	20.681748
62.634138	21.108888
64.637418	21.108888
64.637418	21.470606
66.225137	21.470606
66.225137	21.657698
67.597680	21.657698
67.597680	21.790621
69.691433	21.790621
69.691433	21.901880
71.479620	21.901880
71.479620	21.994696
73.035198	21.994696
& cycle # 1, chisq = 311123.763883, e = 41.272290
0.000000	1.079584
0.268691	1.079584
0.268691	2.039380
0.579764	2.039380
0.579764	2.578188
0.781633	2.578188
0.781633	3.104751
1.190115	3.104751
1.190115	3.696518
1.573483	3.696518
1.573483	4.151680
1.879989	4.151680
1.879989	4.756001
2.612223	4.756001
2.612223	5.484247
3.301563	5.484247
3.301563	6.051053
3.870020	6.051053
3.870020	6.788539
5.189936	6.788539
5.189936	7.636364
6.409248	7.636364
6.409248	8.266480
7.428944	8.266480
7.428944	9.024039
9.729307	9.024039
9.729307	9.798456
11.849651	9.798456
11.849651	10.281877
13.646560	10.281877
13.646560	10.715079
17.574856	10.715079
17.574856	11.070507
20.930516	11.070507
20.930516	11.341460
23.539550	11.341460
23.539550	11.809207
28.059602	11.809207
28.059602	12.646826
30.869262	12.646826
30.869262	13.596939
32.658786	13.596939
32.658786	14.974108
35.316475	14.974108
35.316475	16.336636
37.012365	16.336636
37.012365	17.046859
38.245086	17.046859
38.245086	17.761417
40.296425	17.761417
40.296425	18.446556
41.826720	18.446556
41.826720	18.802786
43.105635	18.802786
43.105635	19.042876
45.577529	19.042876
45.577529	19.189962
47.674396	19.189962
47.674396	19.269394
49.466534	19.269394
49.466534	19.362263
52.544518	19.362263
52.544518	19.488670
54.889962	19.488670
54.889962	19.625507
56.727059	19.625507
56.727059	19.846574
59.377425	19.846574
59.377425	20.177149
61.237205	20.177149
61.237205	20.498716
62.634138	20.498716
62.634138	20.856586
64.637418	20.856586
64.637418	21.157845
66.225137	21.157845
66.225137	21.311896
67.597680	21.311896
67.597680	21.419310
69.691433	21.419310
69.691433	21.507447
71.479620	21.507447
71.479620	21.580149
73.035198	21.580149
& cycle # 2, chisq = 311300.990739, e = 41.272290
0.000000	4.899210
0.268691	4.899210
0.268691	5.508661
0.579764	5.508661
0.579764	5.793732
0.781633	5.793732
0.781633	6.067349
1.190115	6.067349
1.190115	6.375211
1.573483	6.375211
1.573483	6.614325
1.879989	6.614325
1.879989	6.937561
2.612223	6.937561
2.612223	7.336578
3.301563	7.336578
3.301563	7.656020
3.870020	7.656020
3.870020	8.085791
5.189936	8.085791
5.189936	8.598004
6.409248	8.598004
6.409248	8.992893
7.428944	8.992893
7.428944	9.485517
9.729307	9.485517
9.729307	10.007755
11.849651	10.007755
11.849651	10.347584
13.646560	10.347584
13.646560	10.674349
17.574856	10.674349
17.574856	10.976693
20.930516	10.976693
20.930516	11.233622
23.539550	11.233622
23.539550	11.696726
28.059602	11.696726
28.059602	12.541064
30.869262	12.541064
30.869262	13.509076
32.658786	13.509076
32.658786	14.928029
35.316475	14.928029
35.316475	16.358505
37.012365	16.358505
37.012365	17.127589
38.245086	17.127589
38.245086	17.913074
40.296425	17.913074
40.296425	18.660644
41.826720	18.660644
41.826720	19.040371
43.105635	19.040371
43.105635	19.282782
45.577529	19.282782
45.577529	19.414883
47.674396	19.414883
47.674396	19.473266
49.466534	19.473266
49.466534	19.529290
52.544518	19.529290
52.544518	19.597029
54.889962	19.597029
54.889962	19.666438
56.727059	19.666438
56.727059	19.775564
59.377425	19.775564
59.377425	19.935916
61.237205	19.935916
61.237205	20.089691
62.634138	20.089691
62.634138	20.258230
64.637418	20.258230
64.637418	20.397174
66.225137	20.397174
66.225137	20.465760
67.597680	20.465760
67.597680	20.511104
69.691433	20.511104
69.691433	20.546380
71.479620	20.546380
71.479620	20.574708
73.035198	20.574708
& cycle # 3, chisq = 329036.187717, e = 41.272290
0.000000	3.116846
0.268691	3.116846
0.268691	3.835121
0.579764	3.835121
0.579764	4.201380
0.781633	4.201380
0.781633	4.560354
1.190115	4.560354
1.190115	4.969829
1.573483	4.969829
1.573483	5.291211
1.879989	5.291211
1.879989	5.729340
2.612223	5.729340
2.612223	6.273656
3.301563	6.273656
3.301563	6.711356
3.870020	6.711356
3.870020	7.301556
5.189936	7.301556
5.189936	8.004840
6.409248	8.004840
6.409248	8.545543
7.428944	8.545543
7.428944	9.215429
9.729307	9.215429
9.729307	9.916279
11.849651	9.916279
11.849651	10.361029
13.646560	10.361029
13.646560	10.764625
17.574856	10.764625
17.574856	11.099920
20.930516	11.099920
20.930516	11.356821
23.539550	11.356821
23.539550	11.798707
28.059602	11.798707
28.059602	12.587453
30.869262	12.587453
30.869262	13.480809
32.658786	13.480809
32.658786	14.775583
35.316475	14.775583
35.316475	16.058449
37.012365	16.058449
37.012365	16.730468
38.245086	16.730468
38.245086	17.412330
40.296425	17.412330
40.296425	18.073224
41.826720	18.073224
41.826720	18.423603
43.105635	18.423603
43.105635	18.669848
45.577529	18.669848
45.577529	18.833332
47.674396	18.833332
47.674396	18.931921
49.466534	18.931921
49.466534	19.057282
52.544518	19.057282
52.544518	19.235250
54.889962	19.235250
54.889962	19.431460
56.727059	19.431460
56.727059	19.751290
59.377425	19.751290
59.377425	20.232137
61.237205	20.232137
61.237205	20.701642
62.634138	20.701642
62.634138	21.225579
64.637418	21.225579
64.637418	21.667231
66.225137	21.667231
66.225137	21.892529
67.597680	21.892529
67.597680	22.047614
69.691433	22.047614
69.691433	22.171712
71.479620	22.171712
71.479620	22.271494
73.035198	22.271494
& cycle # 4, chisq = 305161.962822, e = 41.272290
0.000000	6.943603
0.268691	6.943603
0.268691	7.441115
0.579764	7.441115
0.579764	7.646370
0.781633	7.646370
0.781633	7.838887
1.190115	7.838887
1.190115	8.052026
1.573483	8.052026
1.573483	8.215382
1.879989	8.215382
1.879989	8.433579
2.612223	8.433579
2.612223	8.700078
3.301563	8.700078
3.301563	8.911453
3.870020	8.911453
3.870020	9.193493
5.189936	9.193493
5.189936	9.527352
6.409248	9.527352
6.409248	9.783417
7.428944	9.783417
7.428944	10.102010
9.729307	10.102010
9.729307	10.440148
11.849651	10.440148
11.849651	10.661765
13.646560	10.661765
13.646560	10.879382
17.574856	10.879382
17.574856	11.088880
20.930516	11.088880
20.930516	11.273978
23.539550	11.273978
23.539550	11.615987
28.059602	11.615987
28.059602	12.252782
30.869262	12.252782
30.869262	13.000697
32.658786	13.000697
32.658786	14.145150
35.316475	14.145150
35.316475	15.399028
37.012365	15.399028
37.012365	16.174466
38.245086	16.174466
38.245086	17.048847
40.296425	17.048847
40.296425	17.919731
41.826720	17.919731
41.826720	18.384650
43.105635	18.384650
43.105635	18.707899
45.577529	18.707899
45.577529	18.911361
47.674396	18.911361
47.674396	19.022003
49.466534	19.022003
49.466534	19.149955
52.544518	19.149955
52.544518	19.322048
54.889962	19.322048
54.889962	19.506674
56.727059	19.506674
56.727059	19.802763
59.377425	19.802763
59.377425	20.242426
61.237205	20.242426
61.237205	20.666759
62.634138	20.666759
62.634138	21.133753
64.637418	21.133753
64.637418	21.519534
66.225137	21.519534
66.225137	21.709496
67.597680	21.709496
67.597680	21.833240
69.691433	21.833240
69.691433	21.926722
71.479620	21.926722
71.479620	21.999672
73.035198	21.999672
& cycle # 5, chisq = 333052.839348, e = 41.272290
0.000000	3.976895
0.257356	3.976895
0.257356	4.592651
0.560696	4.592651
0.560696	4.905274
0.756892	4.905274
0.756892	5.217542
1.157529	5.217542
1.157529	5.578251
1.533608	5.578251
1.533608	5.863064
1.833879	5.863064
1.833879	6.255306
2.558571	6.255306
2.558571	6.744440
3.240528	6.744440
3.240528	7.136799
3.802090	7.136799
3.802090	7.666411
5.118663	7.666411
5.118663	8.294349
6.333848	8.294349
6.333848	8.772298
7.348657	8.772298
7.348657	9.361852
9.659230	9.361852
9.659230	9.974495
11.787050	9.974495
11.787050	10.359519
13.587879	10.359519
13.587879	10.705947
17.560510	10.705947
17.560510	10.989899
20.946574	10.989899
20.946574	11.209282
23.569042	11.209282
23.569042	11.602875
28.116345	11.602875
28.116345	12.337365
30.900429	12.337365
30.900429	13.197249
32.654696	13.197249
32.654696	14.477970
35.274549	14.477970
35.274549	15.771782
36.960890	15.771782
36.960890	16.488158
38.196677	16.488158
38.196677	17.283169
40.272775	17.283169
40.272775	18.103922
41.808602	18.103922
41.808602	18.559772
43.082964	18.559772
43.082964	18.881440
45.556831	18.881440
45.556831	19.077007
47.652951	19.077007
47.652951	19.176635
49.446175	19.176635
49.446175	19.288352
52.554136	19.288352
52.554136	19.438764
54.920059	19.438764
54.920059	19.602315
56.769244	19.602315
56.769244	19.871452
59.441479	19.871452
59.441479	20.283416
61.297307	20.283416
61.297307	20.692277
62.678919	20.692277
62.678919	21.154691
64.658842	21.154691
64.658842	21.544467
66.223473	21.544467
66.223473	21.740209
67.578863	21.740209
67.578863	21.873304
69.669247	21.873304
69.669247	21.977688
71.466179	21.977688
71.466179	22.058332
73.040371	22.058332
& cycle # 1, chisq = 318046.118886, e = 41.744521
0.000000	1.174945
0.257356	1.174945
0.257356	2.150204
0.560696	2.150204
0.560696	2.672813
0.756892	2.672813
0.756892	3.175356
1.157529	3.175356
1.157529	3.737579
1.533608	3.737579
1.533608	4.169167
1.833879	4.169167
1.833879	4.748083
2.558571	4.748083
2.558571	5.453271
3.240528	5.453271
3.240528	6.007671
3.802090	6.007671
3.802090	6.743097
5.118663	6.743097
5.118663	7.602438
6.333848	7.602438
6.333848	8.248527
7.348657	8.248527
7.348657	9.036823
9.659230	9.036823
9.659230	9.847186
11.787050	9.847186
11.787050	10.349491
13.587879	10.349491
13.587879	10.788871
17.560510	10.788871
17.560510	11.128142
20.946574	11.128142
20.946574	11.373075
23.569042	11.373075
23.569042	11.798079
28.116345	11.798079
28.116345	12.576823
30.900429	12.576823
30.900429	13.474203
32.654696	13.474203
32.654696	14.778284
35.274549	14.778284
35.274549	16.033149
36.960890	16.033149
36.960890	16.669600
38.196677	16.669600
38.196677	17.338711
40.272775	17.338711
40.272775	18.023517
41.808602	18.023517
41.808602	18.405882
43.082964	18.405882
43.082964	18.681525
45.556831	18.681525
45.556831	18.858550
47.652951	18.858550
47.652951	18.957596
49.446175	18.957596
49.446175	19.077914
52.554136	19.077914
52.554136	19.246247
54.920059	19.246247
54.920059	19.431744
56.769244	19.431744
56.769244	19.738009
59.441479	19.738009
59.441479	20.206445
61.297307	20.206445
61.297307	20.669736
62.678919	20.669736
62.678919	21.189748
64.658842	21.189748
64.658842	21.621229
66.223473	21.621229
66.223473	21.830208
67.578863	21.830208
67.578863	21.962171
69.669247	21.962171
69.669247	22.055296
71.466179	22.055296
71.466179	22.120759
73.040371	22.120759
& cycle # 2, chisq = 311913.949409, e = 41.744521
0.000000	5.066272
0.257356	5.066272
0.257356	5.682657
0.560696	5.682657
0.560696	5.966782
0.756892	5.966782
0.756892	6.236906
1.157529	6.236906
1.157529	6.538830
1.533608	6.538830
1.533608	6.771299
1.833879	6.771299
1.833879	7.085108
2.558571	7.085108
2.558571	7.470776
3.240528	7.470776
3.240528	7.777295
3.802090	7.777295
3.802090	8.189652
5.118663	8.189652
5.118663	8.679724
6.333848	8.679724
6.333848	9.055480
7.348657	9.055480
7.348657	9.525198
9.659230	9.525198
9.659230	10.023178
11.787050	10.023178
11.787050	10.346391
13.587879	10.346391
13.587879	10.657722
17.560510	10.657722
17.560510	10.946266
20.946574	10.946266
20.946574	11.194836
23.569042	11.194836
23.569042	11.656773
28.116345	11.656773
28.116345	12.523876
30.900429	12.523876
30.900429	13.533235
32.654696	13.533235
32.654696	15.005846
35.274549	15.005846
35.274549	16.422899
36.960890	16.422899
36.960890	17.135393
38.196677	17.135393
38.196677	17.868380
40.272775	17.868380
40.272775	18.596887
41.808602	18.596887
41.808602	18.984312
43.082964	18.984312
43.082964	19.237927
45.556831	19.237927
45.556831	19.372838
47.652951	19.372838
47.652951	19.428303
49.446175	19.428303
49.446175	19.478499
52.554136	19.478499
52.554136	19.537897
54.920059	19.537897
54.920059	19.598889
56.769244	19.598889
56.769244	19.696572
59.441479	19.696572
59.441479	19.843527
61.297307	19.843527
61.297307	19.987249
62.678919	19.987249
62.678919	20.146981
64.658842	20.146981
64.658842	20.278115
66.223473	20.278115
66.223473	20.340884
67.578863	20.340884
67.578863	20.380462
69.669247	20.380462
69.669247	20.409161
71.466179	20.409161
71.466179	20.430407
73.040371	20.430407
& cycle # 3, chisq = 338992.853328, e = 41.744521
0.000000	6.258597
0.257356	6.258597
0.257356	6.985942
0.560696	6.985942
0.560696	7.281292
0.756892	7.281292
0.756892	7.538835
1.157529	7.538835
1.157529	7.809738
1.533608	7.809738
1.533608	8.008123
1.833879	8.008123
1.833879	8.264192
2.558571	8.264192
2.558571	8.566737
3.240528	8.566737
3.240528	8.799168
3.802090	8.799168
3.802090	9.102847
5.118663	9.102847
5.118663	9.455335
6.333848	9.455335
6.333848	9.720789
7.348657	9.720789
7.348657	10.048800
9.659230	10.048800
9.659230	10.395023
11.787050	10.395023
11.787050	10.620661
13.587879	10.620661
13.587879	10.842241
17.560510	10.842241
17.560510	11.055392
20.946574	11.055392
20.946574	11.245431
23.569042	11.245431
23.569042	11.605173
28.116345	11.605173
28.116345	12.289835
30.900429	12.289835
30.900429	13.099137
32.654696	13.099137
32.654696	14.313342
35.274549	14.313342
35.274549	15.552273
36.960890	15.552273
36.960890	16.248590
38.196677	16.248590
38.196677	17.027634
40.272775	17.027634
40.272775	17.834036
41.808602	17.834036
41.808602	18.284022
43.082964	18.284022
43.082964	18.606393
45.556831	18.606393
45.556831	18.810324
47.652951	18.810324
47.652951	18.921795
49.446175	18.921795
49.446175	19.054896
52.554136	19.054896
52.554136	19.239866
54.920059	19.239866
54.920059	19.443421
56.769244	19.443421
56.769244	19.779744
59.441479	19.779744
59.441479	20.295003
61.297307	20.295003
61.297307	20.805896
62.678919	20.805896
62.678919	21.381847
64.658842	21.381847
64.658842	21.863689
66.223473	21.863689
66.223473	22.101271
67.578863	22.101271
67.578863	22.256661
69.669247	22.256661
69.669247	22.371852
71.466179	22.371852
71.466179	22.456390
73.040371	22.456390
& cycle # 4, chisq = 335668.829136, e = 41.744521
0.000000	9.650076
0.257356	9.650076
0.257356	9.991782
0.560696	9.991782
0.560696	10.091308
0.756892	10.091308
0.756892	10.179005
1.157529	10.179005
1.157529	10.271719
1.533608	10.271719
1.533608	10.339811
1.833879	10.339811
1.833879	10.427846
2.558571	10.427846
2.558571	10.531971
3.240528	10.531971
3.240528	10.612050
3.802090	10.612050
3.802090	10.716881
5.118663	10.716881
5.118663	10.839035
6.333848	10.839035
6.333848	10.931666
7.348657	10.931666
7.348657	11.047687
9.659230	11.047687
9.659230	11.173242
11.787050	11.173242
11.787050	11.258924
13.587879	11.258924
13.587879	11.351693
17.560510	11.351693
17.560510	11.455329
20.946574	11.455329
20.946574	11.559068
23.569042	11.559068
23.569042	11.767407
28.116345	11.767407
28.116345	12.183047
30.900429	12.183047
30.900429	12.701541
32.654696	12.701541
32.654696	13.555613
35.274549	13.555613
35.274549	14.584645
36.960890	14.584645
36.960890	15.317126
38.196677	15.317126
38.196677	16.250894
40.272775	16.250894
40.272775	17.263057
41.808602	17.263057
41.808602	17.849309
43.082964	17.849309
43.082964	18.285922
45.556831	18.285922
45.556831	18.567158
47.652951	18.567158
47.652951	18.716279
49.446175	18.716279
49.446175	18.884549
52.554136	18.884549
52.554136	19.109160
54.920059	19.109160
54.920059	19.350842
56.769244	19.350842
56.769244	19.744770
59.441479	19.744770
59.441479	20.342193
61.297307	20.342193
61.297307	20.928878
62.678919	20.928878
62.678919	21.582121
64.658842	21.582121
64.658842	22.117926
66.223473	22.117926
66.223473	22.372205
67.578863	22.372205
67.578863	22.527642
69.669247	22.527642
69.669247	22.633333
71.466179	22.633333
71.466179	22.705831
73.040371	22.705831
& cycle # 5, chisq = 386855.016535, e = 41.744521
