25.000000	377.716412
22.490000	373.713359
21.695000	369.703062
21.087500	365.698927
20.452500	361.696839
19.712500	357.687291
18.902500	353.679494
18.182500	349.675504
17.607500	345.663682
17.137500	341.653460
16.735000	337.633732
16.375000	333.625982
16.040000	329.612585
15.717500	325.610829
15.402500	321.609491
15.077500	317.605797
14.742500	313.593764
14.372500	309.571210
13.960000	305.555214
13.447500	301.554462
12.745000	297.549118
12.135000	293.536115
11.557500	289.535256
10.927500	285.523117
10.315000	281.508664
9.767500	277.492870
9.290000	273.482021
8.862500	269.461913
8.457500	265.444191
8.062500	261.425754
7.647500	257.425612
7.175000	253.420535
6.520000	249.411304
4.425000	245.410738
3.647500	241.401896
3.385000	237.386782
3.217500	233.385432
3.090000	229.312639
2.987500	225.269008
2.900000	221.198800
2.822500	217.061248
2.755000	213.009141
2.692500	208.855929
2.635000	204.674816
2.582500	200.543258
2.535000	196.538596
2.490000	192.504653
2.447500	188.474812
2.405000	184.225795
2.365000	180.021657
2.327500	175.895844
2.292500	171.881428
2.257500	167.707301
2.225000	163.687625
2.192500	159.529673
2.160000	155.234254
2.130000	151.148459
2.100000	146.948213
2.070000	142.635222
2.042500	138.584178
2.015000	134.441417
1.987500	130.208448
1.960000	125.886849
1.935000	121.882644
1.910000	117.808039
1.885000	113.664698
1.860000	109.454577
1.835000	105.179993
1.810000	100.843664
0.000000	0.000000
& cycle # 1, chisq = 105379.557062, e = 36.847520
25.000000	480.990020
24.982500	476.576415
24.965000	472.472050
24.945000	468.142447
24.922500	463.695805
24.900000	459.660119
24.875000	455.622190
24.845000	451.342722
24.812500	447.324738
24.772500	443.147163
24.725000	439.132205
24.662500	435.126410
24.567500	431.099523
24.317500	427.095967
18.530000	423.095712
12.250000	419.094361
8.712500	415.089781
7.777500	411.088865
7.102500	407.088414
4.987500	403.086698
4.250000	399.076993
2.942500	395.072321
2.710000	391.052281
2.592500	387.027663
2.507500	382.944576
2.440000	378.860536
2.382500	374.709194
2.332500	370.539677
2.287500	366.301152
2.247500	362.118255
2.212500	358.118176
2.180000	354.105539
2.147500	349.793416
2.117500	345.537082
2.090000	341.394792
2.062500	337.015136
2.037500	332.821756
2.012500	328.421094
1.990000	324.278832
1.967500	319.960384
1.945000	315.461823
1.925000	311.308760
1.905000	307.007663
1.885000	302.555971
1.867500	298.535288
1.850000	294.395907
1.832500	290.136402
1.815000	285.755466
1.797500	281.251919
1.780000	276.624711
1.765000	272.559406
1.750000	268.402063
1.735000	264.152239
1.720000	259.809550
1.705000	255.373666
1.690000	250.844302
1.675000	246.221212
1.660000	241.504186
1.647500	237.501442
1.635000	233.433243
1.622500	229.299511
1.610000	225.100173
1.597500	220.835172
1.585000	216.504464
1.572500	212.108020
1.560000	207.645830
1.547500	203.117907
1.535000	198.524293
1.522500	193.865063
1.510000	189.140329
1.497500	184.350248
1.485000	179.495025
1.472500	174.574921
1.460000	169.590256
1.450000	165.556295
1.440000	161.481486
1.430000	157.366081
1.420000	153.210365
1.410000	149.014648
1.400000	144.779268
1.390000	140.504592
1.380000	136.191012
1.370000	131.838947
1.360000	127.448839
1.350000	123.021151
1.340000	118.556370
1.330000	114.054998
1.320000	109.517557
1.310000	104.944581
1.300000	100.336619
0.000000	0.000000
& cycle # 2, chisq = 98958.454281, e = 36.847520
25.000000	443.385144
24.967500	439.205488
24.927500	435.066516
24.875000	431.012405
24.790000	426.943486
24.152500	422.931377
23.750000	418.930033
22.580000	414.928667
22.110000	410.926991
21.875000	406.896940
21.690000	402.874711
21.527500	398.862205
21.375000	394.851227
21.225000	390.805948
21.075000	386.774656
20.920000	382.763726
20.752500	378.757185
20.562500	374.744227
20.330000	370.743707
19.975000	366.736158
18.285000	362.726919
17.800000	358.726007
17.470000	354.720884
17.185000	350.706866
16.912500	346.688192
16.640000	342.685212
16.342500	338.670281
15.995000	334.668305
15.512500	330.666770
10.970000	326.666323
9.547500	322.655387
8.770000	318.651697
6.717500	314.651431
6.300000	310.620851
6.070000	306.613342
5.895000	302.550330
5.752500	298.550113
5.627500	294.498840
5.515000	290.410212
5.412500	286.330179
5.317500	282.263733
5.227500	278.173705
5.142500	274.109309
5.060000	269.985776
4.982500	265.961302
4.907500	261.940160
4.832500	257.811431
4.760000	253.737010
4.687500	249.600143
4.617500	245.563708
4.547500	241.500434
4.477500	237.423370
4.407500	233.345666
4.337500	229.282318
4.267500	225.251161
4.195000	221.131629
4.122500	217.091762
4.047500	213.019421
3.970000	208.946380
3.890000	204.904283
3.805000	200.808954
3.715000	196.720112
3.620000	192.711316
3.515000	188.685564
3.395000	184.639537
3.252500	180.615171
3.065000	176.591253
2.712500	172.581677
1.427500	168.579269
0.507500	164.576838
0.342500	160.495527
0.267500	156.388010
0.215000	152.217346
0.175000	148.129474
0.142500	144.119599
0.112500	139.798493
0.087500	135.691550
0.065000	131.558123
0.045000	127.506557
0.025000	123.078111
0.007500	118.869845
0.000000	116.965373
& cycle # 3, chisq = 101769.341845, e = 36.847520
25.000000	326.894349
24.242500	322.892198
23.862500	318.871552
23.565000	314.843278
23.245000	310.832717
22.812500	306.820232
21.785000	302.818368
16.842500	298.808966
16.135000	294.796258
15.657500	290.791932
15.255000	286.767662
14.880000	282.743258
14.512500	278.739840
14.122500	274.726499
13.687500	270.718266
13.147500	266.704142
12.382500	262.702552
11.762500	258.696344
10.765000	254.690948
9.535000	250.684122
8.562500	246.675317
7.750000	242.663623
6.730000	238.663073
4.262500	234.651400
3.527500	230.648998
2.217500	226.648284
2.030000	222.599766
1.915000	218.571019
1.827500	214.476849
1.757500	210.444647
1.697500	206.388381
1.645000	202.344187
1.597500	198.257058
1.555000	194.232078
1.515000	190.106680
1.477500	185.925808
1.442500	181.737013
1.410000	177.589693
1.380000	173.533914
1.350000	169.253747
1.322500	165.128471
1.295000	160.805950
1.270000	156.701708
1.245000	152.427708
1.220000	147.980468
1.197500	143.826815
1.175000	139.527149
1.152500	135.078767
1.132500	130.997712
1.112500	126.795455
1.092500	122.470539
1.072500	118.021742
1.052500	113.448096
1.035000	109.343162
1.017500	105.141718
1.000000	100.843491
0.000000	0.000000
& cycle # 4, chisq = 99276.768557, e = 36.847520
25.000000	356.067415
24.880000	352.049724
24.072500	348.047681
23.750000	344.030019
23.515000	340.022805
23.295000	336.017878
23.062500	331.993222
22.792500	327.989853
22.417500	323.984387
17.582500	319.984254
14.040000	315.978083
13.495000	311.967027
13.080000	307.958396
12.752500	303.932574
12.385000	299.929779
11.850000	295.919067
11.317500	291.905207
10.660000	287.892755
9.422500	283.892102
4.277500	279.885948
3.922500	275.880617
3.745000	271.854644
3.620000	267.791520
3.522500	263.748565
3.440000	259.629349
3.370000	255.563587
3.307500	251.439444
3.252500	247.387852
3.202500	243.334520
3.155000	239.136093
3.112500	235.076519
3.072500	230.981621
3.035000	226.890811
3.000000	222.844011
2.965000	218.567868
2.932500	214.384163
2.902500	210.333728
2.872500	206.096141
2.845000	202.042054
2.817500	197.820810
2.790000	193.427673
2.765000	189.280831
2.740000	184.984687
2.715000	180.535973
2.692500	176.399097
2.670000	172.133932
2.647500	167.738402
2.627500	163.720209
2.607500	159.596085
2.587500	155.364706
2.567500	151.024771
2.547500	146.574980
2.527500	142.014027
2.510000	137.930962
2.492500	133.760867
2.475000	129.502817
2.457500	125.155866
2.440000	120.719053
2.422500	116.191401
2.405000	111.571926
2.390000	107.538545
2.375000	103.436364
0.000000	0.000000
& cycle # 5, chisq = 110307.867221, e = 36.847520
25.000000	377.716412
23.280000	373.715926
22.860000	369.700537
22.510000	365.679958
22.162500	361.663232
21.772500	357.650477
21.255000	353.646110
20.152500	349.645110
17.660000	345.640787
16.802500	341.635370
16.225000	337.634818
15.722500	333.616078
15.235000	329.597832
14.702500	325.594568
13.992500	321.589328
12.117500	317.588830
9.405000	313.585047
8.430000	309.575473
7.770000	305.570342
7.155000	301.567919
6.395000	297.564899
3.592500	293.560509
3.077500	289.539180
2.860000	285.505610
2.715000	281.504608
2.602500	277.454952
2.510000	273.398978
2.430000	269.295882
2.360000	265.203110
2.297500	261.114783
2.240000	256.964126
2.187500	252.829538
2.140000	248.792806
2.095000	244.700467
2.052500	240.589007
2.012500	236.494593
1.975000	232.452678
1.937500	228.208623
1.902500	224.060566
1.870000	220.043705
1.837500	215.865194
1.807500	211.862969
1.777500	207.720485
1.747500	203.437443
1.720000	199.388027
1.692500	195.221150
1.665000	190.937443
1.637500	186.537601
1.612500	182.437540
1.587500	178.242538
1.562500	173.953052
1.537500	169.569571
1.515000	165.544571
1.492500	161.444514
1.470000	157.270199
1.447500	153.022690
1.425000	148.703364
1.402500	144.313932
1.380000	139.856432
1.360000	135.838952
1.340000	131.771341
1.320000	127.655518
1.300000	123.493474
1.280000	119.287227
1.260000	115.038795
1.240000	110.750173
1.220000	106.423336
1.200000	102.060249
0.000000	0.000000
& cycle # 1, chisq = 96164.830912, e = 35.898977
25.000000	480.990020
24.972500	476.804143
24.942500	472.462696
24.912500	468.341830
24.880000	464.108945
24.845000	459.811698
24.810000	455.763394
24.772500	451.679228
24.732500	447.597890
24.690000	443.553154
24.642500	439.352831
24.592500	435.262761
24.537500	431.128695
24.477500	427.014279
24.412500	422.963455
24.340000	418.887932
24.260000	414.876965
24.167500	410.778771
24.062500	406.714739
23.940000	402.647461
23.797500	398.637325
23.625000	394.609026
23.412500	390.576455
23.145000	386.556804
22.802500	382.552037
22.357500	378.539173
21.800000	374.535290
21.172500	370.521141
20.577500	366.510162
20.075000	362.497625
19.662500	358.482065
19.315000	354.458975
19.017500	350.435084
18.752500	346.404787
18.515000	342.385120
18.295000	338.339091
18.090000	334.325268
17.895000	330.273467
17.710000	326.241308
17.530000	322.201877
17.355000	318.188366
17.182500	314.147078
17.012500	310.115423
16.842500	306.100683
16.670000	302.082186
16.495000	298.062124
16.315000	294.012275
16.127500	289.966604
15.930000	285.955940
15.717500	281.913691
15.487500	277.888726
15.225000	273.877536
14.912500	269.865190
14.507500	265.863395
13.822500	261.854871
11.412500	257.852818
10.180000	253.840581
9.645000	249.829066
9.282500	245.805030
9.002500	241.788224
8.765000	237.748987
8.555000	233.734322
8.365000	229.719801
8.187500	225.667496
8.020000	221.647319
7.857500	217.611736
7.700000	213.588535
7.545000	209.552951
7.390000	205.508684
7.232500	201.462219
7.072500	197.458736
6.905000	193.414690
6.727500	189.363124
6.535000	185.345587
6.317500	181.342319
6.055000	177.309381
5.692500	173.308510
2.802500	169.307610
2.072500	165.279129
1.865000	161.255536
1.725000	157.241985
1.615000	153.220045
1.522500	149.192613
1.440000	145.065715
1.367500	141.005927
1.300000	136.863037
1.237500	132.722807
1.180000	128.661809
1.125000	124.556433
1.072500	120.443886
1.022500	116.364150
0.975000	112.357601
0.927500	108.241517
0.880000	104.032857
0.000000	0.000000
& cycle # 2, chisq = 101666.866773, e = 35.898977
25.000000	443.385144
24.982500	438.898780
24.965000	434.634183
24.947500	430.588473
24.927500	426.219331
24.907500	422.106052
24.885000	417.772446
24.862500	413.738464
24.837500	409.588226
24.810000	405.398555
24.780000	401.245643
24.747500	397.206823
24.710000	393.097121
24.667500	389.082176
24.615000	384.951204
24.550000	380.934449
24.457500	376.926497
24.262500	372.920152
23.432500	368.885742
23.217500	364.834069
23.057500	360.804080
22.920000	356.769142
22.795000	352.728554
22.677500	348.700334
22.562500	344.613672
22.450000	340.525123
22.340000	336.490498
22.230000	332.476538
22.117500	328.438579
22.002500	324.407615
21.882500	320.331722
21.757500	316.268408
21.625000	312.202894
21.485000	308.187075
21.332500	304.138845
21.165000	300.105826
20.977500	296.105187
20.760000	292.070883
20.500000	288.038571
20.175000	284.013969
19.747500	280.013700
19.157500	275.999458
18.415000	271.995301
17.695000	267.989687
17.105000	263.981445
16.620000	259.964711
16.200000	255.950549
15.825000	251.930854
15.470000	247.925407
15.130000	243.919135
14.782500	239.895239
14.425000	235.889037
14.027500	231.866537
13.562500	227.862040
12.880000	223.859124
10.237500	219.849607
9.535000	215.839020
9.020000	211.825855
8.565000	207.811291
8.125000	203.808383
7.657500	199.805305
7.115000	195.797814
6.347500	191.797245
3.207500	187.795286
2.187500	183.780337
1.842500	179.757631
1.620000	175.707756
1.452500	171.646622
1.317500	167.575230
1.205000	163.558753
1.107500	159.555002
1.020000	155.491679
0.940000	151.357549
0.867500	147.241474
0.802500	143.223224
0.742500	139.215780
0.685000	135.094962
0.632500	131.084706
0.582500	127.032268
0.535000	122.956231
0.490000	118.881257
0.447500	114.838322
0.405000	110.602696
0.365000	106.431112
0.327500	102.346669
0.000000	0.000000
& cycle # 3, chisq = 96160.161832, e = 35.898977
25.000000	326.894349
19.527500	322.892615
17.970000	318.889259
17.332500	314.874054
16.807500	310.857751
16.265000	306.855390
15.452500	302.851734
13.220000	298.838250
12.780000	294.812620
12.407500	290.810685
11.940000	286.795527
11.535000	282.782673
11.070000	278.768100
10.350000	274.766413
8.210000	270.765257
7.702500	266.758066
7.290000	262.733642
6.862500	258.715556
6.262500	254.707755
3.037500	250.689203
2.770000	246.687581
2.632500	242.658130
2.535000	238.646173
2.457500	234.635973
2.392500	230.631999
2.335000	226.547818
2.285000	222.545118
2.237500	218.325312
2.195000	214.185088
2.155000	209.958977
2.117500	205.695605
2.082500	201.444502
2.050000	197.254964
2.020000	193.175242
1.990000	188.886458
1.962500	184.767158
1.935000	180.464207
1.910000	176.389996
1.885000	172.158445
1.860000	167.767271
1.837500	163.677127
1.815000	159.454982
1.792500	155.099996
1.770000	150.611633
1.750000	146.509804
1.730000	142.302410
1.710000	137.989614
1.690000	133.571710
1.670000	129.049092
1.652500	125.006274
1.635000	120.884003
1.617500	116.682665
1.600000	112.402673
1.582500	108.044472
1.565000	103.608549
0.000000	0.000000
& cycle # 4, chisq = 97613.651362, e = 35.898977
25.000000	356.067415
24.337500	352.065446
24.025000	348.049336
23.712500	344.030300
23.315000	340.019844
20.760000	336.018733
16.882500	332.012653
15.915000	328.004025
14.930000	323.998823
13.072500	319.998516
7.715000	315.993893
5.987500	311.993670
4.045000	307.982213
3.775000	303.981404
3.597500	299.933179
3.462500	295.915617
3.350000	291.847175
3.255000	287.830236
3.170000	283.737201
3.095000	279.706357
3.025000	275.570964
2.962500	271.560089
2.902500	267.413457
2.847500	263.345082
2.795000	259.211922
2.745000	255.039561
2.697500	250.855572
2.652500	246.689068
2.610000	242.569826
2.570000	238.527343
2.530000	234.322521
2.492500	230.231322
2.455000	225.993757
2.420000	221.904567
2.385000	217.683648
2.352500	213.644275
2.320000	209.487584
2.287500	205.212042
2.257500	201.158882
2.227500	197.002889
2.197500	192.743859
2.167500	188.381928
2.140000	184.293432
2.112500	180.119230
2.085000	175.859777
2.057500	171.515477
2.032500	167.492736
2.007500	163.400230
1.982500	159.237968
1.957500	155.005877
1.932500	150.703842
1.907500	146.331766
1.882500	141.889637
1.860000	137.831937
1.837500	133.717854
1.815000	129.547800
1.792500	125.322366
1.770000	121.042315
1.747500	116.708564
1.725000	112.322154
1.702500	107.884199
1.680000	103.395844
0.000000	0.000000
& cycle # 5, chisq = 98998.126326, e = 35.898977
25.000000	377.716412
24.822500	373.688215
24.595000	369.684806
24.217500	365.677913
22.340000	361.665351
21.752500	357.665256
21.270000	353.645518
20.752500	349.633155
19.955000	345.632148
16.915000	341.626780
15.847500	337.618452
10.572500	333.618337
5.290000	329.614090
4.680000	325.609083
4.332500	321.590573
4.090000	317.567743
3.902500	313.562536
3.747500	309.506917
3.617500	305.487795
3.502500	301.409974
3.400000	297.319852
3.307500	293.218870
3.225000	289.200244
3.147500	285.092479
3.077500	281.091842
3.010000	276.963334
2.947500	272.894723
2.887500	268.756656
2.832500	264.754218
2.780000	260.738696
2.730000	256.730800
2.680000	252.538950
2.632500	248.383369
2.587500	244.289177
2.545000	240.281007
2.502500	236.134559
2.462500	232.104558
2.422500	227.949387
2.385000	223.938508
2.347500	219.814176
2.310000	215.574808
2.275000	211.513265
2.240000	207.350141
2.205000	203.085691
2.172500	199.035882
2.140000	194.900570
2.107500	190.681105
2.075000	186.378909
2.045000	182.335377
2.015000	178.223383
1.985000	174.043648
1.955000	169.796744
1.925000	165.483186
1.897500	161.471040
1.870000	157.404003
1.842500	153.282954
1.815000	149.109109
1.787500	144.884055
1.760000	140.609750
1.732500	136.288464
1.705000	131.922696
1.680000	127.917405
1.655000	123.879456
1.630000	119.810727
1.605000	115.712987
1.580000	111.587883
1.555000	107.436969
1.530000	103.261761
0.000000	0.000000
& cycle # 1, chisq = 108857.815846, e = 36.482135
25.000000	480.990020
24.952500	476.967222
24.897500	472.854969
24.835000	468.794970
24.762500	464.769534
24.675000	460.720902
24.567500	456.690372
24.430000	452.679274
24.245000	448.665166
23.982500	444.649910
23.595000	440.632838
23.007500	436.622567
19.900000	432.621711
17.147500	428.609277
16.707500	424.604773
16.390000	420.597433
16.125000	416.564013
15.887500	412.540484
15.670000	408.532821
15.462500	404.502624
15.257500	400.465800
15.052500	396.426477
14.847500	392.399429
14.635000	388.370899
14.405000	384.336524
14.155000	380.306747
13.875000	376.301496
13.517500	372.294193
13.020000	368.291230
12.165000	364.281216
10.007500	360.278705
8.560000	356.273107
7.967500	352.262954
7.537500	348.241822
7.175000	344.222549
6.842500	340.205125
6.520000	336.189718
6.190000	332.176239
5.837500	328.171718
5.435000	324.154639
4.950000	320.141649
4.375000	316.131306
3.842500	312.126922
3.470000	308.114600
3.215000	304.088914
3.030000	300.084378
2.882500	296.009118
2.762500	291.959095
2.660000	287.865410
2.572500	283.841928
2.495000	279.829236
2.425000	275.808932
2.360000	271.709048
2.300000	267.585017
2.245000	263.498403
2.192500	259.309593
2.145000	255.267714
2.100000	251.210864
2.057500	247.170486
2.015000	242.921692
1.975000	238.727080
1.937500	234.617308
1.900000	230.331277
1.865000	226.168234
1.832500	222.159309
1.800000	218.010796
1.767500	213.721826
1.737500	209.637960
1.707500	205.434578
1.677500	201.112258
1.650000	197.046233
1.622500	192.881351
1.595000	188.618036
1.567500	184.256638
1.542500	180.206892
1.517500	176.076670
1.492500	171.866445
1.467500	167.576962
1.442500	163.209323
1.417500	158.765064
1.395000	154.701358
1.372500	150.578958
1.350000	146.399876
1.327500	142.166315
1.305000	137.880602
1.282500	133.545111
1.260000	129.162208
1.237500	124.734211
1.215000	120.263386
1.195000	116.255180
1.175000	112.216514
1.155000	108.149069
1.135000	104.054664
0.000000	0.000000
& cycle # 2, chisq = 106957.932612, e = 36.482135
25.000000	443.385144
24.930000	439.275628
24.837500	435.220660
24.697500	431.206715
24.375000	427.202408
21.142500	423.199157
20.570000	419.197071
20.177500	415.180765
19.845000	411.174533
19.532500	407.165314
19.217500	403.158220
18.875000	399.149734
18.460000	395.139997
17.797500	391.133817
9.482500	387.131660
8.690000	383.110898
8.310000	379.099117
8.030000	375.097047
7.792500	371.068376
7.582500	367.024913
7.390000	362.988935
7.207500	358.969265
7.030000	354.930615
6.857500	350.924107
6.685000	346.919171
6.507500	342.895427
6.322500	338.862014
6.127500	334.833925
5.915000	330.807571
5.675000	326.798741
5.390000	322.767591
5.025000	318.761374
4.510000	314.749802
3.865000	310.739189
3.407500	306.726698
3.132500	302.689079
2.947500	298.688900
2.805000	294.608580
2.692500	290.589894
2.597500	286.539917
2.515000	282.471181
2.442500	278.427600
2.377500	274.394219
2.317500	270.298781
2.262500	266.207617
2.212500	262.192676
2.165000	258.106527
2.120000	253.983147
2.077500	249.857515
2.037500	245.764419
2.000000	241.737823
1.962500	237.523820
1.927500	233.417970
1.892500	229.141998
1.860000	225.016756
1.827500	220.740985
1.797500	216.659901
1.767500	212.450090
1.737500	208.112325
1.710000	204.024750
1.682500	199.832071
1.655000	195.535775
1.627500	191.137431
1.602500	187.051717
1.577500	182.884176
1.552500	178.636044
1.527500	174.308662
1.502500	169.903570
1.480000	165.874058
1.457500	161.784709
1.435000	157.637466
1.412500	153.434619
1.390000	149.178817
1.367500	144.873044
1.345000	140.520577
1.322500	136.124916
1.300000	131.689716
1.277500	127.218707
1.257500	123.217450
1.237500	119.193493
1.217500	115.149460
1.197500	111.087984
1.177500	107.011747
1.157500	102.923524
0.000000	0.000000
& cycle # 3, chisq = 106959.647684, e = 36.482135
25.000000	356.067415
24.957500	351.928608
24.910000	347.832152
24.855000	343.706984
24.790000	339.586305
24.712500	335.576172
24.610000	331.507521
24.462500	327.504253
24.167500	323.498271
22.317500	319.490864
21.672500	315.479722
21.287500	311.458479
20.977500	307.455035
20.695000	303.439377
20.422500	299.430590
20.142500	295.425864
19.835000	291.396357
19.467500	287.389098
18.922500	283.386960
15.430000	279.386089
12.350000	275.383497
11.895000	271.380363
11.402500	267.368692
10.805000	263.367708
8.247500	259.364095
7.112500	255.359930
5.277500	251.341062
5.000000	247.299700
4.827500	243.247359
4.697500	239.231921
4.590000	235.211722
4.497500	231.195909
4.415000	227.143969
4.340000	223.051518
4.272500	219.021413
4.210000	214.989252
4.150000	210.842073
4.095000	206.799791
4.042500	202.723824
3.992500	198.641783
3.945000	194.580256
3.900000	190.565106
3.855000	186.385119
3.812500	182.284785
3.770000	178.035824
3.730000	173.901427
3.690000	169.636857
3.652500	165.522098
3.615000	161.296175
3.580000	157.253413
3.545000	153.117152
3.510000	148.888955
3.477500	144.881709
3.445000	140.797459
3.412500	136.637145
3.380000	132.401660
3.347500	128.091932
3.317500	124.048732
3.287500	119.944154
3.257500	115.779399
3.227500	111.555927
3.197500	107.275468
3.167500	102.940027
0.000000	0.000000
& cycle # 5, chisq = 141077.805914, e = 36.482135
25.000000	488.494939
24.982500	484.438177
24.962500	480.324667
24.940000	476.308918
24.912500	472.176925
24.877500	467.983602
24.830000	463.867470
24.747500	459.824283
24.242500	455.790743
24.070000	451.758377
23.937500	447.684502
23.815000	443.680726
23.685000	439.615056
23.535000	435.578699
23.322500	431.576484
22.300000	427.569954
21.992500	423.547510
21.800000	419.527341
21.642500	415.484751
21.502500	411.453917
21.370000	407.394769
21.242500	403.367585
21.115000	399.310101
20.985000	395.243416
20.850000	391.206736
20.705000	387.177145
20.545000	383.170009
20.357500	379.150384
20.115000	375.133496
19.712500	371.123570
15.715000	367.118704
14.925000	363.101341
14.537500	359.076190
14.232500	355.060341
13.972500	351.050492
13.725000	347.023197
13.482500	343.014717
13.247500	339.010964
12.997500	334.993761
12.707500	330.993334
12.432500	326.977771
12.192500	322.956948
11.925000	318.956704
11.540000	314.946371
10.845000	310.943152
5.312500	306.936555
4.307500	302.936448
3.762500	298.932214
3.425000	294.926199
3.187500	290.908169
3.007500	286.897767
2.860000	282.828837
2.737500	278.788098
2.632500	274.758522
2.540000	270.724676
2.457500	266.710205
2.382500	262.689174
2.312500	258.588222
2.247500	254.455905
2.187500	250.348332
2.132500	246.326315
2.080000	242.251661
2.030000	238.151797
1.982500	234.053262
1.937500	229.981771
1.895000	225.962856
1.852500	221.770993
1.812500	217.664983
1.772500	213.401892
1.735000	209.262751
1.697500	204.986796
1.662500	200.873822
1.627500	196.644291
1.595000	192.613447
1.562500	188.483688
1.530000	184.255583
1.497500	179.929862
1.467500	175.851280
1.437500	171.692094
1.407500	167.454590
1.377500	163.141838
1.350000	159.125593
1.322500	155.052582
1.295000	150.926299
1.267500	146.750262
1.240000	142.527891
1.212500	138.262462
1.185000	133.957161
1.157500	129.615246
1.130000	125.240262
1.105000	121.237727
1.080000	117.214799
1.055000	113.175599
1.030000	109.124763
1.005000	105.067334
0.980000	101.008585
0.000000	0.000000
& cycle # 6, chisq = 107030.623210, e = 36.482135
25.000000	377.716412
24.935000	373.604957
24.830000	369.580479
23.920000	365.572526
22.012500	361.567243
21.462500	357.559630
21.085000	353.549951
20.750000	349.541455
20.422500	345.534855
20.080000	341.518377
19.707500	337.516471
19.275000	333.500262
18.752500	329.498802
18.082500	325.496812
17.160000	321.494471
13.887500	317.491679
12.772500	313.482791
11.952500	309.480379
11.185000	305.476078
10.137500	301.471987
7.672500	297.466131
7.137500	293.459716
6.720000	289.453809
6.332500	285.452385
5.940000	281.449472
5.502500	277.437400
4.980000	273.426447
4.365000	269.421022
3.820000	265.415933
3.452500	261.391471
3.202500	257.358473
3.020000	253.350850
2.875000	249.327492
2.755000	245.298299
2.652500	241.260047
2.562500	237.206405
2.482500	233.171243
2.410000	229.136725
2.342500	225.033551
2.280000	220.916275
2.222500	216.844939
2.167500	212.688651
2.117500	208.684414
2.070000	204.679626
2.022500	200.478038
1.977500	196.314693
1.935000	192.217831
1.895000	188.214713
1.855000	184.068645
1.817500	180.052884
1.780000	175.914790
1.742500	171.658066
1.707500	167.582424
1.672500	163.412403
1.637500	159.153007
1.605000	155.122249
1.572500	151.022804
1.540000	146.858717
1.507500	142.634272
1.475000	138.354294
1.442500	134.024472
1.412500	129.989318
1.382500	125.923688
1.352500	121.834594
1.322500	117.729641
1.292500	113.616767
1.262500	109.503975
1.232500	105.399148
1.202500	101.309995
0.000000	0.000000
& cycle # 1, chisq = 111534.471695, e = 35.128472
25.000000	480.990020
24.970000	476.971593
24.935000	472.765073
24.895000	468.516229
24.850000	464.363861
24.797500	460.235801
24.735000	456.151703
24.657500	452.102207
24.555000	448.026189
24.410000	443.972139
24.187500	439.960291
23.845000	435.943183
23.452500	431.923984
23.105000	427.892837
22.802500	423.891777
22.515000	419.861409
22.220000	415.853165
21.880000	411.841897
21.370000	407.835818
19.117500	403.833928
18.310000	399.831601
17.262500	395.828469
10.305000	391.824135
9.665000	387.805697
9.305000	383.788822
9.040000	379.748460
8.825000	375.728069
8.637500	371.707706
8.470000	367.692374
8.317500	363.679903
8.175000	359.656313
8.040000	355.647725
7.910000	351.638976
7.782500	347.580895
7.660000	343.579488
7.537500	339.509542
7.417500	335.502347
7.295000	331.439222
7.170000	327.358627
7.042500	323.289498
6.912500	319.265730
6.775000	315.196816
6.630000	311.181191
6.470000	307.137503
6.290000	303.103186
6.077500	299.077127
5.797500	295.070439
5.280000	291.060739
2.845000	287.054564
2.625000	282.991274
2.495000	278.964946
2.397500	274.884238
2.320000	270.857190
2.252500	266.699124
2.195000	262.627032
2.142500	258.448199
2.095000	254.263966
2.052500	250.177816
2.012500	246.022528
1.975000	241.842453
1.940000	237.682627
1.907500	233.588416
1.875000	229.264090
1.845000	225.062545
1.817500	221.030147
1.790000	216.821533
1.762500	212.434211
1.737500	208.288968
1.712500	203.993187
1.687500	199.545916
1.665000	195.413205
1.642500	191.156667
1.620000	186.775855
1.597500	182.270355
1.577500	178.160481
1.557500	173.951561
1.537500	169.643439
1.517500	165.236058
1.497500	160.729504
1.480000	156.705126
1.462500	152.605349
1.445000	148.430648
1.427500	144.181662
1.410000	139.859203
1.392500	135.464256
1.375000	130.997973
1.357500	126.461657
1.340000	121.856751
1.325000	117.856271
1.310000	113.807568
1.295000	109.711712
1.280000	105.569799
1.265000	101.382945
0.000000	0.000000
& cycle # 2, chisq = 111092.328057, e = 35.128472
25.000000	443.385144
24.950000	439.284952
24.885000	435.259843
24.785000	431.205273
24.515000	427.194179
20.492500	423.189086
20.147500	419.168206
19.915000	415.135769
19.730000	411.126922
19.570000	407.067381
19.427500	403.011535
19.297500	398.989190
19.175000	394.944771
19.060000	390.938282
18.950000	386.932404
18.842500	382.880219
18.737500	378.824976
18.635000	374.805088
18.532500	370.748359
18.430000	366.670845
18.327500	362.587259
18.225000	358.518012
18.122500	354.491274
18.017500	350.442873
17.910000	346.407040
17.797500	342.320737
17.682500	338.298868
17.562500	334.281060
17.435000	330.237417
17.297500	326.176270
17.147500	322.133932
16.980000	318.096118
16.790000	314.092962
16.560000	310.070532
16.252500	306.066596
15.727500	302.059075
12.062500	298.053769
10.900000	294.052952
10.137500	290.052741
9.650000	286.050978
9.295000	282.045187
9.017500	278.029407
8.785000	273.985599
8.582500	269.952208
8.402500	265.907047
8.240000	261.862380
8.090000	257.825666
7.950000	253.820401
7.815000	249.742966
7.687500	245.694404
7.565000	241.635414
7.447500	237.614819
7.332500	233.591757
7.217500	229.506452
7.105000	225.463341
6.992500	221.385301
6.882500	217.383224
6.770000	213.307312
6.657500	209.286999
6.542500	205.268792
6.422500	201.198303
6.300000	197.190278
6.170000	193.128397
6.032500	189.096191
5.882500	185.066174
5.715000	181.059120
5.517500	177.017004
5.267500	173.010339
4.857500	169.003800
1.830000	164.997839
1.385000	160.996932
1.210000	156.959631
1.087500	152.930235
0.990000	148.907598
0.905000	144.786456
0.830000	140.666152
0.762500	136.565095
0.700000	132.448554
0.642500	128.412664
0.587500	124.347684
0.535000	120.295112
0.482500	116.096581
0.432500	111.994390
0.382500	107.822790
0.335000	103.818045
0.000000	0.000000
& cycle # 3, chisq = 112467.938389, e = 35.128472
25.000000	356.067415
24.862500	352.046195
24.627500	348.026782
21.602500	344.022673
20.697500	340.007511
20.187500	336.001769
19.767500	331.991475
19.375000	327.967871
18.982500	323.949440
18.555000	319.948515
18.030000	315.935064
17.140000	311.931358
11.620000	307.930951
10.880000	303.928881
10.412500	299.909420
10.030000	295.892704
9.692500	291.862868
9.370000	287.858486
9.045000	283.838609
8.700000	279.836570
8.292500	275.827390
7.695000	271.821650
3.802500	267.819041
3.347500	263.792838
3.162500	259.746807
3.035000	255.673248
2.935000	251.585272
2.852500	247.532546
2.780000	243.401855
2.717500	239.373242
2.660000	235.257187
2.607500	231.137781
2.560000	227.101005
2.515000	222.995548
2.472500	218.858696
2.432500	214.727580
2.395000	210.638992
2.360000	206.629322
2.325000	202.427861
2.292500	198.350974
2.260000	194.101949
2.230000	190.024859
2.200000	185.797551
2.172500	181.789699
2.145000	177.654312
2.117500	173.391144
2.090000	169.000094
2.065000	164.897234
2.040000	160.688645
2.015000	156.374289
1.990000	151.954097
1.967500	147.885367
1.945000	143.730804
1.922500	139.490416
1.900000	135.164309
1.877500	130.752724
1.855000	126.256089
1.835000	122.188199
1.815000	118.054237
1.795000	113.854985
1.775000	109.591390
1.755000	105.264548
1.735000	100.875696
0.000000	0.000000
& cycle # 5, chisq = 113182.785262, e = 35.128472
25.000000	488.494939
24.822500	484.481762
24.135000	480.443202
23.950000	476.399959
23.805000	472.374714
23.675000	468.370545
23.547500	464.294394
23.420000	460.237973
23.287500	456.230531
23.140000	452.185443
22.967500	448.162748
22.735000	444.144809
22.117500	440.141890
20.872500	436.139645
20.537500	432.127849
20.260000	428.092535
20.000000	424.070320
19.730000	420.057862
19.422500	416.049997
18.990000	412.046353
17.027500	408.037696
16.437500	404.029672
16.042500	400.014254
15.690000	396.013997
15.335000	392.003930
14.920000	388.001382
14.255000	383.994991
11.665000	379.994067
10.932500	375.993992
10.272500	371.982256
9.017500	367.980957
4.587500	363.980952
3.292500	359.970689
3.047500	355.937060
2.895000	351.895110
2.782500	347.870389
2.692500	343.853717
2.615000	339.730870
2.547500	335.577229
2.487500	331.400531
2.435000	327.338409
2.387500	323.309025
2.342500	319.158814
2.300000	314.922299
2.262500	310.914023
2.225000	306.639970
2.190000	302.400927
2.157500	298.240560
2.127500	294.202455
2.097500	289.968866
2.070000	285.911600
2.042500	281.680975
2.017500	277.680641
1.992500	273.529617
1.967500	269.224163
1.945000	265.214050
1.922500	261.072920
1.900000	256.797964
1.877500	252.386435
1.857500	248.348286
1.837500	244.198386
1.817500	239.935094
1.797500	235.556892
1.777500	231.062392
1.760000	227.033305
1.742500	222.913428
1.725000	218.702036
1.707500	214.398448
1.690000	210.002008
1.672500	205.512071
1.655000	200.927995
1.640000	196.923361
1.625000	192.848653
1.610000	188.703433
1.595000	184.487248
1.580000	180.199636
1.565000	175.840129
1.550000	171.408263
1.535000	166.903582
1.520000	162.325652
1.505000	157.674069
1.490000	152.948477
1.475000	148.148571
1.462500	144.091708
1.450000	139.982972
1.437500	135.822302
1.425000	131.609678
1.412500	127.345118
1.400000	123.028682
1.387500	118.660468
1.375000	114.240611
1.362500	109.769278
1.350000	105.246664
1.337500	100.672988
0.000000	0.000000
& cycle # 6, chisq = 111023.747137, e = 35.128472
25.000000	480.990020
24.987500	476.470535
24.975000	472.221331
24.960000	467.463383
24.945000	463.059450
24.930000	458.985708
24.912500	454.620855
24.892500	450.108586
24.872500	446.067356
24.850000	442.036062
24.822500	437.772726
24.790000	433.559537
24.750000	429.425425
24.695000	425.286309
24.602500	421.221012
23.892500	417.212142
23.402500	413.203151
21.957500	409.190398
21.525000	405.173320
21.097500	401.164681
19.460000	397.159937
18.740000	393.147336
18.372500	389.123214
18.070000	385.089494
17.785000	381.073802
17.495000	377.068212
17.172500	373.064595
16.757500	369.058379
15.827500	365.056242
11.712500	361.055483
6.455000	357.050144
5.327500	353.044206
4.115000	349.038296
3.532500	345.024904
3.245000	341.012117
3.057500	336.964685
2.917500	332.894048
2.807500	328.891709
2.715000	324.858785
2.635000	320.801479
2.565000	316.768299
2.502500	312.751124
2.445000	308.679841
2.392500	304.623730
2.342500	300.437926
2.297500	296.383765
2.255000	292.291175
2.215000	288.194452
2.177500	284.129772
2.140000	279.841144
2.105000	275.630480
2.072500	271.535976
2.040000	267.259139
2.010000	263.145395
1.980000	258.868381
1.952500	254.800885
1.925000	250.589599
1.897500	246.231394
1.872500	242.139405
1.847500	237.921523
1.822500	233.575982
1.800000	229.554626
1.777500	225.427822
1.755000	221.194921
1.732500	216.855457
1.710000	212.409111
1.690000	208.366900
1.670000	204.239961
1.650000	200.028197
1.630000	195.731506
1.610000	191.349770
1.590000	186.882851
1.570000	182.330602
1.552500	178.277280
1.535000	174.158454
1.517500	169.974100
1.500000	165.724259
1.482500	161.409057
1.465000	157.028727
1.447500	152.583628
1.430000	148.074256
1.412500	143.501252
1.395000	138.865407
1.380000	134.842507
1.365000	130.774777
1.350000	126.662934
1.335000	122.507746
1.320000	118.310019
1.305000	114.070586
1.290000	109.790292
1.275000	105.469993
1.260000	101.110541
0.000000	0.000000
& cycle # 2, chisq = 111890.079859, e = 36.329960
25.000000	443.385144
24.962500	439.300467
24.917500	435.253224
24.860000	431.202437
24.777500	427.110498
24.625000	423.077147
20.750000	419.070687
19.930000	415.069650
19.430000	411.059130
18.982500	407.042701
18.507500	403.031644
17.857500	399.020982
12.197500	395.020510
8.637500	391.020491
8.087500	387.008819
7.672500	382.998855
7.287500	378.979879
6.865000	374.979126
6.222500	370.971169
3.085000	366.946865
2.855000	362.921576
2.725000	358.828441
2.632500	354.805792
2.557500	350.732031
2.495000	346.708272
2.440000	342.645361
2.390000	338.490685
2.345000	334.347703
2.305000	330.323428
2.267500	326.243109
2.232500	322.154416
2.200000	318.106424
2.167500	313.808803
2.137500	309.614263
2.110000	305.572943
2.082500	301.339979
2.057500	297.322463
2.032500	293.140851
2.007500	288.792457
1.985000	284.734101
1.962500	280.536588
1.940000	276.198075
1.917500	271.716829
1.897500	267.612395
1.877500	263.392967
1.857500	259.057741
1.837500	254.606100
1.817500	250.037640
1.800000	245.944264
1.782500	241.761337
1.765000	237.489021
1.747500	233.127611
1.730000	228.677523
1.712500	224.139284
1.695000	219.513517
1.680000	215.479444
1.665000	211.382070
1.650000	207.221914
1.635000	202.999524
1.620000	198.715472
1.605000	194.370357
1.590000	189.964804
1.575000	185.499469
1.560000	180.975047
1.545000	176.392276
1.530000	171.751952
1.515000	167.054938
1.500000	162.302175
1.487500	158.299693
1.475000	154.259861
1.462500	150.183383
1.450000	146.071017
1.437500	141.923583
1.425000	137.741957
1.412500	133.527079
1.400000	129.279948
1.387500	125.001620
1.375000	120.693206
1.362500	116.355870
1.350000	111.990822
1.337500	107.599313
1.325000	103.182630
0.000000	0.000000
& cycle # 3, chisq = 111827.685929, e = 36.329960
25.000000	326.894349
24.880000	322.872606
22.862500	318.870581
22.395000	314.844722
22.127500	310.815796
21.912500	306.811657
21.717500	302.772241
21.532500	298.722159
21.350000	294.694705
21.162500	290.656362
20.965000	286.632133
20.745000	282.598387
20.487500	278.580253
20.150000	274.564735
19.545000	270.559722
5.952500	266.559518
4.280000	262.557780
3.760000	258.537306
3.475000	254.516422
3.277500	250.494071
3.125000	246.426174
3.002500	242.413492
2.897500	238.362237
2.805000	234.256307
2.725000	230.247186
2.652500	226.211017
2.585000	222.084574
2.522500	217.929119
2.465000	213.807118
2.412500	209.780222
2.362500	205.699212
2.315000	201.589252
2.270000	197.477362
2.227500	193.392413
2.187500	189.364534
2.147500	185.155805
2.110000	181.043672
2.072500	176.768583
2.037500	172.629770
2.002500	168.345488
1.970000	164.235129
1.937500	159.995685
1.907500	155.966206
1.877500	151.823936
1.847500	147.567956
1.820000	143.566355
1.792500	139.468886
1.765000	135.276024
1.737500	130.988620
1.710000	126.607828
1.685000	122.545385
1.660000	118.407952
1.635000	114.196595
1.610000	109.912321
1.585000	105.556070
1.560000	101.128725
0.000000	0.000000
& cycle # 4, chisq = 114107.614932, e = 36.329960
25.000000	356.067415
24.845000	352.020581
23.940000	348.018432
23.210000	344.005791
22.787500	339.994533
22.317500	335.980501
21.225000	331.978101
17.347500	327.970701
16.715000	323.955158
16.162500	319.944130
15.512500	315.933034
13.005000	311.927670
12.330000	307.922620
12.012500	303.922456
11.682500	299.907571
11.335000	295.898296
10.907500	291.889010
9.262500	287.888371
8.245000	283.877382
7.815000	279.871863
7.430000	275.861540
6.980000	271.846241
5.535000	267.841726
5.247500	263.818406
5.087500	259.767241
4.970000	255.706860
4.875000	251.645277
4.795000	247.634252
4.722500	243.503033
4.657500	239.377940
4.597500	235.200971
4.542500	231.048162
4.492500	226.994347
4.445000	222.889981
4.400000	218.768363
4.357500	214.663355
4.317500	210.608849
4.277500	206.367606
4.240000	202.221123
4.205000	198.202192
4.170000	194.039660
4.135000	189.733849
4.102500	185.607665
4.070000	181.358643
4.040000	177.327722
4.010000	173.192644
3.980000	168.953631
3.950000	164.610924
3.922500	160.539275
3.895000	156.381063
3.867500	152.136721
3.840000	147.806836
3.815000	143.796993
3.790000	139.717828
3.765000	135.570233
3.740000	131.355261
3.715000	127.074122
3.690000	122.728174
3.665000	118.318905
3.642500	114.297740
3.620000	110.227796
3.597500	106.110331
3.575000	101.946622
0.000000	0.000000
& cycle # 5, chisq = 153215.732259, e = 36.329960
25.000000	488.494939
24.670000	484.459909
24.527500	480.399864
24.410000	476.385951
24.300000	472.382726
24.190000	468.367206
24.072500	464.297242
23.942500	460.237526
23.787500	456.208785
23.572500	452.182741
22.412500	448.182207
21.022500	444.180059
16.715000	440.173292
16.030000	436.166796
15.520000	432.147835
15.030000	428.144072
14.460000	424.131481
10.930000	420.131312
8.170000	416.126276
7.470000	412.112858
5.712500	408.112109
4.707500	404.098835
4.262500	400.094163
3.590000	396.093126
2.777500	392.042710
2.645000	387.955199
2.557500	383.923022
2.490000	379.918974
2.432500	375.800001
2.382500	371.625615
2.340000	367.601919
2.300000	363.383637
2.265000	359.326721
2.232500	355.236456
2.202500	351.171469
2.172500	346.816956
2.145000	342.561417
2.120000	338.466324
2.095000	334.149043
2.072500	330.068288
2.050000	325.797790
2.027500	321.332869
2.007500	317.197010
1.987500	312.900452
1.967500	308.439835
1.950000	304.399578
1.932500	300.228915
1.915000	295.925650
1.897500	291.487637
1.880000	286.912798
1.865000	282.881093
1.850000	278.746205
1.835000	274.507001
1.820000	270.162419
1.805000	265.711467
1.790000	261.153230
1.775000	256.486869
1.760000	251.711616
1.747500	247.648554
1.735000	243.509025
1.722500	239.292692
1.710000	234.999247
1.697500	230.628405
1.685000	226.179905
1.672500	221.653504
1.660000	217.048976
1.647500	212.366109
1.635000	207.604705
1.622500	202.764578
1.610000	197.845553
1.597500	192.847469
1.587500	188.791982
1.577500	184.685737
1.567500	180.528675
1.557500	176.320748
1.547500	172.061918
1.537500	167.752160
1.527500	163.391464
1.517500	158.979837
1.507500	154.517304
1.497500	150.003912
1.487500	145.439728
1.477500	140.824847
1.467500	136.159389
1.457500	131.443499
1.447500	126.677356
1.437500	121.861164
1.427500	116.995162
1.417500	112.079617
1.407500	107.114828
1.397500	102.101127
0.000000	0.000000
& cycle # 6, chisq = 111769.971596, e = 36.329960
25.000000	480.990020
24.952500	476.883101
24.900000	472.814939
24.840000	468.685879
24.772500	464.598532
24.695000	460.510329
24.605000	456.410656
24.502500	452.403673
24.382500	448.382826
24.242500	444.351116
24.082500	440.334955
23.902500	436.325999
23.705000	432.321823
23.490000	428.313107
23.255000	424.276809
22.995000	420.267415
22.685000	416.249294
22.250000	412.244862
20.037500	408.241166
18.962500	404.232795
16.182500	400.226406
15.387500	396.217178
14.657500	392.205898
10.882500	388.205053
8.062500	384.189393
7.587500	380.167716
7.240000	376.164085
6.937500	372.162426
6.655000	368.155379
6.370000	364.123630
6.072500	360.100475
5.737500	356.087985
5.322500	352.068829
4.712500	348.062000
3.830000	344.052030
3.307500	340.044942
3.037500	336.007370
2.860000	331.958749
2.727500	327.896476
2.622500	323.866149
2.535000	319.861707
2.457500	315.759312
2.390000	311.711406
2.330000	307.703297
2.275000	303.660157
2.225000	299.656283
2.177500	295.546417
2.132500	291.364890
2.090000	287.148151
2.050000	282.933448
2.012500	278.758009
1.977500	274.658673
1.942500	270.357703
1.910000	266.177901
1.880000	262.156275
1.850000	257.974200
1.820000	253.628595
1.792500	249.499302
1.765000	245.228974
1.740000	241.223545
1.715000	237.100076
1.690000	232.858165
1.665000	228.497511
1.642500	224.471179
1.620000	220.348248
1.597500	216.128494
1.575000	211.811670
1.552500	207.397540
1.532500	203.392024
1.512500	199.309414
1.492500	195.149758
1.472500	190.913252
1.452500	186.600275
1.432500	182.211419
1.412500	177.747505
1.392500	173.209588
1.375000	169.179204
1.357500	165.094117
1.340000	160.955409
1.322500	156.764236
1.305000	152.521807
1.287500	148.229366
1.270000	143.888165
1.252500	139.499460
1.235000	135.064499
1.217500	130.584530
1.200000	126.060812
1.182500	121.494638
1.165000	116.887361
1.147500	112.240431
1.132500	108.226980
1.117500	104.186639
1.102500	100.120596
0.000000	0.000000
& cycle # 2, chisq = 99797.619006, e = 36.809884
25.000000	443.385144
24.982500	439.170233
24.962500	434.861278
24.940000	430.612202
24.915000	426.553749
24.885000	422.494759
24.845000	418.267164
24.790000	414.218706
24.675000	410.179219
24.125000	406.134161
23.957500	402.064647
23.820000	398.020278
23.687500	393.996196
23.547500	389.994744
23.380000	385.959932
23.137500	381.937170
21.827500	377.930803
21.307500	373.910999
20.867500	369.896807
20.200000	365.893376
17.505000	361.891038
14.395000	357.884652
13.217500	353.882786
9.575000	349.877930
4.987500	345.877399
2.877500	341.848091
2.677500	337.834065
2.550000	333.826770
2.452500	329.765741
2.372500	325.656182
2.305000	321.555537
2.247500	317.547403
2.195000	313.433056
2.147500	309.306877
2.105000	305.268346
2.065000	301.150760
2.027500	296.996671
1.992500	292.849849
1.960000	288.754854
1.927500	284.413747
1.897500	280.178787
1.870000	276.097144
1.842500	271.817905
1.817500	267.750927
1.792500	263.510909
1.767500	259.093505
1.745000	254.962727
1.722500	250.681943
1.700000	246.248263
1.680000	242.176528
1.660000	237.979662
1.640000	233.655569
1.620000	229.202089
1.602500	225.197404
1.585000	221.090409
1.567500	216.879528
1.550000	212.563160
1.532500	208.139697
1.515000	203.607541
1.497500	198.965131
1.482500	194.897026
1.467500	190.745908
1.452500	186.510930
1.437500	182.191299
1.422500	177.786292
1.407500	173.295249
1.392500	168.717579
1.377500	164.052753
1.362500	159.300297
1.350000	155.272669
1.337500	151.183663
1.325000	147.033066
1.312500	142.820670
1.300000	138.546272
1.287500	134.209666
1.275000	129.810641
1.262500	125.348976
1.250000	120.824445
1.237500	116.236806
1.225000	111.585812
1.212500	106.871211
1.200000	102.092746
0.000000	0.000000
& cycle # 3, chisq = 99715.048838, e = 36.809884
25.000000	326.894349
23.695000	322.893087
18.512500	318.889095
14.707500	314.888457
12.837500	310.886733
6.030000	306.878720
4.947500	302.877289
3.110000	298.862782
2.847500	294.820581
2.687500	290.799685
2.567500	286.774997
2.470000	282.769829
2.385000	278.677070
2.310000	274.551321
2.245000	270.551103
2.185000	266.485729
2.130000	262.429847
2.077500	258.253409
2.030000	254.209176
1.985000	250.136750
1.942500	246.067280
1.902500	242.031856
1.862500	237.790654
1.825000	233.622342
1.790000	229.560408
1.755000	225.330200
1.722500	221.249724
1.690000	217.021111
1.660000	212.985182
1.630000	208.820766
1.600000	204.526421
1.572500	200.474305
1.545000	196.309990
1.517500	192.031834
1.490000	187.638240
1.465000	183.542708
1.440000	179.349801
1.415000	175.059004
1.390000	170.670117
1.367500	166.636320
1.345000	162.523363
1.322500	158.331550
1.300000	154.061194
1.277500	149.712548
1.255000	145.285738
1.235000	141.285157
1.215000	137.222673
1.195000	133.098077
1.175000	128.911120
1.155000	124.661555
1.135000	120.349197
1.115000	115.973981
1.095000	111.536007
1.075000	107.035579
1.055000	102.473206
0.000000	0.000000
& cycle # 4, chisq = 99901.813672, e = 36.809884
25.000000	356.067415
23.232500	352.056003
22.820000	348.032530
22.475000	344.005707
22.140000	339.983789
21.782500	335.969510
21.360000	331.955779
20.775000	327.949050
19.657500	323.944031
17.985000	319.939011
17.072500	315.931895
16.450000	311.920733
15.932500	307.913475
15.450000	303.895262
14.952500	299.878474
14.397500	295.876883
13.655000	291.873071
12.265000	287.869303
10.917500	283.866613
9.600000	279.858204
8.782500	275.855904
8.162500	271.844671
7.602500	267.827124
7.017500	263.818417
6.220000	259.809787
3.282500	255.801949
2.862500	251.801366
2.655000	247.745842
2.512500	243.718054
2.400000	239.650870
2.307500	235.615839
2.227500	231.553880
2.157500	227.522932
2.092500	223.355292
2.035000	219.310006
1.982500	215.308314
1.932500	211.210799
1.885000	207.047945
1.840000	202.852223
1.797500	198.658233
1.757500	194.501994
1.720000	190.419742
1.682500	186.156903
1.647500	182.014943
1.612500	177.714900
1.580000	173.579913
1.547500	169.307435
1.517500	165.241038
1.487500	161.056705
1.457500	156.754652
1.430000	152.708436
1.402500	148.565324
1.375000	144.327192
1.347500	139.996436
1.322500	135.981354
1.297500	131.894287
1.272500	127.737534
1.247500	123.513345
1.222500	119.223885
1.197500	114.871250
1.172500	110.457550
1.150000	106.434871
1.127500	102.366409
0.000000	0.000000
& cycle # 5, chisq = 100347.939880, e = 36.809884
25.000000	488.494939
24.800000	484.449634
24.602500	480.440817
24.380000	476.425818
24.082500	472.407035
22.392500	468.404881
19.052500	464.397753
18.290000	460.391969
17.682500	456.384278
16.980000	452.379530
13.925000	448.377383
12.482500	444.374988
6.785000	440.369779
6.127500	436.353317
5.755000	432.350629
5.450000	428.330870
5.167500	424.327981
4.872500	420.309950
4.505000	416.302658
3.255000	412.282458
2.997500	408.227901
2.862500	404.199322
2.765000	400.183876
2.685000	396.065474
2.617500	391.942750
2.560000	387.923049
2.507500	383.817676
2.460000	379.724951
2.415000	375.498859
2.375000	371.444080
2.337500	367.377104
2.302500	363.340993
2.267500	359.065663
2.235000	354.875907
2.205000	350.816543
2.175000	346.569775
2.147500	342.509974
2.120000	338.288616
2.092500	333.904033
2.067500	329.775072
2.042500	325.508726
2.017500	321.103796
1.995000	317.019861
1.972500	312.821782
1.950000	308.508669
1.927500	304.079679
1.907500	300.044905
1.887500	295.917532
1.867500	291.697227
1.847500	287.383795
1.827500	282.977196
1.807500	278.477560
1.790000	274.464298
1.772500	270.380354
1.755000	266.226140
1.737500	262.002158
1.720000	257.708984
1.702500	253.347256
1.685000	248.917657
1.667500	244.420902
1.650000	239.857723
1.632500	235.228857
1.617500	231.209536
1.602500	227.142961
1.587500	223.029595
1.572500	218.869905
1.557500	214.664367
1.542500	210.413475
1.527500	206.117748
1.512500	201.777742
1.497500	197.394059
1.482500	192.967360
1.467500	188.498370
1.452500	183.987892
1.437500	179.436810
1.422500	174.846089
1.407500	170.216784
1.392500	165.550029
1.377500	160.847038
1.362500	156.109091
1.347500	151.337527
1.335000	147.336543
1.322500	143.313996
1.310000	139.270714
1.297500	135.207533
1.285000	131.125290
1.272500	127.024819
1.260000	122.906948
1.247500	118.772499
1.235000	114.622289
1.222500	110.457129
1.210000	106.277829
1.197500	102.085200
0.000000	0.000000
& cycle # 6, chisq = 99711.741998, e = 36.809884
25.000000	480.990020
24.977500	476.608597
24.952500	472.251296
24.925000	468.025405
24.895000	464.013996
24.857500	459.779701
24.812500	455.675824
24.752500	451.543413
24.662500	447.507236
24.397500	443.503183
21.350000	439.502991
18.240000	435.501725
12.630000	431.498129
11.315000	427.494499
8.857500	423.493638
7.787500	419.483631
7.225000	415.472611
6.597500	411.462644
4.370000	407.454394
2.920000	403.452058
2.725000	399.428651
2.612500	395.330754
2.530000	391.211139
2.465000	387.174046
2.410000	383.138085
2.360000	378.921375
2.317500	374.889836
2.277500	370.691283
2.242500	366.675931
2.210000	362.646800
2.177500	358.315039
2.147500	354.037051
2.120000	349.871412
2.092500	345.464642
2.067500	341.243042
2.042500	336.810496
2.020000	332.636187
1.997500	328.282292
1.977500	324.258013
1.957500	320.085582
1.937500	315.762065
1.917500	311.284574
1.900000	307.238244
1.882500	303.070048
1.865000	298.778243
1.847500	294.361184
1.830000	289.817335
1.812500	285.145281
1.797500	281.037643
1.782500	276.834135
1.767500	272.534095
1.752500	268.136930
1.737500	263.642112
1.722500	259.049177
1.707500	254.357712
1.692500	249.567352
1.680000	245.499607
1.667500	241.362792
1.655000	237.156755
1.642500	232.881353
1.630000	228.536458
1.617500	224.121952
1.605000	219.637729
1.592500	215.083693
1.580000	210.459767
1.567500	205.765887
1.555000	201.002014
1.542500	196.168131
1.530000	191.264255
1.517500	186.290437
1.507500	182.261086
1.497500	178.187099
1.487500	174.068569
1.477500	169.905608
1.467500	165.698355
1.457500	161.446975
1.447500	157.151660
1.437500	152.812630
1.427500	148.430134
1.417500	144.004450
1.407500	139.535886
1.397500	135.024778
1.387500	130.471491
1.377500	125.876417
1.367500	121.239975
1.357500	116.562605
1.347500	111.844775
1.337500	107.086969
1.327500	102.289694
0.000000	0.000000
& cycle # 2, chisq = 94480.517410, e = 38.792362
25.000000	443.385144
24.975000	439.289711
24.945000	435.036219
24.910000	430.882806
24.867500	426.846385
24.810000	422.842581
24.710000	418.794511
24.082500	414.777970
23.862500	410.725860
23.702500	406.692891
23.557500	402.640765
23.415000	398.627429
23.265000	394.625564
23.092500	390.579314
22.872500	386.548469
22.480000	382.540145
20.885000	378.522390
20.460000	374.520853
20.132500	370.503663
19.840000	366.479142
19.562500	362.469691
19.287500	358.456569
19.010000	354.436307
18.722500	350.410347
18.427500	346.399852
18.120000	342.397118
17.802500	338.380840
17.477500	334.360454
17.150000	330.333214
16.827500	326.308252
16.510000	322.280133
16.207500	318.279195
15.910000	314.259531
15.622500	310.226881
15.342500	306.201926
15.062500	302.176107
14.787500	298.160727
14.505000	294.139477
14.210000	290.131562
13.902500	286.128042
13.547500	282.114270
13.140000	278.099438
12.547500	274.096955
12.030000	270.081523
10.822500	266.080487
7.397500	262.077734
6.925000	258.069325
6.617500	254.051810
6.375000	250.032309
6.170000	246.001265
5.987500	241.948121
5.820000	237.898610
5.665000	233.896974
5.517500	229.886753
5.375000	225.877816
5.235000	221.875520
5.095000	217.860658
4.952500	213.800723
4.807500	209.754803
4.657500	205.745788
4.495000	201.692287
4.317500	197.675221
4.112500	193.674125
3.845000	189.659323
3.322500	185.655817
1.777500	181.648536
0.705000	177.630494
0.505000	173.592903
0.417500	169.572872
0.355000	165.381723
0.307500	161.253160
0.267500	157.027273
0.235000	153.021878
0.205000	148.815116
0.177500	144.482374
0.152500	140.111616
0.130000	135.801120
0.110000	131.651432
0.090000	127.182608
0.072500	122.992636
0.055000	118.525945
0.040000	114.468675
0.025000	110.193419
0.010000	105.687644
0.000000	102.549591
& cycle # 3, chisq = 97607.193467, e = 38.792362
25.000000	326.894349
24.815000	322.869681
15.855000	318.867307
8.337500	314.864925
5.335000	310.864030
2.910000	306.853647
2.640000	302.832362
2.500000	298.765258
2.400000	294.692196
2.320000	290.577568
2.252500	286.421109
2.195000	282.329994
2.145000	278.326304
2.097500	274.112744
2.055000	269.984895
2.015000	265.775261
1.977500	261.529300
1.942500	257.293402
1.910000	253.114543
1.880000	249.039811
1.850000	244.749910
1.822500	240.623401
1.795000	236.306920
1.770000	232.214830
1.745000	227.960113
1.720000	223.540499
1.697500	219.420139
1.675000	215.163103
1.652500	210.768002
1.632500	206.744223
1.612500	202.609280
1.592500	198.362174
1.572500	194.001895
1.552500	189.527445
1.535000	185.517887
1.517500	181.419583
1.500000	177.231997
1.482500	172.954685
1.465000	168.587313
1.447500	164.129673
1.430000	159.581701
1.412500	154.943487
1.397500	150.896230
1.382500	146.783089
1.367500	142.604380
1.352500	138.360485
1.337500	134.051845
1.322500	129.678947
1.307500	125.242311
1.292500	120.742482
1.277500	116.180018
1.262500	111.555483
1.247500	106.869444
1.232500	102.122469
0.000000	0.000000
& cycle # 4, chisq = 94674.104654, e = 38.792362
25.000000	356.067415
23.970000	352.061757
19.297500	348.061136
15.535000	344.059070
14.157500	340.056075
13.477500	336.053908
12.875000	332.038359
11.777500	328.034601
5.902500	324.034147
3.487500	320.024203
3.157500	316.001990
2.970000	311.951097
2.832500	307.905503
2.722500	303.881824
2.627500	299.766737
2.545000	295.671191
2.472500	291.646702
2.405000	287.520843
2.342500	283.355298
2.285000	279.213704
2.232500	275.162310
2.182500	271.057219
2.135000	266.930300
2.090000	262.813800
2.047500	258.739060
2.007500	254.735869
1.967500	250.566942
1.930000	246.505304
1.892500	242.292654
1.857500	238.222562
1.822500	234.017600
1.790000	229.991734
1.757500	225.849282
1.725000	221.590964
1.695000	217.558298
1.665000	213.428756
1.635000	209.203191
1.605000	204.882243
1.577500	200.837911
1.550000	196.713882
1.522500	192.510216
1.495000	188.227038
1.467500	183.864688
1.442500	179.830791
1.417500	175.732881
1.392500	171.572143
1.367500	167.350068
1.342500	163.068394
1.317500	158.728994
1.292500	154.333760
1.270000	150.331800
1.247500	146.287259
1.225000	142.201185
1.202500	138.074500
1.180000	133.908045
1.157500	129.702658
1.135000	125.459267
1.112500	121.178982
1.090000	116.863181
1.067500	112.513548
1.045000	108.132087
1.022500	103.721066
0.000000	0.000000
& cycle # 5, chisq = 94814.641928, e = 38.792362
25.000000	488.494939
23.942500	484.475267
23.602500	480.461645
23.280000	476.460308
22.877500	472.445078
21.067500	468.444460
20.407500	464.426430
19.950000	460.419764
19.472500	456.419718
18.622500	452.416767
16.617500	448.401947
16.147500	444.393191
15.762500	440.388768
15.397500	436.380021
14.992500	432.361026
14.455000	428.356974
11.775000	424.353717
10.875000	420.352010
10.140000	416.342799
7.227500	412.342368
3.082500	408.334530
2.840000	404.291458
2.710000	400.285972
2.615000	396.200389
2.540000	392.132735
2.477500	388.089068
2.422500	383.979105
2.375000	379.971522
2.330000	375.748333
2.290000	371.619329
2.252500	367.406428
2.217500	363.158733
2.185000	358.927911
2.155000	354.766911
2.127500	350.728756
2.100000	346.468844
2.075000	342.397457
2.050000	338.130826
2.027500	334.119002
2.005000	329.939726
1.982500	325.588391
1.962500	321.572276
1.942500	317.413108
1.922500	313.107479
1.902500	308.651977
1.885000	304.627801
1.867500	300.484039
1.850000	296.218497
1.832500	291.829036
1.815000	287.313583
1.797500	282.670141
1.782500	278.586719
1.767500	274.406681
1.752500	270.128896
1.737500	265.752266
1.722500	261.275718
1.707500	256.698199
1.692500	252.018671
1.677500	247.236099
1.665000	243.171162
1.652500	239.033343
1.640000	234.822034
1.627500	230.536617
1.615000	226.176469
1.602500	221.740955
1.590000	217.229437
1.577500	212.641270
1.565000	207.975806
1.552500	203.232399
1.540000	198.410406
1.527500	193.509198
1.515000	188.528156
1.505000	184.485442
1.495000	180.390959
1.485000	176.244426
1.475000	172.045577
1.465000	167.794160
1.455000	163.489940
1.445000	159.132700
1.435000	154.722244
1.425000	150.258393
1.415000	145.740988
1.405000	141.169890
1.395000	136.544979
1.385000	131.866154
1.375000	127.133329
1.365000	122.346438
1.355000	117.505425
1.345000	112.610250
1.335000	107.660881
1.325000	102.657298
0.000000	0.000000
& cycle # 6, chisq = 94475.215475, e = 38.792362
25.000000	377.716412
24.907500	373.682994
24.780000	369.665830
24.570000	365.651887
23.577500	361.651280
21.310000	357.643858
20.705000	353.631024
20.160000	349.614560
19.475000	345.609217
17.167500	341.607023
16.642500	337.603502
16.287500	333.581636
15.987500	329.570003
15.710000	325.550865
15.440000	321.526132
15.155000	317.492637
14.842500	313.479808
14.450000	309.478283
13.647500	305.475545
11.480000	301.468605
11.040000	297.441612
10.722500	293.435236
10.440000	289.431812
10.180000	285.421213
9.925000	281.394601
9.660000	277.363602
9.380000	273.340446
9.060000	269.317692
8.652500	265.311856
7.917500	261.306355
4.277500	257.303171
3.375000	253.284823
2.990000	249.277659
2.750000	245.243933
2.577500	241.238272
2.440000	237.205465
2.325000	233.150689
2.227500	229.144246
2.140000	225.053182
2.062500	221.009991
1.992500	216.998937
1.927500	212.949947
1.867500	208.917963
1.810000	204.775452
1.757500	200.747599
1.707500	196.690329
1.660000	192.634809
1.615000	188.611076
1.570000	184.409045
1.527500	180.274713
1.487500	176.234767
1.447500	172.049757
1.410000	167.995283
1.372500	163.816291
1.337500	159.806768
1.302500	155.695663
1.267500	151.486882
1.232500	147.184103
1.200000	143.107368
1.167500	138.954871
1.135000	134.729294
1.102500	130.434039
1.072500	126.411263
1.042500	122.337601
1.012500	118.218573
0.982500	114.060313
0.952500	109.869135
0.922500	105.651141
0.892500	101.411998
0.000000	0.000000
& cycle # 1, chisq = 97342.886308, e = 35.798461
25.000000	480.990020
24.980000	476.598731
24.960000	472.578017
24.937500	468.470060
24.912500	464.371642
24.882500	460.038421
24.850000	455.992406
24.810000	451.813371
24.760000	447.631021
24.695000	443.594381
24.592500	439.548042
24.180000	435.546063
22.002500	431.543296
21.270000	427.538603
18.175000	423.536876
14.215000	419.535274
8.692500	415.534828
8.002500	411.530167
7.565000	407.528780
7.175000	403.522435
6.755000	399.506020
6.115000	395.503433
3.042500	391.490402
2.762500	387.476134
2.630000	383.383161
2.537500	379.282107
2.465000	375.195173
2.405000	371.144661
2.352500	367.044964
2.305000	362.845667
2.262500	358.662292
2.225000	354.615093
2.190000	350.520481
2.157500	346.431787
2.127500	342.403201
2.097500	338.121890
2.070000	333.968326
2.042500	329.589135
2.017500	325.406850
1.992500	321.027889
1.970000	316.914596
1.947500	312.634417
1.925000	308.183806
1.905000	304.081834
1.885000	299.840139
1.865000	295.456514
1.845000	290.928905
1.827500	286.847657
1.810000	282.653603
1.792500	278.345736
1.775000	273.923174
1.757500	269.385160
1.740000	264.731055
1.725000	260.649021
1.710000	256.481030
1.695000	252.226854
1.680000	247.886303
1.665000	243.459223
1.650000	238.945486
1.635000	234.344991
1.620000	229.657658
1.605000	224.883430
1.592500	220.838504
1.580000	216.733204
1.567500	212.567544
1.555000	208.341555
1.542500	204.055292
1.530000	199.708841
1.517500	195.302317
1.505000	190.835880
1.492500	186.309730
1.480000	181.724119
1.467500	177.079353
1.455000	172.375796
1.442500	167.613875
1.430000	162.794082
1.417500	157.916974
1.405000	152.983175
1.392500	147.993376
1.382500	143.961721
1.372500	139.895119
1.362500	135.794008
1.352500	131.658847
1.342500	127.490115
1.332500	123.288308
1.322500	119.053942
1.312500	114.787544
1.302500	110.489656
1.292500	106.160830
1.282500	101.801631
0.000000	0.000000
& cycle # 2, chisq = 96891.977196, e = 35.798461
25.000000	443.385144
24.972500	439.354446
24.942500	435.265187
24.910000	431.177436
24.875000	427.148403
24.835000	422.996122
24.790000	418.849722
24.740000	414.840159
24.680000	410.785859
24.605000	406.720735
24.502500	402.678179
24.320000	398.669026
23.337500	394.657752
23.055000	390.628997
22.855000	386.623646
22.682500	382.565953
22.525000	378.525910
22.375000	374.474935
22.227500	370.407661
22.080000	366.356203
21.930000	362.310560
21.775000	358.278617
21.610000	354.237276
21.432500	350.216572
21.235000	346.171111
21.010000	342.169651
20.740000	338.164680
20.390000	334.162481
19.872500	330.149510
18.912500	326.141948
17.522500	322.137694
16.585000	318.135700
15.905000	314.133654
15.312500	310.132486
14.722500	306.118515
14.037500	302.116378
12.697500	298.115099
10.375000	294.108925
9.672500	290.104455
9.110000	286.088273
8.605000	282.068103
8.125000	278.049954
7.655000	274.035042
7.200000	270.026771
6.762500	266.026135
6.347500	262.002235
5.967500	257.978454
5.620000	253.949358
5.307500	249.915664
5.025000	245.914802
4.767500	241.897889
4.530000	237.887237
4.307500	233.844179
4.100000	229.812436
3.902500	225.777973
3.715000	221.762195
3.535000	217.751727
3.360000	213.750126
3.187500	209.710052
3.017500	205.653300
2.850000	201.628571
2.682500	197.580770
2.515000	193.521799
2.347500	189.487086
2.180000	185.461684
2.012500	181.444510
1.845000	177.430859
1.680000	173.423502
1.517500	169.392814
1.362500	165.383939
1.215000	161.334657
1.080000	157.333111
0.955000	153.255785
0.842500	149.189215
0.742500	145.145493
0.652500	141.072704
0.572500	137.034335
0.500000	132.951470
0.435000	128.890686
0.375000	124.757836
0.320000	120.587481
0.270000	116.435234
0.225000	112.376228
0.182500	108.227326
0.142500	104.007726
0.000000	0.000000
& cycle # 3, chisq = 98517.745289, e = 35.798461
25.000000	326.894349
24.130000	322.868249
23.817500	318.853241
23.500000	314.825382
23.080000	310.808133
19.100000	306.807937
17.390000	302.800221
16.140000	298.795127
12.017500	294.793037
10.787500	290.786912
8.280000	286.786839
4.722500	282.757158
4.475000	278.721714
4.315000	274.649005
4.195000	270.592025
4.097500	266.544271
4.015000	262.519575
3.942500	258.474497
3.877500	254.401162
3.817500	250.232270
3.762500	246.039580
3.712500	241.900337
3.667500	237.894139
3.625000	233.855220
3.585000	229.818315
3.545000	225.544333
3.507500	221.314269
3.472500	217.164345
3.440000	213.130377
3.407500	208.916908
3.377500	204.863253
3.347500	200.647133
3.320000	196.635690
3.292500	192.480340
3.265000	188.177665
3.240000	184.135530
3.215000	179.966567
3.190000	175.668539
3.165000	171.239328
3.142500	167.139217
3.120000	162.929823
3.097500	158.609794
3.075000	154.177808
3.055000	150.143215
3.035000	146.018201
3.015000	141.801826
2.995000	137.493129
2.975000	133.091121
2.955000	128.594785
2.937500	124.582288
2.920000	120.496051
2.902500	116.335343
2.885000	112.099427
2.867500	107.787566
2.850000	103.399027
0.000000	0.000000
& cycle # 4, chisq = 117556.649672, e = 35.798461
25.000000	356.067415
24.947500	351.980779
24.877500	347.892356
24.770000	343.868053
23.930000	339.867086
20.537500	335.865358
7.952500	331.863564
5.877500	327.860568
3.297500	323.841883
2.977500	319.805913
2.800000	315.794390
2.670000	311.717553
2.567500	307.672265
2.480000	303.557413
2.405000	299.489477
2.337500	295.356310
2.277500	291.272606
2.222500	287.165203
2.172500	283.111613
2.125000	278.965738
2.080000	274.762365
2.037500	270.536856
1.997500	266.324436
1.960000	262.160047
1.925000	258.078437
1.890000	253.802156
1.857500	249.651561
1.825000	245.323102
1.795000	241.166153
1.765000	236.851317
1.737500	232.755270
1.710000	228.522847
1.682500	224.152481
1.657500	220.058381
1.632500	215.847679
1.607500	211.518951
1.582500	207.070621
1.560000	202.963452
1.537500	198.756714
1.515000	194.449095
1.492500	190.039344
1.472500	186.032910
1.452500	181.944212
1.432500	177.772721
1.412500	173.518062
1.392500	169.180022
1.372500	164.758536
1.352500	160.253662
1.335000	156.243609
1.317500	152.169951
1.300000	148.032821
1.282500	143.832330
1.265000	139.568552
1.247500	135.241515
1.230000	130.851191
1.212500	126.397507
1.195000	121.880359
1.177500	117.299629
1.160000	112.655221
1.145000	108.623584
1.130000	104.545153
1.115000	100.420014
0.000000	0.000000
& cycle # 5, chisq = 97017.614196, e = 35.798461
25.000000	377.716412
23.840000	373.712358
23.517500	369.697587
23.255000	365.695709
22.992500	361.666440
22.687500	357.641814
22.190000	353.634863
20.430000	349.628984
19.982500	345.613176
19.627500	341.604008
19.290000	337.591958
18.925000	333.586504
18.462500	329.584942
16.585000	325.584917
9.500000	321.577165
8.800000	317.566423
8.300000	313.555667
7.785000	309.547475
6.105000	305.538399
5.645000	301.506738
5.425000	297.481267
5.265000	293.475659
5.132500	289.419565
5.017500	285.364401
4.915000	281.351788
4.820000	277.316110
4.730000	273.229575
4.645000	269.156420
4.562500	265.033019
4.482500	260.908882
4.405000	256.831920
4.327500	252.710878
4.250000	248.580606
4.172500	244.474861
4.095000	240.428368
4.015000	236.353943
3.932500	232.310060
3.845000	228.254838
3.750000	224.191568
3.645000	220.182895
3.520000	216.150059
3.352500	212.116332
2.637500	208.107438
2.382500	204.082820
2.277500	200.031443
2.202500	195.886783
2.145000	191.877603
2.095000	187.738443
2.052500	183.703544
2.012500	179.443425
1.977500	175.327385
1.945000	171.165070
1.915000	167.020125
1.887500	162.956194
1.860000	158.631614
1.835000	154.468107
1.810000	150.078623
1.787500	145.931327
1.765000	141.594756
1.745000	137.579171
1.725000	133.410652
1.705000	129.087913
1.685000	124.609840
1.667500	120.563340
1.650000	116.396600
1.632500	112.109118
1.615000	107.700453
1.597500	103.170224
0.000000	0.000000
& cycle # 1, chisq = 115136.760201, e = 37.177571
25.000000	480.990020
24.930000	476.946038
24.827500	472.903809
24.627500	468.903613
23.007500	464.902319
21.552500	460.902140
19.322500	456.893974
18.412500	452.888879
13.262500	448.887199
11.255000	444.885672
8.475000	440.879456
7.890000	436.871677
7.427500	432.867055
6.922500	428.853220
4.997500	424.848561
3.855000	420.847612
2.910000	416.815214
2.767500	412.752850
2.672500	408.648787
2.600000	404.572016
2.540000	400.481404
2.487500	396.307036
2.442500	392.244855
2.402500	388.228694
2.365000	384.093103
2.330000	379.890082
2.297500	375.674630
2.267500	371.503655
2.240000	367.434736
2.212500	363.122574
2.187500	358.984719
2.162500	354.633606
2.140000	350.530668
2.117500	346.246525
2.095000	341.777274
2.075000	337.646084
2.055000	333.362879
2.035000	328.924953
2.017500	324.912717
2.000000	320.778132
1.982500	316.519381
1.965000	312.134664
1.947500	307.622200
1.930000	302.980247
1.915000	298.897086
1.900000	294.716529
1.885000	290.437600
1.870000	286.059385
1.855000	281.581030
1.840000	277.001756
1.825000	272.320861
1.810000	267.537728
1.797500	263.473298
1.785000	259.337237
1.772500	255.129323
1.760000	250.849378
1.747500	246.497263
1.735000	242.072875
1.722500	237.576147
1.710000	233.007044
1.697500	228.365560
1.685000	223.651716
1.672500	218.865557
1.660000	214.007149
1.647500	209.076574
1.635000	204.073935
1.625000	200.020017
1.615000	195.920122
1.605000	191.774325
1.595000	187.582708
1.585000	183.345363
1.575000	179.062390
1.565000	174.733900
1.555000	170.360015
1.545000	165.940872
1.535000	161.476622
1.525000	156.967434
1.515000	152.413495
1.505000	147.815014
1.495000	143.172223
1.485000	138.485379
1.475000	133.754766
1.465000	128.980695
1.455000	124.163509
1.445000	119.303580
1.435000	114.401312
1.425000	109.457144
1.415000	104.471543
0.000000	0.000000
& cycle # 2, chisq = 113029.515865, e = 37.177571
25.000000	443.385144
24.985000	438.958756
24.970000	434.839671
24.952500	430.405944
24.935000	426.348699
24.915000	422.137061
24.892500	417.900985
24.867500	413.769705
24.837500	409.533286
24.802500	405.460831
24.757500	401.396019
24.690000	397.279956
24.500000	393.270380
23.997500	389.244349
23.865000	385.233396
23.760000	381.152680
23.670000	377.135133
23.587500	373.131514
23.507500	369.050378
23.430000	364.984390
23.352500	360.866877
23.275000	356.753810
23.197500	352.703117
23.117500	348.642707
23.035000	344.627693
22.947500	340.592806
22.852500	336.504550
22.750000	332.474017
22.635000	328.454841
22.500000	324.409182
22.335000	320.395202
22.105000	316.363137
21.650000	312.357385
18.262500	308.357115
17.022500	304.354308
16.397500	300.339498
15.972500	296.329746
15.637500	292.307389
15.355000	288.284570
15.102500	284.283558
14.872500	280.255563
14.657500	276.226894
14.447500	272.179400
14.245000	268.168384
14.047500	264.140466
13.850000	260.140236
13.642500	256.123232
13.427500	252.100852
13.207500	248.099313
12.957500	244.085362
12.655000	240.061958
12.372500	236.042287
12.110000	232.031058
11.762500	228.028351
11.132500	224.019316
6.457500	220.011649
5.950000	216.007725
5.627500	212.000464
5.372500	207.997902
5.147500	203.968853
4.940000	199.931276
4.742500	195.901795
4.547500	191.901507
4.345000	187.854413
4.130000	183.823303
3.885000	179.808748
3.570000	175.792028
2.795000	171.791836
0.577500	167.757797
0.425000	163.719688
0.340000	159.598451
0.280000	155.514455
0.232500	151.425272
0.192500	147.289024
0.157500	143.069726
0.127500	138.957414
0.100000	134.749942
0.075000	130.526599
0.052500	126.371910
0.030000	121.863163
0.010000	117.539403
0.000000	115.258089
& cycle # 3, chisq = 115942.863291, e = 37.177571
25.000000	326.894349
24.892500	322.844042
24.222500	318.829941
23.962500	314.790613
23.720000	310.779933
23.385000	306.769267
21.910000	302.768729
21.465000	298.762312
21.125000	294.748709
20.805000	290.740821
20.467500	286.734170
20.075000	282.728410
19.555000	278.720519
18.695000	274.712862
17.262500	270.709884
15.980000	266.708231
12.995000	262.707418
11.372500	258.703642
10.200000	254.700228
8.092500	250.683908
7.712500	246.665258
7.447500	242.653574
7.227500	238.633430
7.032500	234.613162
6.852500	230.566758
6.682500	226.543178
6.515000	222.495259
6.347500	218.440474
6.177500	214.387366
6.000000	210.335670
5.807500	206.289204
5.590000	202.253564
5.325000	198.231879
4.925000	194.223213
2.052500	190.215959
1.770000	186.184058
1.627500	182.103295
1.527500	178.064704
1.447500	173.976486
1.380000	169.843172
1.322500	165.777855
1.270000	161.595613
1.222500	157.399610
1.180000	153.293339
1.140000	149.108178
1.102500	144.889091
1.067500	140.683620
1.035000	136.540741
1.005000	132.509237
0.975000	128.275595
0.947500	124.214693
0.920000	119.979049
0.895000	115.974518
0.870000	111.821047
0.845000	107.516375
0.822500	103.511225
0.000000	0.000000
& cycle # 4, chisq = 113954.944876, e = 37.177571
25.000000	356.067415
19.255000	352.065032
18.037500	348.051018
17.442500	344.040900
16.945000	340.029653
16.455000	336.013964
15.910000	331.999363
15.135000	327.991247
3.925000	323.984848
3.370000	319.970906
3.150000	315.968182
3.000000	311.922322
2.885000	307.914927
2.790000	303.901188
2.707500	299.823953
2.635000	295.738588
2.570000	291.645210
2.510000	287.482540
2.455000	283.323993
2.405000	279.242973
2.357500	275.086577
2.312500	270.885321
2.270000	266.671696
2.230000	262.479959
2.192500	258.345464
2.157500	254.303759
2.122500	250.082170
2.090000	245.998348
2.057500	241.754235
2.027500	237.691985
1.997500	233.488516
1.967500	229.141297
1.940000	225.027786
1.912500	220.789167
1.885000	216.423449
1.860000	212.342809
1.835000	208.154504
1.810000	203.857647
1.785000	199.451626
1.762500	195.392585
1.740000	191.244762
1.717500	187.008203
1.695000	182.683036
1.672500	178.269424
1.650000	173.767520
1.630000	169.691790
1.610000	165.546407
1.590000	161.331348
1.570000	157.046550
1.550000	152.691925
1.530000	148.267393
1.510000	143.772911
1.490000	139.208515
1.472500	135.157432
1.455000	131.053131
1.437500	126.895908
1.420000	122.686172
1.402500	118.424443
1.385000	114.111349
1.367500	109.747614
1.350000	105.334045
1.332500	100.871501
0.000000	0.000000
& cycle # 5, chisq = 113364.071930, e = 37.177571
25.000000	480.990020
24.925000	476.906475
24.820000	472.837563
24.640000	468.834657
17.752500	464.833360
15.715000	460.829583
10.695000	456.828953
5.635000	452.821808
5.025000	448.816460
4.590000	444.806918
4.062500	440.800976
2.960000	436.795724
2.795000	432.730717
2.692500	428.698452
2.615000	424.666566
2.550000	420.525203
2.495000	416.415486
2.447500	412.376984
2.405000	408.348516
2.365000	404.173985
2.327500	399.902218
2.292500	395.585405
2.260000	391.278162
2.230000	387.036377
2.202500	382.915971
2.175000	378.566698
2.150000	374.408804
2.125000	370.051761
2.102500	365.956339
2.080000	361.692537
2.057500	357.257017
2.037500	353.167461
2.017500	348.937193
1.997500	344.563810
1.977500	340.044897
1.960000	335.969568
1.942500	331.779361
1.925000	327.472696
1.907500	323.048034
1.890000	318.503894
1.872500	313.838870
1.857500	309.743067
1.842500	305.556720
1.827500	301.279126
1.812500	296.909651
1.797500	292.447729
1.782500	287.892866
1.767500	283.244637
1.752500	278.502686
1.740000	274.479251
1.727500	270.390384
1.715000	266.235970
1.702500	262.015914
1.690000	257.730143
1.677500	253.378595
1.665000	248.961226
1.652500	244.477998
1.640000	239.928887
1.627500	235.313870
1.615000	230.632937
1.602500	225.886082
1.590000	221.073308
1.577500	216.194629
1.565000	211.250072
1.555000	207.247022
1.545000	203.201871
1.535000	199.114661
1.525000	194.985447
1.515000	190.814297
1.505000	186.601298
1.495000	182.346551
1.485000	178.050178
1.475000	173.712323
1.465000	169.333151
1.455000	164.912852
1.445000	160.451641
1.435000	155.949757
1.425000	151.407469
1.415000	146.825068
1.405000	142.202874
1.395000	137.541232
1.385000	132.840512
1.375000	128.101106
1.365000	123.323431
1.355000	118.507922
1.345000	113.655036
1.335000	108.765242
1.325000	103.839029
0.000000	0.000000
& cycle # 2, chisq = 105253.565042, e = 36.977720
25.000000	443.385144
24.930000	439.299692
24.827500	435.266915
24.587500	431.253573
21.255000	427.250262
18.617500	423.249881
16.547500	419.246152
12.510000	415.244635
11.732500	411.234541
10.775000	407.232122
5.630000	403.231620
5.165000	399.200741
4.915000	395.198782
4.735000	391.192369
4.590000	387.161763
4.467500	383.119733
4.360000	379.031074
4.265000	374.958710
4.180000	370.929956
4.102500	366.927931
4.030000	362.890012
3.962500	358.864492
3.897500	354.734718
3.837500	350.692774
3.780000	346.605220
3.725000	342.494896
3.672500	338.386162
3.622500	334.303888
3.575000	330.272464
3.527500	326.091309
3.482500	321.991365
3.437500	317.755099
3.395000	313.627501
3.352500	309.375197
3.312500	305.257727
3.272500	301.027457
3.235000	296.958731
3.197500	292.790633
3.160000	288.523869
3.125000	284.453586
3.090000	280.299645
3.055000	276.063446
3.022500	272.057401
2.990000	267.982666
2.957500	263.840113
2.925000	259.630437
2.892500	255.354169
2.862500	251.348116
2.832500	247.286024
2.802500	243.168305
2.772500	238.995522
2.742500	234.768470
2.712500	230.488226
2.682500	226.156170
2.655000	222.141032
2.627500	218.085246
2.600000	213.990426
2.572500	209.858264
2.545000	205.690465
2.517500	201.488690
2.490000	197.254507
2.462500	192.989366
2.435000	188.694588
2.407500	184.371390
2.380000	180.020926
2.352500	175.644346
2.327500	171.644002
2.302500	167.624104
2.277500	163.585811
2.252500	159.530451
2.227500	155.459536
2.202500	151.374759
2.177500	147.277976
2.152500	143.171168
2.127500	139.056396
2.102500	134.935741
2.077500	130.811257
2.052500	126.684914
2.027500	122.558573
2.002500	118.433965
1.977500	114.312700
1.952500	110.196293
1.927500	106.086214
1.902500	101.983943
0.000000	0.000000
& cycle # 3, chisq = 111074.194917, e = 36.977720
25.000000	326.894349
24.955000	322.803054
24.895000	318.755068
24.797500	314.700253
23.965000	310.700039
22.230000	306.686539
21.787500	302.684919
21.490000	298.659517
21.235000	294.653993
20.995000	290.630408
20.755000	286.599414
20.505000	282.566823
20.235000	278.564522
19.922500	274.551554
19.535000	270.537864
18.985000	266.525383
17.947500	262.524251
13.490000	258.522441
12.270000	254.520021
11.255000	250.519402
10.300000	246.514845
7.752500	242.514747
7.217500	238.507575
6.835000	234.496773
6.500000	230.471363
6.177500	226.468212
5.837500	222.440388
5.442500	218.429228
4.877500	214.418749
3.250000	210.417978
2.527500	206.417462
2.272500	202.378691
2.112500	198.377640
1.990000	194.283908
1.892500	190.249922
1.810000	186.208397
1.737500	182.125374
1.672500	178.008560
1.615000	173.985002
1.562500	169.980203
1.512500	165.855667
1.465000	161.642441
1.422500	157.619280
1.382500	153.608086
1.342500	149.375312
1.305000	145.203738
1.270000	141.131269
1.235000	136.884412
1.202500	132.783043
1.170000	128.527827
1.140000	124.461962
1.110000	120.262817
1.080000	115.930428
1.052500	111.842921
1.025000	107.645957
0.997500	103.341750
0.000000	0.000000
& cycle # 4, chisq = 106340.825159, e = 36.977720
25.000000	356.067415
23.165000	352.059228
22.695000	348.053702
22.272500	344.044370
21.815000	340.027505
21.222500	336.027445
20.107500	332.024392
17.970000	328.019040
16.737500	324.014502
15.692500	320.011882
13.422500	316.011356
10.652500	312.003770
9.935000	307.994564
9.472500	303.987748
9.100000	299.961976
8.777500	295.932747
8.475000	291.915048
8.182500	287.901577
7.880000	283.895120
7.547500	279.874072
7.142500	275.871943
6.452500	271.870947
3.530000	267.858873
3.297500	263.808091
3.160000	259.780588
3.057500	255.700455
2.975000	251.613009
2.905000	247.499393
2.845000	243.444621
2.790000	239.255314
2.742500	235.243251
2.697500	231.082127
2.657500	227.072495
2.620000	223.035070
2.585000	219.013835
2.550000	214.739311
2.517500	210.535538
2.487500	206.448187
2.457500	202.156115
2.430000	198.036702
2.402500	193.735415
2.377500	189.663285
2.352500	185.433281
2.327500	181.041887
2.305000	176.948847
2.282500	172.720007
2.260000	168.353192
2.237500	163.846406
2.217500	159.721405
2.197500	155.483248
2.177500	151.130921
2.157500	146.663521
2.140000	142.659515
2.122500	138.566302
2.105000	134.383434
2.087500	130.110493
2.070000	125.747083
2.052500	121.292822
2.035000	116.747337
2.017500	112.110264
2.002500	108.062461
1.987500	103.946891
0.000000	0.000000
& cycle # 5, chisq = 110382.887551, e = 36.977720
25.000000	488.494939
24.905000	484.469610
24.785000	480.464982
24.607500	476.424003
23.572500	472.421158
22.840000	468.414480
22.445000	464.413364
22.082500	460.398300
21.702500	456.386356
21.260000	452.369838
20.697500	448.365215
19.965000	444.365154
19.190000	440.352387
18.565000	436.336952
18.077500	432.319613
17.672500	428.314707
17.317500	424.308318
16.985000	420.299686
16.665000	416.285460
16.340000	412.278601
15.995000	408.265262
15.602500	404.264997
15.090000	400.260970
12.610000	396.260296
11.207500	392.257726
6.442500	388.256768
6.037500	384.233837
5.815000	380.195681
5.652500	376.165926
5.520000	372.087175
5.407500	368.018899
5.307500	363.918417
5.217500	359.827361
5.135000	355.733766
5.060000	351.719361
4.990000	347.716656
4.922500	343.622757
4.857500	339.466795
4.797500	335.450134
4.740000	331.444738
4.682500	327.293144
4.627500	323.191123
4.575000	319.161009
4.522500	315.023429
4.472500	310.987120
4.422500	306.861982
4.372500	302.653563
4.325000	298.584663
4.277500	294.453864
4.230000	290.269279
4.185000	286.263349
4.140000	282.224943
4.095000	278.161884
4.050000	274.081729
4.005000	269.991636
3.960000	265.898387
3.915000	261.808545
3.870000	257.728717
3.825000	253.665845
3.780000	249.627454
3.735000	245.621779
3.687500	241.438905
3.640000	237.313437
3.592500	233.256539
3.542500	229.072055
3.492500	224.987113
3.440000	220.816289
3.387500	216.776875
3.332500	212.696007
3.275000	208.605284
3.215000	204.540236
3.150000	200.386355
3.082500	196.365524
3.007500	192.267586
2.925000	188.226266
2.830000	184.184956
2.715000	180.156060
2.557500	176.107999
2.187500	172.101564
1.285000	168.074785
0.997500	164.068968
0.365000	160.028358
0.267500	155.925699
0.215000	151.876071
0.177500	147.863937
0.147500	143.823638
0.122500	139.802975
0.100000	135.611491
0.080000	131.377252
0.062500	127.239361
0.045000	122.663880
0.030000	118.370855
0.015000	113.710401
0.002500	109.524491
0.000000	108.653608
& cycle # 6, chisq = 108098.723766, e = 36.977720
