0.000000	1.913282
0.955967	1.913282
0.955967	2.086237
1.917299	2.086237
1.917299	2.140291
2.556363	2.140291
2.556363	2.183151
3.741934	2.183151
3.741934	2.224609
4.850852	2.224609
4.850852	2.253468
5.751118	2.253468
5.751118	2.285990
7.698550	2.285990
7.698550	2.320356
9.540424	2.320356
9.540424	2.344787
11.078372	2.344787
11.078372	2.372234
14.342423	2.372234
14.342423	2.400317
17.377513	2.400317
17.377513	2.419350
19.956230	2.419350
19.956230	2.438272
25.286947	2.438272
25.286947	2.453207
30.225313	2.453207
30.225313	2.459380
34.407433	2.459380
34.407433	2.462000
42.396621	2.462000
42.396621	2.462563
42.406165	2.462563
42.406165	2.462856
62.587527	2.462856
& cycle # 1, chisq = 105379.557062, e = 36.847520
0.000000	1.336457
0.955967	1.336457
0.955967	1.419956
1.917299	1.419956
1.917299	1.439431
2.556363	1.439431
2.556363	1.454679
3.741934	1.454679
3.741934	1.469448
4.850852	1.469448
4.850852	1.479716
5.751118	1.479716
5.751118	1.491106
7.698550	1.491106
7.698550	1.502820
9.540424	1.502820
9.540424	1.510942
11.078372	1.510942
11.078372	1.519923
14.342423	1.519923
14.342423	1.529016
17.377513	1.529016
17.377513	1.535128
19.956230	1.535128
19.956230	1.541172
25.286947	1.541172
25.286947	1.545929
30.225313	1.545929
30.225313	1.547893
34.407433	1.547893
34.407433	1.548725
42.396621	1.548725
42.396621	1.548903
42.406165	1.548903
42.406165	1.548968
62.587527	1.548968
& cycle # 2, chisq = 98958.454281, e = 36.847520
0.000000	0.088127
0.955967	0.088127
0.955967	0.245322
1.917299	0.245322
1.917299	0.334536
2.556363	0.334536
2.556363	0.421239
3.741934	0.421239
3.741934	0.518318
4.850852	0.518318
4.850852	0.595035
5.751118	0.595035
5.751118	0.692766
7.698550	0.692766
7.698550	0.809000
9.540424	0.809000
9.540424	0.901149
11.078372	0.901149
11.078372	1.015116
14.342423	1.015116
14.342423	1.141581
17.377513	1.141581
17.377513	1.233053
19.956230	1.233053
19.956230	1.327852
25.286947	1.327852
25.286947	1.404171
30.225313	1.404171
30.225313	1.435928
34.407433	1.435928
34.407433	1.449407
42.396621	1.449407
42.396621	1.452295
42.406165	1.452295
42.406165	1.453351
62.587527	1.453351
& cycle # 3, chisq = 101769.341845, e = 36.847520
0.000000	1.092191
0.955967	1.092191
0.955967	1.218943
1.917299	1.218943
1.917299	1.261749
2.556363	1.261749
2.556363	1.296222
3.741934	1.296222
3.741934	1.329986
4.850852	1.329986
4.850852	1.353731
5.751118	1.353731
5.751118	1.380694
7.698550	1.380694
7.698550	1.409351
9.540424	1.409351
9.540424	1.429838
11.078372	1.429838
11.078372	1.452989
14.342423	1.452989
14.342423	1.476805
17.377513	1.476805
17.377513	1.493019
19.956230	1.493019
19.956230	1.509186
25.286947	1.509186
25.286947	1.521966
30.225313	1.521966
30.225313	1.527252
34.407433	1.527252
34.407433	1.529499
42.396621	1.529499
42.396621	1.529986
42.406165	1.529986
42.406165	1.530329
62.587527	1.530329
& cycle # 4, chisq = 99276.768557, e = 36.847520
0.000000	2.405156
0.955967	2.405156
0.955967	2.556932
1.917299	2.556932
1.917299	2.592305
2.556363	2.592305
2.556363	2.620309
3.741934	2.620309
3.741934	2.647459
4.850852	2.647459
4.850852	2.666375
5.751118	2.666375
5.751118	2.687616
7.698550	2.687616
7.698550	2.709905
9.540424	2.709905
9.540424	2.725647
11.078372	2.725647
11.078372	2.743260
14.342423	2.743260
14.342423	2.761233
17.377513	2.761233
17.377513	2.773386
19.956230	2.773386
19.956230	2.785452
25.286947	2.785452
25.286947	2.794968
30.225313	2.794968
30.225313	2.798900
34.407433	2.798900
34.407433	2.800568
42.396621	2.800568
42.396621	2.800926
42.406165	2.800926
42.406165	2.801097
62.587527	2.801097
& cycle # 5, chisq = 110307.867221, e = 36.847520
0.000000	1.259365
1.035769	1.259365
1.035769	1.394595
2.038922	1.394595
2.038922	1.433461
2.710522	1.433461
2.710522	1.463857
3.933749	1.463857
3.933749	1.492831
5.077484	1.492831
5.077484	1.512889
6.008701	1.512889
6.008701	1.535146
7.981677	1.535146
7.981677	1.558463
9.849065	1.558463
9.849065	1.574997
11.413045	1.574997
11.413045	1.593270
14.667674	1.593270
14.667674	1.611790
17.698935	1.611790
17.698935	1.624324
20.282109	1.624324
20.282109	1.636612
25.522339	1.636612
25.522339	1.646305
30.381451	1.646305
30.381451	1.650534
34.501649	1.650534
34.501649	1.652887
42.220745	1.652887
42.220745	1.653847
42.231945	1.653847
42.231945	1.663237
62.802857	1.663237
& cycle # 1, chisq = 96164.830912, e = 35.898977
0.000000	1.048483
1.035769	1.048483
1.035769	1.316299
2.038922	1.316299
2.038922	1.436882
2.710522	1.436882
2.710522	1.541214
3.933749	1.541214
3.933749	1.648313
5.077484	1.648313
5.077484	1.727609
6.008701	1.727609
6.008701	1.821843
7.981677	1.821843
7.981677	1.927807
9.849065	1.927807
9.849065	2.008319
11.413045	2.008319
11.413045	2.103075
14.667674	2.103075
14.667674	2.204531
17.698935	2.204531
17.698935	2.276458
20.282109	2.276458
20.282109	2.349506
25.522339	2.349506
25.522339	2.409028
30.381451	2.409028
30.381451	2.436652
34.501649	2.436652
34.501649	2.455167
42.220745	2.455167
42.220745	2.464724
42.231945	2.464724
42.231945	2.585132
62.802857	2.585132
& cycle # 2, chisq = 101666.866773, e = 35.898977
0.000000	0.496017
1.035769	0.496017
1.035769	0.718533
2.038922	0.718533
2.038922	0.818111
2.710522	0.818111
2.710522	0.901724
3.933749	0.901724
3.933749	0.985365
5.077484	0.985365
5.077484	1.045751
6.008701	1.045751
6.008701	1.115645
7.981677	1.115645
7.981677	1.192144
9.849065	1.192144
9.849065	1.248740
11.413045	1.248740
11.413045	1.313698
14.667674	1.313698
14.667674	1.381750
17.698935	1.381750
17.698935	1.429182
20.282109	1.429182
20.282109	1.476936
25.522339	1.476936
25.522339	1.515919
30.381451	1.515919
30.381451	1.534387
34.501649	1.534387
34.501649	1.547681
42.220745	1.547681
42.220745	1.555090
42.231945	1.555090
42.231945	1.662614
62.802857	1.662614
& cycle # 3, chisq = 96160.161832, e = 35.898977
0.000000	1.595573
1.035769	1.595573
1.035769	1.738314
2.038922	1.738314
2.038922	1.774680
2.710522	1.774680
2.710522	1.803494
3.933749	1.803494
3.933749	1.831250
5.077484	1.831250
5.077484	1.850645
6.008701	1.850645
6.008701	1.872345
7.981677	1.872345
7.981677	1.895253
9.849065	1.895253
9.849065	1.911617
11.413045	1.911617
11.413045	1.929825
14.667674	1.929825
14.667674	1.948392
17.698935	1.948392
17.698935	1.961023
20.282109	1.961023
20.282109	1.973461
25.522339	1.973461
25.522339	1.983317
30.381451	1.983317
30.381451	1.987662
34.501649	1.987662
34.501649	1.990170
42.220745	1.990170
42.220745	1.991252
42.231945	1.991252
42.231945	2.002881
62.802857	2.002881
& cycle # 4, chisq = 97613.651362, e = 35.898977
0.000000	1.721143
1.035769	1.721143
1.035769	1.882906
2.038922	1.882906
2.038922	1.925325
2.710522	1.925325
2.710522	1.958530
3.933749	1.958530
3.933749	1.990176
5.077484	1.990176
5.077484	2.012077
6.008701	2.012077
6.008701	2.036373
7.981677	2.036373
7.981677	2.061828
9.849065	2.061828
9.849065	2.079880
11.413045	2.079880
11.413045	2.099824
14.667674	2.099824
14.667674	2.120027
17.698935	2.120027
17.698935	2.133692
20.282109	2.133692
20.282109	2.147083
25.522339	2.147083
25.522339	2.157640
30.381451	2.157640
30.381451	2.162239
34.501649	2.162239
34.501649	2.164784
42.220745	2.164784
42.220745	2.165814
42.231945	2.165814
42.231945	2.175725
62.802857	2.175725
& cycle # 5, chisq = 98998.126326, e = 35.898977
0.000000	1.613363
0.982764	1.613363
0.982764	1.776556
1.956846	1.776556
1.956846	1.826108
2.606148	1.826108
2.606148	1.864724
3.802211	1.864724
3.802211	1.901511
4.920790	1.901511
4.920790	1.926899
5.829907	1.926899
5.829907	1.955243
7.780827	1.955243
7.780827	1.984972
9.626522	1.984972
9.626522	2.005947
11.169455	2.005947
11.169455	2.029210
14.419378	2.029210
14.419378	2.052857
17.443235	2.052857
17.443235	2.068903
20.015362	2.068903
20.015362	2.084960
25.294467	2.084960
25.294467	2.098031
30.191744	2.098031
30.191744	2.103865
34.354783	2.103865
34.354783	2.106752
42.329027	2.106752
42.329027	2.107548
42.339393	2.107548
42.339393	2.108658
64.338232	2.108658
& cycle # 1, chisq = 108857.815846, e = 36.482135
0.000000	1.209104
0.982764	1.209104
0.982764	1.342393
1.956846	1.342393
1.956846	1.383699
2.606148	1.383699
2.606148	1.415980
3.802211	1.415980
3.802211	1.446833
4.920790	1.446833
4.920790	1.468193
5.829907	1.468193
5.829907	1.492093
7.780827	1.492093
7.780827	1.517181
9.626522	1.517181
9.626522	1.534883
11.169455	1.534883
11.169455	1.554528
14.419378	1.554528
14.419378	1.574517
17.443235	1.574517
17.443235	1.588094
20.015362	1.588094
20.015362	1.601691
25.294467	1.601691
25.294467	1.612764
30.191744	1.612764
30.191744	1.617708
34.354783	1.617708
34.354783	1.620155
42.329027	1.620155
42.329027	1.620831
42.339393	1.620831
42.339393	1.621780
64.338232	1.621780
& cycle # 2, chisq = 106957.932612, e = 36.482135
0.000000	1.235287
0.982764	1.235287
0.982764	1.368040
1.956846	1.368040
1.956846	1.408666
2.606148	1.408666
2.606148	1.440279
3.802211	1.440279
3.802211	1.470419
4.920790	1.470419
4.920790	1.491250
5.829907	1.491250
5.829907	1.514519
7.780827	1.514519
7.780827	1.538906
9.626522	1.538906
9.626522	1.556089
11.169455	1.556089
11.169455	1.575133
14.419378	1.575133
14.419378	1.594493
17.443235	1.594493
17.443235	1.607634
20.015362	1.607634
20.015362	1.620788
25.294467	1.620788
25.294467	1.631497
30.191744	1.631497
30.191744	1.636278
34.354783	1.636278
34.354783	1.638645
42.329027	1.638645
42.329027	1.639298
42.339393	1.639298
42.339393	1.640212
64.338232	1.640212
& cycle # 3, chisq = 106959.647684, e = 36.482135
0.000000	3.206725
0.982764	3.206725
0.982764	3.453398
1.956846	3.453398
1.956846	3.513876
2.606148	3.513876
2.606148	3.561337
3.802211	3.561337
3.802211	3.606812
4.920790	3.606812
4.920790	3.638360
5.829907	3.638360
5.829907	3.673786
7.780827	3.673786
7.780827	3.711206
9.626522	3.711206
9.626522	3.737803
11.169455	3.737803
11.169455	3.767492
14.419378	3.767492
14.419378	3.797828
17.443235	3.797828
17.443235	3.818498
20.015362	3.818498
20.015362	3.839243
25.294467	3.839243
25.294467	3.856158
30.191744	3.856158
30.191744	3.863717
34.354783	3.863717
34.354783	3.867466
42.329027	3.867466
42.329027	3.868506
42.339393	3.868506
42.339393	3.870028
64.338232	3.870028
& cycle # 5, chisq = 141077.805914, e = 36.482135
0.000000	1.092693
0.982764	1.092693
0.982764	1.242993
1.956846	1.242993
1.956846	1.293351
2.606148	1.293351
2.606148	1.332487
3.802211	1.332487
3.802211	1.369723
4.920790	1.369723
4.920790	1.395407
5.829907	1.395407
5.829907	1.424078
7.780827	1.424078
7.780827	1.454159
9.626522	1.454159
9.626522	1.475393
11.169455	1.475393
11.169455	1.498959
14.419378	1.498959
14.419378	1.522930
17.443235	1.522930
17.443235	1.539205
20.015362	1.539205
20.015362	1.555499
25.294467	1.555499
25.294467	1.568766
30.191744	1.568766
30.191744	1.574689
34.354783	1.574689
34.354783	1.577622
42.329027	1.577622
42.329027	1.578432
42.339393	1.578432
42.339393	1.579572
64.338232	1.579572
& cycle # 6, chisq = 107030.623210, e = 36.482135
0.000000	1.278712
1.098259	1.278712
1.098259	1.452592
2.129688	1.452592
2.129688	1.507799
2.824231	1.507799
2.824231	1.551590
4.070493	1.551590
4.070493	1.593379
5.235445	1.593379
5.235445	1.622236
6.186187	1.622236
6.186187	1.653785
8.166761	1.653785
8.166761	1.686787
10.042413	1.686787
10.042413	1.710443
11.617211	1.710443
11.617211	1.736606
14.842283	1.736606
14.842283	1.763298
17.849946	1.763298
17.849946	1.781693
20.419306	1.781693
20.419306	1.800179
25.553576	1.800179
25.553576	1.815696
30.331599	1.815696
30.331599	1.823186
34.421952	1.823186
34.421952	1.827305
42.145549	1.827305
42.145549	1.828555
42.158947	1.828555
42.158947	1.830193
66.155743	1.830193
& cycle # 1, chisq = 111534.471695, e = 35.128472
0.000000	1.290367
1.098259	1.290367
1.098259	1.414262
2.129688	1.414262
2.129688	1.445093
2.824231	1.445093
2.824231	1.469724
4.070493	1.469724
4.070493	1.493398
5.235445	1.493398
5.235445	1.509755
6.186187	1.509755
6.186187	1.527551
8.166761	1.527551
8.166761	1.546106
10.042413	1.546106
10.042413	1.559405
11.617211	1.559405
11.617211	1.574132
14.842283	1.574132
14.842283	1.589173
17.849946	1.589173
17.849946	1.599548
20.419306	1.599548
20.419306	1.609981
25.553576	1.609981
25.553576	1.618740
30.331599	1.618740
30.331599	1.622970
34.421952	1.622970
34.421952	1.625295
42.145549	1.625295
42.145549	1.626001
42.158947	1.626001
42.158947	1.626924
66.155743	1.626924
& cycle # 2, chisq = 111092.328057, e = 35.128472
0.000000	0.494956
1.098259	0.494956
1.098259	0.728923
2.129688	0.728923
2.129688	0.841760
2.824231	0.841760
2.824231	0.939999
4.070493	0.939999
4.070493	1.040767
5.235445	1.040767
5.235445	1.115456
6.186187	1.115456
6.186187	1.203289
8.166761	1.203289
8.166761	1.301812
10.042413	1.301812
10.042413	1.377164
11.617211	1.377164
11.617211	1.465662
14.842283	1.465662
14.842283	1.560965
17.849946	1.560965
17.849946	1.629756
20.419306	1.629756
20.419306	1.701257
25.553576	1.701257
25.553576	1.762592
30.331599	1.762592
30.331599	1.792723
34.421952	1.792723
34.421952	1.809808
42.145549	1.809808
42.145549	1.815305
42.158947	1.815305
42.158947	1.824985
66.155743	1.824985
& cycle # 3, chisq = 112467.938389, e = 35.128472
0.000000	1.754954
1.098259	1.754954
1.098259	1.919161
2.129688	1.919161
2.129688	1.958646
2.824231	1.958646
2.824231	1.990148
4.070493	1.990148
4.070493	2.020420
5.235445	2.020420
5.235445	2.041401
6.186187	2.041401
6.186187	2.064360
8.166761	2.064360
8.166761	2.088412
10.042413	2.088412
10.042413	2.105701
11.617211	2.105701
11.617211	2.124883
14.842283	2.124883
14.842283	2.144507
17.849946	2.144507
17.849946	2.158061
20.419306	2.158061
20.419306	2.171703
25.553576	2.171703
25.553576	2.183165
30.331599	2.183165
30.331599	2.188702
34.421952	2.188702
34.421952	2.191748
42.145549	2.191748
42.145549	2.192674
42.158947	2.192674
42.158947	2.193903
66.155743	2.193903
& cycle # 5, chisq = 113182.785262, e = 35.128472
0.000000	1.347880
1.098259	1.347880
1.098259	1.459161
2.129688	1.459161
2.129688	1.482980
2.824231	1.482980
2.824231	1.501968
4.070493	1.501968
4.070493	1.520212
5.235445	1.520212
5.235445	1.532762
6.186187	1.532762
6.186187	1.546310
8.166761	1.546310
8.166761	1.560343
10.042413	1.560343
10.042413	1.570360
11.617211	1.570360
11.617211	1.581421
14.842283	1.581421
14.842283	1.592692
17.849946	1.592692
17.849946	1.600451
20.419306	1.600451
20.419306	1.608241
25.553576	1.608241
25.553576	1.614777
30.331599	1.614777
30.331599	1.617930
34.421952	1.617930
34.421952	1.619662
42.145549	1.619662
42.145549	1.620187
42.158947	1.620187
42.158947	1.620861
66.155743	1.620861
& cycle # 6, chisq = 111023.747137, e = 35.128472
0.000000	1.313448
0.995271	1.313448
0.995271	1.425362
1.975825	1.425362
1.975825	1.455707
2.630190	1.455707
2.630190	1.479653
3.832029	1.479653
3.832029	1.502708
4.955948	1.502708
4.955948	1.518608
5.869826	1.518608
5.869826	1.536094
7.824437	1.536094
7.824437	1.554255
9.673837	1.554255
9.673837	1.567092
11.220617	1.567092
11.220617	1.581383
14.468376	1.581383
14.468376	1.595958
17.491010	1.595958
17.491010	1.605892
20.063331	1.605892
20.063331	1.615888
25.326976	1.615888
25.326976	1.624158
30.211771	1.624158
30.211771	1.628020
34.368976	1.628020
34.368976	1.630150
42.337281	1.630150
42.337281	1.630843
42.348010	1.630843
42.348010	1.632292
65.422394	1.632292
& cycle # 2, chisq = 111890.079859, e = 36.329960
0.000000	1.355908
0.995271	1.355908
0.995271	1.457791
1.975825	1.457791
1.975825	1.482112
2.630190	1.482112
2.630190	1.501285
3.832029	1.501285
3.832029	1.519761
4.955948	1.519761
4.955948	1.532483
5.869826	1.532483
5.869826	1.546397
7.824437	1.546397
7.824437	1.560756
9.673837	1.560756
9.673837	1.570862
11.220617	1.570862
11.220617	1.582085
14.468376	1.582085
14.468376	1.593509
17.491010	1.593509
17.491010	1.601284
20.063331	1.601284
20.063331	1.609098
25.326976	1.609098
25.326976	1.615558
30.211771	1.615558
30.211771	1.618572
34.368976	1.618572
34.368976	1.620233
42.337281	1.620233
42.337281	1.620772
42.348010	1.620772
42.348010	1.621891
65.422394	1.621891
& cycle # 3, chisq = 111827.685929, e = 36.329960
0.000000	1.648257
0.995271	1.648257
0.995271	1.814497
1.975825	1.814497
1.975825	1.866201
2.630190	1.866201
2.630190	1.907394
3.832029	1.907394
3.832029	1.947207
4.955948	1.947207
4.955948	1.974869
5.869826	1.974869
5.869826	2.005724
7.824437	2.005724
7.824437	2.038257
9.673837	2.038257
9.673837	2.061520
11.220617	2.061520
11.220617	2.087627
14.468376	2.087627
14.468376	2.114428
17.491010	2.114428
17.491010	2.132798
20.063331	2.132798
20.063331	2.151357
25.326976	2.151357
25.326976	2.166751
30.211771	2.166751
30.211771	2.173957
34.368976	2.173957
34.368976	2.177950
42.337281	2.177950
42.337281	2.179259
42.348010	2.179259
42.348010	2.182112
65.422394	2.182112
& cycle # 4, chisq = 114107.614932, e = 36.329960
0.000000	3.569217
0.995271	3.569217
0.995271	3.810048
1.975825	3.810048
1.975825	3.858063
2.630190	3.858063
2.630190	3.895766
3.832029	3.895766
3.832029	3.931950
4.955948	3.931950
4.955948	3.956944
5.869826	3.956944
5.869826	3.984652
7.824437	3.984652
7.824437	4.013699
9.673837	4.013699
9.673837	4.034365
11.220617	4.034365
11.220617	4.057461
14.468376	4.057461
14.468376	4.081086
17.491010	4.081086
17.491010	4.097230
20.063331	4.097230
20.063331	4.113506
25.326976	4.113506
25.326976	4.126987
30.211771	4.126987
30.211771	4.133289
34.368976	4.133289
34.368976	4.136774
42.337281	4.136774
42.337281	4.137911
42.348010	4.137911
42.348010	4.140341
65.422394	4.140341
& cycle # 5, chisq = 153215.732259, e = 36.329960
0.000000	1.412627
0.995271	1.412627
0.995271	1.500672
1.975825	1.500672
1.975825	1.518609
2.630190	1.518609
2.630190	1.532856
3.832029	1.532856
3.832029	1.546702
4.955948	1.546702
4.955948	1.556267
5.869826	1.556267
5.869826	1.566684
7.824437	1.566684
7.824437	1.577373
9.673837	1.577373
9.673837	1.584873
11.220617	1.584873
11.220617	1.593202
14.468376	1.593202
14.468376	1.601683
17.491010	1.601683
17.491010	1.607456
20.063331	1.607456
20.063331	1.613260
25.326976	1.613260
25.326976	1.618059
30.211771	1.618059
30.211771	1.620299
34.368976	1.620299
34.368976	1.621534
42.337281	1.621534
42.337281	1.621935
42.348010	1.621935
42.348010	1.622767
65.422394	1.622767
& cycle # 6, chisq = 111769.971596, e = 36.329960
0.000000	1.178728
0.959075	1.178728
0.959075	1.288588
1.922101	1.288588
1.922101	1.320948
2.562471	1.320948
2.562471	1.346254
3.749599	1.346254
3.749599	1.370565
4.859958	1.370565
4.859958	1.387331
5.761497	1.387331
5.761497	1.405905
7.710075	1.405905
7.710075	1.425166
9.553087	1.425166
9.553087	1.438661
11.092169	1.438661
11.092169	1.453659
14.356081	1.453659
14.356081	1.468875
17.391239	1.468875
17.391239	1.479121
19.970319	1.479121
19.970319	1.489269
25.297867	1.489269
25.297867	1.497283
30.234114	1.497283
30.234114	1.500611
34.416224	1.500611
34.416224	1.502033
42.407525	1.502033
42.407525	1.502340
42.417154	1.502340
42.417154	1.502458
62.750806	1.502458
& cycle # 2, chisq = 99797.619006, e = 36.809884
0.000000	1.244908
0.959075	1.244908
0.959075	1.338018
1.922101	1.338018
1.922101	1.362338
2.562471	1.362338
2.562471	1.381558
3.749599	1.381558
3.749599	1.400211
4.859958	1.400211
4.859958	1.413163
5.761497	1.413163
5.761497	1.427532
7.710075	1.427532
7.710075	1.442410
9.553087	1.442410
9.553087	1.452825
11.092169	1.452825
11.092169	1.464416
14.356081	1.464416
14.356081	1.476194
17.391239	1.476194
17.391239	1.484135
19.970319	1.484135
19.970319	1.492008
25.297867	1.492008
25.297867	1.498227
30.234114	1.498227
30.234114	1.500810
34.416224	1.500810
34.416224	1.501914
42.407525	1.501914
42.407525	1.502153
42.417154	1.502153
42.417154	1.502249
62.750806	1.502249
& cycle # 3, chisq = 99715.048838, e = 36.809884
0.000000	1.139050
0.959075	1.139050
0.959075	1.263825
1.922101	1.263825
1.922101	1.303491
2.562471	1.303491
2.562471	1.334760
3.749599	1.334760
3.749599	1.364891
4.859958	1.364891
4.859958	1.385733
5.761497	1.385733
5.761497	1.408954
7.710075	1.408954
7.710075	1.433203
9.553087	1.433203
9.553087	1.450292
11.092169	1.450292
11.092169	1.469357
14.356081	1.469357
14.356081	1.488752
17.391239	1.488752
17.391239	1.501841
19.970319	1.501841
19.970319	1.514824
25.297867	1.514824
25.297867	1.525084
30.234114	1.525084
30.234114	1.529346
34.416224	1.529346
34.416224	1.531168
42.407525	1.531168
42.407525	1.531562
42.417154	1.531562
42.417154	1.531732
62.750806	1.531732
& cycle # 4, chisq = 99901.813672, e = 36.809884
0.000000	1.232255
0.959075	1.232255
0.959075	1.380931
1.922101	1.380931
1.922101	1.430969
2.562471	1.430969
2.562471	1.470601
3.749599	1.470601
3.749599	1.508870
4.859958	1.508870
4.859958	1.535418
5.761497	1.535418
5.761497	1.565164
7.710075	1.565164
7.710075	1.596448
9.553087	1.596448
9.553087	1.618632
11.092169	1.618632
11.092169	1.643496
14.356081	1.643496
14.356081	1.668884
17.391239	1.668884
17.391239	1.686070
19.970319	1.686070
19.970319	1.703150
25.297867	1.703150
25.297867	1.716662
30.234114	1.716662
30.234114	1.722277
34.416224	1.722277
34.416224	1.724679
42.407525	1.724679
42.407525	1.725200
42.417154	1.725200
42.417154	1.725467
62.750806	1.725467
& cycle # 5, chisq = 100347.939880, e = 36.809884
0.000000	1.248046
0.959075	1.248046
0.959075	1.344601
1.922101	1.344601
1.922101	1.369816
2.562471	1.369816
2.562471	1.389477
3.749599	1.389477
3.749599	1.408375
4.859958	1.408375
4.859958	1.421394
5.761497	1.421394
5.761497	1.435736
7.710075	1.435736
7.710075	1.450488
9.553087	1.450488
9.553087	1.460750
11.092169	1.460750
11.092169	1.472107
14.356081	1.472107
14.356081	1.483593
17.391239	1.483593
17.391239	1.491307
19.970319	1.491307
19.970319	1.498935
25.297867	1.498935
25.297867	1.504954
30.234114	1.504954
30.234114	1.507452
34.416224	1.507452
34.416224	1.508519
42.407525	1.508519
42.407525	1.508749
42.417154	1.508749
42.417154	1.508832
62.750806	1.508832
& cycle # 6, chisq = 99711.741998, e = 36.809884
0.000000	1.382261
0.808300	1.382261
0.808300	1.460252
1.685721	1.460252
1.685721	1.480153
2.260673	1.480153
2.260673	1.495422
3.368239	1.495422
3.368239	1.509985
4.404965	1.509985
4.404965	1.519970
5.241741	1.519970
5.241741	1.531511
7.130286	1.531511
7.130286	1.543831
8.913701	1.543831
8.913701	1.552411
10.393744	1.552411
10.393744	1.561965
13.663737	1.561965
13.663737	1.571570
16.694033	1.571570
16.694033	1.577936
19.253159	1.577936
19.253159	1.584338
24.750097	1.584338
24.750097	1.589391
29.823783	1.589391
29.823783	1.591425
34.091946	1.591425
34.091946	1.592267
42.499084	1.592267
42.499084	1.592445
42.505780	1.592445
42.505780	1.592552
61.912106	1.592552
& cycle # 2, chisq = 94480.517410, e = 38.792362
0.000000	0.144756
0.808300	0.144756
0.808300	0.319268
1.685721	0.319268
1.685721	0.408864
2.260673	0.408864
2.260673	0.493828
3.368239	0.493828
3.368239	0.588177
4.404965	0.588177
4.404965	0.661630
5.241741	0.661630
5.241741	0.757020
7.130286	0.757020
7.130286	0.871435
8.913701	0.871435
8.913701	0.961459
10.393744	0.961459
10.393744	1.074959
13.663737	1.074959
13.663737	1.201901
16.694033	1.201901
16.694033	1.293249
19.253159	1.293249
19.253159	1.390021
24.750097	1.390021
24.750097	1.468379
29.823783	1.468379
29.823783	1.500274
34.091946	1.500274
34.091946	1.513639
42.499084	1.513639
42.499084	1.516554
42.505780	1.516554
42.505780	1.519085
61.912106	1.519085
& cycle # 3, chisq = 97607.193467, e = 38.792362
0.000000	1.323245
0.808300	1.323245
0.808300	1.427228
1.685721	1.427228
1.685721	1.458819
2.260673	1.458819
2.260673	1.483348
3.368239	1.483348
3.368239	1.506860
4.404965	1.506860
4.404965	1.522998
5.241741	1.522998
5.241741	1.541635
7.130286	1.541635
7.130286	1.561571
8.913701	1.561571
8.913701	1.575561
10.393744	1.575561
10.393744	1.591325
13.663737	1.591325
13.663737	1.607327
16.694033	1.607327
16.694033	1.617992
19.253159	1.617992
19.253159	1.628750
24.750097	1.628750
24.750097	1.637250
29.823783	1.637250
29.823783	1.640674
34.091946	1.640674
34.091946	1.642094
42.499084	1.642094
42.499084	1.642394
42.505780	1.642394
42.505780	1.642604
61.912106	1.642604
& cycle # 4, chisq = 94674.104654, e = 38.792362
0.000000	1.156962
0.808300	1.156962
0.808300	1.295688
1.685721	1.295688
1.685721	1.342252
2.260673	1.342252
2.260673	1.378127
3.368239	1.378127
3.368239	1.412243
4.404965	1.412243
4.404965	1.435460
5.241741	1.435460
5.241741	1.462051
7.130286	1.462051
7.130286	1.490318
8.913701	1.490318
8.913701	1.510095
10.393744	1.510095
10.393744	1.532368
13.663737	1.532368
13.663737	1.554954
16.694033	1.554954
16.694033	1.569982
19.253159	1.569982
19.253159	1.585113
24.750097	1.585113
24.750097	1.597060
29.823783	1.597060
29.823783	1.601869
34.091946	1.601869
34.091946	1.603862
42.499084	1.603862
42.499084	1.604283
42.505780	1.604283
42.505780	1.604553
61.912106	1.604553
& cycle # 5, chisq = 94814.641928, e = 38.792362
0.000000	1.376803
0.808300	1.376803
0.808300	1.453666
1.685721	1.453666
1.685721	1.473184
2.260673	1.473184
2.260673	1.488201
3.368239	1.488201
3.368239	1.502552
4.404965	1.502552
4.404965	1.512409
5.241741	1.512409
5.241741	1.523819
7.130286	1.523819
7.130286	1.536013
8.913701	1.536013
8.913701	1.544514
10.393744	1.544514
10.393744	1.553987
13.663737	1.553987
13.663737	1.563517
16.694033	1.563517
16.694033	1.569837
19.253159	1.569837
19.253159	1.576197
24.750097	1.576197
24.750097	1.581217
29.823783	1.581217
29.823783	1.583238
34.091946	1.583238
34.091946	1.584075
42.499084	1.584075
42.499084	1.584251
42.505780	1.584251
42.505780	1.584359
61.912106	1.584359
& cycle # 6, chisq = 94475.215475, e = 38.792362
0.000000	1.002219
1.045617	1.002219
1.045617	1.165272
2.054211	1.165272
2.054211	1.223096
2.729969	1.223096
2.729969	1.268971
3.958381	1.268971
3.958381	1.313017
5.106927	1.313017
5.106927	1.343560
6.042349	1.343560
6.042349	1.377322
8.019872	1.377322
8.019872	1.412699
9.891704	1.412699
9.891704	1.437919
11.459912	1.437919
11.459912	1.465905
14.716532	1.465905
14.716532	1.494359
17.750168	1.494359
17.750168	1.513686
20.336195	1.513686
20.336195	1.532702
25.572289	1.532702
25.572289	1.547718
30.432697	1.547718
30.432697	1.554053
34.564617	1.554053
34.564617	1.556822
42.331847	1.556822
42.331847	1.557445
42.343398	1.557445
42.343398	1.557748
63.012849	1.557748
& cycle # 1, chisq = 97342.886308, e = 35.798461
0.000000	1.298761
1.045617	1.298761
1.045617	1.391881
2.054211	1.391881
2.054211	1.411678
2.729969	1.411678
2.729969	1.427344
3.958381	1.427344
3.958381	1.442498
5.106927	1.442498
5.106927	1.452980
6.042349	1.452980
6.042349	1.464348
8.019872	1.464348
8.019872	1.475984
9.891704	1.475984
9.891704	1.484147
11.459912	1.484147
11.459912	1.493129
14.716532	1.493129
14.716532	1.502207
17.750168	1.502207
17.750168	1.508343
20.336195	1.508343
20.336195	1.514360
25.572289	1.514360
25.572289	1.519105
30.432697	1.519105
30.432697	1.521105
34.564617	1.521105
34.564617	1.521979
42.331847	1.521979
42.331847	1.522174
42.343398	1.522174
42.343398	1.522253
63.012849	1.522253
& cycle # 2, chisq = 96891.977196, e = 35.798461
0.000000	0.320631
1.045617	0.320631
1.045617	0.558759
2.054211	0.558759
2.054211	0.675474
2.729969	0.675474
2.729969	0.775961
3.958381	0.775961
3.958381	0.877776
5.106927	0.877776
5.106927	0.951746
6.042349	0.951746
6.042349	1.037301
8.019872	1.037301
8.019872	1.130757
9.891704	1.130757
9.891704	1.199763
11.459912	1.199763
11.459912	1.278530
14.716532	1.278530
14.716532	1.360467
17.750168	1.360467
17.750168	1.417133
20.336195	1.417133
20.336195	1.473519
25.572289	1.473519
25.572289	1.518289
30.432697	1.518289
30.432697	1.537213
34.564617	1.537213
34.564617	1.545481
42.331847	1.545481
42.331847	1.547338
42.343398	1.547338
42.343398	1.548130
63.012849	1.548130
& cycle # 3, chisq = 98517.745289, e = 35.798461
0.000000	2.816201
1.045617	2.816201
1.045617	3.020579
2.054211	3.020579
2.054211	3.057109
2.729969	3.057109
2.729969	3.085971
3.958381	3.085971
3.958381	3.113808
5.106927	3.113808
5.106927	3.133153
6.042349	3.133153
6.042349	3.154478
8.019872	3.154478
8.019872	3.176736
9.891704	3.176736
9.891704	3.192572
11.459912	3.192572
11.459912	3.210143
14.716532	3.210143
14.716532	3.228013
17.750168	3.228013
17.750168	3.240153
20.336195	3.240153
20.336195	3.252099
25.572289	3.252099
25.572289	3.261532
30.432697	3.261532
30.432697	3.265512
34.564617	3.265512
34.564617	3.267251
42.331847	3.267251
42.331847	3.267642
42.343398	3.267642
42.343398	3.267829
63.012849	3.267829
& cycle # 4, chisq = 117556.649672, e = 35.798461
0.000000	1.168840
1.045617	1.168840
1.045617	1.282386
2.054211	1.282386
2.054211	1.314337
2.729969	1.314337
2.729969	1.339615
3.958381	1.339615
3.958381	1.363940
5.106927	1.363940
5.106927	1.380780
6.042349	1.380780
6.042349	1.399234
8.019872	1.399234
8.019872	1.418372
9.891704	1.418372
9.891704	1.431916
11.459912	1.431916
11.459912	1.446885
14.716532	1.446885
14.716532	1.462057
17.750168	1.462057
17.750168	1.472336
20.336195	1.472336
20.336195	1.482433
25.572289	1.482433
25.572289	1.490399
30.432697	1.490399
30.432697	1.493759
34.564617	1.493759
34.564617	1.495226
42.331847	1.495226
42.331847	1.495555
42.343398	1.495555
42.343398	1.495697
63.012849	1.495697
& cycle # 5, chisq = 97017.614196, e = 35.798461
0.000000	1.670812
0.924219	1.670812
0.924219	1.810841
1.865843	1.810841
1.865843	1.854869
2.490270	1.854869
2.490270	1.890891
3.656115	1.890891
3.656115	1.926657
4.746717	1.926657
4.746717	1.952130
5.631231	1.952130
5.631231	1.981652
7.558442	1.981652
7.558442	2.013621
9.380723	2.013621
9.380723	2.036814
10.900719	2.036814
10.900719	2.063528
14.148794	2.063528
14.148794	2.091533
17.167304	2.091533
17.167304	2.110986
19.729285	2.110986
19.729285	2.131090
25.060656	2.131090
25.060656	2.147946
30.004298	2.147946
30.004298	2.155611
34.208204	2.155611
34.208204	2.159305
42.414408	2.159305
42.414408	2.160192
42.423701	2.160192
42.423701	2.160585
65.222616	2.160585
& cycle # 1, chisq = 115136.760201, e = 37.177571
0.000000	1.437718
0.924219	1.437718
0.924219	1.522009
1.865843	1.522009
1.865843	1.540098
2.490270	1.540098
2.490270	1.554208
3.656115	1.554208
3.656115	1.567861
4.746717	1.567861
4.746717	1.577366
5.631231	1.577366
5.631231	1.588023
7.558442	1.588023
7.558442	1.599056
9.380723	1.599056
9.380723	1.606699
10.900719	1.606699
10.900719	1.615184
14.148794	1.615184
14.148794	1.623829
17.167304	1.623829
17.167304	1.629694
19.729285	1.629694
19.729285	1.635656
25.060656	1.635656
25.060656	1.640610
30.004298	1.640610
30.004298	1.642854
34.208204	1.642854
34.208204	1.643934
42.414408	1.643934
42.414408	1.644192
42.423701	1.644192
42.423701	1.644278
65.222616	1.644278
& cycle # 2, chisq = 113029.515865, e = 37.177571
0.000000	0.102954
0.924219	0.102954
0.924219	0.276865
1.865843	0.276865
1.865843	0.373830
2.490270	0.373830
2.490270	0.467358
3.656115	0.467358
3.656115	0.571851
4.746717	0.571851
4.746717	0.654315
5.631231	0.654315
5.631231	0.760051
7.558442	0.760051
7.558442	0.886613
9.380723	0.886613
9.380723	0.987492
10.900719	0.987492
10.900719	1.113904
14.148794	1.113904
14.148794	1.256325
17.167304	1.256325
17.167304	1.361287
19.729285	1.361287
19.729285	1.474257
25.060656	1.474257
25.060656	1.571008
30.004298	1.571008
30.004298	1.615381
34.208204	1.615381
34.208204	1.636781
42.414408	1.636781
42.414408	1.641908
42.423701	1.641908
42.423701	1.643858
65.222616	1.643858
& cycle # 3, chisq = 115942.863291, e = 37.177571
0.000000	0.953908
0.924219	0.953908
0.924219	1.126310
1.865843	1.126310
1.865843	1.196284
2.490270	1.196284
2.490270	1.255199
3.656115	1.255199
3.656115	1.314834
4.746717	1.314834
4.746717	1.358051
5.631231	1.358051
5.631231	1.409136
7.558442	1.409136
7.558442	1.465696
9.380723	1.465696
9.380723	1.507634
10.900719	1.507634
10.900719	1.556875
14.148794	1.556875
14.148794	1.609341
17.167304	1.609341
17.167304	1.646287
19.729285	1.646287
19.729285	1.684839
25.060656	1.684839
25.060656	1.717328
30.004298	1.717328
30.004298	1.732138
34.208204	1.732138
34.208204	1.739282
42.414408	1.739282
42.414408	1.741002
42.423701	1.741002
42.423701	1.741914
65.222616	1.741914
& cycle # 4, chisq = 113954.944876, e = 37.177571
0.000000	1.414641
0.924219	1.414641
0.924219	1.536404
1.865843	1.536404
1.865843	1.572423
2.490270	1.572423
2.490270	1.600570
3.656115	1.600570
3.656115	1.627609
4.746717	1.627609
4.746717	1.646312
5.631231	1.646312
5.631231	1.667346
7.558442	1.667346
7.558442	1.689407
9.380723	1.689407
9.380723	1.704915
10.900719	1.704915
10.900719	1.722281
14.148794	1.722281
14.148794	1.740050
17.167304	1.740050
17.167304	1.752142
19.729285	1.752142
19.729285	1.764458
25.060656	1.764458
25.060656	1.774703
30.004298	1.774703
30.004298	1.779347
34.208204	1.779347
34.208204	1.781581
42.414408	1.781581
42.414408	1.782116
42.423701	1.782116
42.423701	1.782306
65.222616	1.782306
& cycle # 5, chisq = 113364.071930, e = 37.177571
0.000000	1.345691
0.941824	1.345691
0.941824	1.429107
1.893934	1.429107
1.893934	1.450666
2.526261	1.450666
2.526261	1.465671
3.702282	1.465671
3.702282	1.479025
4.802309	1.479025
4.802309	1.488038
5.695001	1.488038
5.695001	1.498073
7.631546	1.498073
7.631546	1.508620
9.462937	1.508620
9.462937	1.516072
10.991499	1.516072
10.991499	1.524383
14.244391	1.524383
14.244391	1.532824
17.268424	1.532824
17.268424	1.538517
19.836698	1.538517
19.836698	1.544209
25.159706	1.544209
25.159706	1.548799
30.092403	1.548799
30.092403	1.550791
34.275863	1.550791
34.275863	1.551730
42.335396	1.551730
42.335396	1.551973
42.344825	1.551973
42.344825	1.552305
63.661933	1.552305
& cycle # 2, chisq = 105253.565042, e = 36.977720
0.000000	1.993987
0.941824	1.993987
0.941824	2.162447
1.893934	2.162447
1.893934	2.214117
2.526261	2.214117
2.526261	2.252036
3.702282	2.252036
3.702282	2.286768
4.802309	2.286768
4.802309	2.310206
5.695001	2.310206
5.695001	2.336201
7.631546	2.336201
7.631546	2.363420
9.462937	2.363420
9.462937	2.382585
10.991499	2.382585
10.991499	2.403898
14.244391	2.403898
14.244391	2.425490
17.268424	2.425490
17.268424	2.440023
19.836698	2.440023
19.836698	2.454532
25.159706	2.454532
25.159706	2.466222
30.092403	2.466222
30.092403	2.471294
34.275863	2.471294
34.275863	2.473684
42.335396	2.473684
42.335396	2.474301
42.344825	2.474301
42.344825	2.475133
63.661933	2.475133
& cycle # 3, chisq = 111074.194917, e = 36.977720
0.000000	1.124373
0.941824	1.124373
0.941824	1.301223
1.893934	1.301223
1.893934	1.371816
2.526261	1.371816
2.526261	1.427449
3.702282	1.427449
3.702282	1.481135
4.802309	1.481135
4.802309	1.518877
5.695001	1.518877
5.695001	1.562320
7.631546	1.562320
7.631546	1.609424
9.462937	1.609424
9.462937	1.643698
10.991499	1.643698
10.991499	1.682986
14.244391	1.682986
14.244391	1.723865
17.268424	1.723865
17.268424	1.752005
19.836698	1.752005
19.836698	1.780541
25.159706	1.780541
25.159706	1.803737
30.092403	1.803737
30.092403	1.813867
34.275863	1.813867
34.275863	1.818711
42.335396	1.818711
42.335396	1.820013
42.344825	1.820013
42.344825	1.822740
63.661933	1.822740
& cycle # 4, chisq = 106340.825159, e = 36.977720
0.000000	2.027813
0.941824	2.027813
0.941824	2.167162
1.893934	2.167162
1.893934	2.206153
2.526261	2.206153
2.526261	2.235195
3.702282	2.235195
3.702282	2.262204
4.802309	2.262204
4.802309	2.280773
5.695001	2.280773
5.695001	2.301733
7.631546	2.301733
7.631546	2.324043
9.462937	2.324043
9.462937	2.339991
10.991499	2.339991
10.991499	2.357972
14.244391	2.357972
14.244391	2.376408
17.268424	2.376408
17.268424	2.388941
19.836698	2.388941
19.836698	2.401540
25.159706	2.401540
25.159706	2.411730
30.092403	2.411730
30.092403	2.416163
34.275863	2.416163
34.275863	2.418265
42.335396	2.418265
42.335396	2.418816
42.344825	2.418816
42.344825	2.419738
63.661933	2.419738
& cycle # 5, chisq = 110382.887551, e = 36.977720
0.000000	0.101556
0.941824	0.101556
0.941824	0.269818
1.893934	0.269818
1.893934	0.368198
2.526261	0.368198
2.526261	0.462338
3.702282	0.462338
3.702282	0.567319
4.802309	0.567319
4.802309	0.650489
5.695001	0.650489
5.695001	0.757099
7.631546	0.757099
7.631546	0.884483
9.462937	0.884483
9.462937	0.985558
10.991499	0.985558
10.991499	1.110531
14.244391	1.110531
14.244391	1.249013
17.268424	1.249013
17.268424	1.349191
19.836698	1.349191
19.836698	1.454090
25.159706	1.454090
25.159706	1.540752
30.092403	1.540752
30.092403	1.578847
34.275863	1.578847
34.275863	1.597064
42.335396	1.597064
42.335396	1.601920
42.344825	1.601920
42.344825	1.609348
63.661933	1.609348
& cycle # 6, chisq = 108098.723766, e = 36.977720
