35.000000	356.751358
34.944000	352.668013
34.877500	348.596996
34.793500	344.467571
34.681500	340.377371
34.506500	336.327725
33.880000	332.326534
31.265500	328.304307
30.824500	324.288947
30.506000	320.255471
30.243500	316.208198
30.012500	312.152627
29.802500	308.118109
29.606500	304.077677
29.421000	300.042257
29.242500	296.013874
29.067500	291.965651
28.896000	287.924148
28.728000	283.912560
28.560000	279.880645
28.392000	275.866484
28.220500	271.815163
28.045500	267.742358
27.867000	263.663752
27.685000	259.610659
27.496000	255.550382
27.300000	251.521330
27.093500	247.476042
26.876500	243.449033
26.645500	239.444297
26.393500	235.433238
26.113500	231.388157
25.802000	227.369020
25.438000	223.338380
25.000500	219.335784
24.430000	215.335347
23.544500	211.324016
15.820000	207.322663
13.870500	203.305279
13.314000	199.279801
12.943000	195.264519
12.659500	191.216202
12.428500	187.201122
12.229000	183.186608
12.050500	179.124823
11.889500	175.036493
11.746000	171.023177
11.613000	166.979042
11.490500	162.974747
11.375000	158.953765
11.263000	154.825697
11.158000	150.746712
11.056500	146.604982
10.962000	142.566479
10.871000	138.505567
10.783500	134.437951
10.699500	130.381247
10.619000	126.354390
10.538500	122.193036
10.461500	118.089111
10.388000	114.061335
10.314500	109.927571
10.244500	105.893209
10.174500	101.764158
0.000000	0.000000
& cycle # 1, chisq = 651848.888613, e = 41.282959
35.000000	407.795649
34.972000	403.443639
34.944000	399.327674
34.912500	394.972924
34.881000	390.890065
34.846000	386.654724
34.807500	382.347306
34.765500	378.041741
34.720000	373.801959
34.671000	369.691353
34.615000	365.528780
34.552000	361.462471
34.478500	357.440309
34.387500	353.391108
34.265000	349.293342
34.079500	345.289065
32.508000	341.288162
30.159500	337.274994
29.767500	333.243248
29.487500	329.198512
29.260000	325.180676
29.060500	321.148098
28.878500	317.068741
28.710500	312.981521
28.553000	308.902172
28.402500	304.818123
28.259000	300.784106
28.119000	296.736415
27.982500	292.699852
27.846000	288.595894
27.713000	284.559988
27.580000	280.517459
27.447000	276.494511
27.310500	272.405763
27.174000	268.371713
27.034000	264.305994
26.890500	260.235756
26.743500	256.197032
26.589500	252.138129
26.428500	248.104735
26.257000	244.053602
26.075000	240.036095
25.875500	235.982986
25.655000	231.962674
25.399500	227.918916
25.095000	223.897266
24.703000	219.893071
24.080000	215.885243
18.466000	211.885237
17.164000	207.883416
16.642500	203.868774
16.135000	199.855624
15.669500	195.836229
15.183000	191.823209
14.668500	187.820405
14.052500	183.800921
13.195000	179.797803
9.625000	175.796453
7.927500	171.777684
7.388500	167.757944
7.024500	163.723757
6.741000	159.686499
6.503000	155.666060
6.293000	151.646250
6.104000	147.644995
5.929000	143.626523
5.764500	139.605967
5.607000	135.571098
5.453000	131.476827
5.306000	127.451510
5.162500	123.438485
5.019000	119.381768
4.875500	115.325172
4.732000	111.306055
4.585000	107.257827
4.434500	103.218975
0.000000	0.000000
& cycle # 2, chisq = 631566.447385, e = 41.282959
35.000000	315.641001
34.930000	311.577156
34.821500	307.544357
33.978000	303.536469
32.056500	299.528065
31.528000	295.514462
31.244500	291.471214
31.024000	287.403524
30.835000	283.343448
30.663500	279.286988
30.502500	275.219042
30.348500	271.144120
30.201500	267.144098
30.054500	263.099604
29.907500	259.066474
29.757000	254.992537
29.603000	250.920347
29.445500	246.902704
29.277500	242.838151
29.099000	238.820286
28.903000	234.794221
28.682500	230.764928
28.423500	226.743346
28.094500	222.735620
27.604500	218.730323
21.507500	214.730219
14.598500	210.729251
14.010500	206.704427
13.688500	202.660504
13.454000	198.601224
13.265000	194.545407
13.104000	190.457939
12.964000	186.366363
12.841500	182.334228
12.729500	178.253687
12.628000	174.217292
12.533500	170.162554
12.446000	166.148038
12.362000	162.054103
12.281500	157.904979
12.204500	153.723769
12.131000	149.532887
12.061000	145.354573
11.994500	141.211286
11.931500	137.125860
11.872000	133.121419
11.812500	128.973088
11.756500	124.936100
11.700500	120.769864
11.648000	116.746590
11.595500	112.610014
11.543000	108.360746
11.494000	104.293789
11.445000	100.130060
0.000000	0.000000
& cycle # 3, chisq = 701032.511258, e = 41.282959
35.000000	398.589724
34.804000	394.559752
34.475000	390.540428
32.833500	386.538212
31.496500	382.534416
31.041500	378.530799
30.730000	374.485463
30.485000	370.469005
30.278500	366.461622
30.096500	362.456410
29.928500	358.381882
29.774500	354.333905
29.631000	350.294206
29.494500	346.222247
29.365000	342.171343
29.239000	338.074881
29.116500	333.961266
28.997500	329.851634
28.882000	325.763964
28.770000	321.717347
28.658000	317.603794
28.549500	313.572059
28.441000	309.511497
28.332500	305.436706
28.224000	301.358652
28.115500	297.285640
28.007000	293.225802
27.898500	289.189537
27.786500	285.062245
27.674500	280.991851
27.559000	276.871488
27.443500	272.843834
27.324500	268.800957
27.202000	264.758870
27.076000	260.734443
26.943000	256.643855
26.806500	252.630547
26.659500	248.538710
26.505500	244.523957
26.337500	240.465258
26.155500	236.438138
25.952500	232.394178
25.721500	228.376887
25.441500	224.333982
25.081000	220.318205
24.521000	216.312650
17.867500	212.309770
16.922500	208.286903
16.373000	204.273895
15.893500	200.252934
15.452500	196.251881
15.004500	192.234227
14.549500	188.216444
14.035000	184.207083
13.412000	180.195467
12.414500	176.186524
8.001000	172.179928
7.231000	168.179024
6.832000	164.140093
6.548500	160.100529
6.321000	156.050030
6.128500	151.987332
5.960500	147.923766
5.810000	143.862339
5.673500	139.834787
5.547500	135.825304
5.428500	131.777058
5.316500	127.731751
5.208000	123.597040
5.106500	119.543566
5.008500	115.469342
4.914000	111.400874
4.823000	107.361059
4.732000	103.207292
0.000000	0.000000
& cycle # 4, chisq = 628830.630495, e = 41.282959
35.000000	375.635841
34.975500	371.535049
34.947500	367.447026
34.912500	363.144337
34.870500	358.997588
34.814500	354.895256
34.723500	350.840356
34.100500	346.821078
33.831000	342.763496
33.635000	338.760211
33.439000	334.698108
33.211500	330.694674
32.830000	326.680232
31.356500	322.667731
30.933000	318.649803
30.558500	314.631889
30.114000	310.626239
28.336000	306.618108
27.832000	302.578502
27.552000	298.574082
27.335000	294.540484
27.149500	290.490531
26.985000	286.490517
26.831000	282.442001
26.687500	278.439959
26.547500	274.358797
26.411000	270.255110
26.278000	266.186311
26.145000	262.095861
26.012000	258.025890
25.879000	254.010722
25.742500	249.977227
25.602500	245.964357
25.455500	241.926289
25.298000	237.849667
25.130000	233.838244
24.941000	229.782046
24.724000	225.737127
24.461500	221.717599
24.097500	217.711802
23.054500	213.710790
20.293000	209.707227
16.593500	205.706014
13.772500	201.692714
13.258000	197.680237
12.988500	193.671298
12.792500	189.642779
12.635000	185.631353
12.498500	181.564764
12.379500	177.560593
12.271000	173.529817
12.169500	169.424350
12.075000	165.305157
11.987500	161.231579
11.903500	157.084124
11.826500	153.078870
11.753000	149.076592
11.679500	144.903752
11.609500	140.776718
11.543000	136.724095
11.476500	132.549657
11.413500	128.489030
11.350500	124.331735
11.291000	120.322257
11.231500	116.237256
11.172000	112.081751
11.112500	107.860679
11.056500	103.832455
0.000000	0.000000
& cycle # 5, chisq = 652656.917511, e = 41.282959
35.000000	356.751358
34.919500	352.589461
34.821500	348.569211
34.688500	344.564019
34.471500	340.535257
33.533500	336.534057
31.419500	332.515732
30.922500	328.495214
30.576000	324.480240
30.292500	320.426760
30.047500	316.385813
29.827000	312.371820
29.620500	308.306274
29.428000	304.273962
29.242500	300.212265
29.064000	296.176972
28.889000	292.116897
28.717500	288.054299
28.549500	284.024155
28.381500	279.980065
28.213500	275.946987
28.045500	271.935622
27.874000	267.873971
27.702500	263.869861
27.524000	259.796777
27.342000	255.766518
27.153000	251.717659
26.957000	247.668666
26.754000	243.658245
26.537000	239.612259
26.306000	235.590123
26.057500	231.572363
25.784500	227.531963
25.480000	223.523795
25.126500	219.487010
24.706500	215.468864
24.160500	211.465272
23.327500	207.459363
15.809500	203.459152
13.821500	199.448729
13.198500	195.441387
12.782000	191.418145
12.467000	187.412047
12.204500	183.391384
11.977000	179.347628
11.777500	175.308302
11.599000	171.270566
11.434500	167.190152
11.284000	163.156272
11.144000	159.140798
11.011000	155.079452
10.885000	150.996864
10.766000	146.921660
10.654000	142.887944
10.545500	138.798350
10.440500	134.674194
10.339000	130.535956
10.241000	126.401489
10.146500	122.285610
10.055500	118.200837
9.968000	114.158628
9.880500	110.002057
9.796500	105.903231
9.716000	101.876005
0.000000	0.000000
& cycle # 1, chisq = 644833.191911, e = 40.842422
35.000000	407.795649
34.958000	403.772276
34.912500	399.475344
34.867000	395.247633
34.821500	391.098315
34.776000	387.041102
34.727000	382.776243
34.678000	378.624412
34.629000	374.597749
34.576500	370.431317
34.524000	366.418671
34.468000	362.308806
34.408500	358.141950
34.345500	353.963398
34.279000	349.813916
34.209000	345.728594
34.132000	341.563753
34.048000	337.412532
33.957000	333.366624
33.852000	329.244801
33.733000	325.229535
33.586000	321.159700
33.393500	317.113534
33.096000	313.102336
30.107000	309.099280
29.053500	305.094337
28.626500	301.088093
28.315000	297.053768
28.059500	293.044846
27.835500	289.013235
27.632500	284.982230
27.443500	280.960310
27.265000	276.960203
27.093500	272.956190
26.925500	268.911114
26.761000	264.875848
26.596500	260.815110
26.432000	256.768016
26.267500	252.760466
26.099500	248.731523
25.928000	244.718829
25.749500	240.697647
25.560500	236.661891
25.357500	232.612860
25.137000	228.562547
24.892000	224.513527
24.608500	220.483150
24.258500	216.481090
23.768500	212.473427
22.445500	208.471891
16.768500	204.459160
16.117500	200.444308
15.617000	196.425045
15.155000	192.422325
14.717500	188.395521
14.269500	184.369382
13.783000	180.365917
13.205500	176.363067
12.334000	172.357891
7.350000	168.350185
6.629000	164.339327
6.240500	160.329663
5.953500	156.288371
5.719000	152.244394
5.516000	148.207989
5.334000	144.163118
5.166000	140.077544
5.012000	136.061853
4.865000	132.020827
4.725000	128.009555
4.588500	123.964798
4.455500	119.918190
4.326000	115.908230
4.196500	111.866214
4.067000	107.826662
3.937500	103.816109
0.000000	0.000000
& cycle # 2, chisq = 626551.015401, e = 40.842422
35.000000	315.641001
34.937000	311.511085
34.853000	307.392820
34.723500	303.333873
34.072500	299.333842
28.931000	295.322740
28.476000	291.302331
28.164500	287.254890
27.912500	283.205978
27.695500	279.202105
27.499500	275.196283
27.317500	271.181952
27.142500	267.109438
26.974500	263.057130
26.810000	258.993235
26.649000	254.953832
26.488000	250.887814
26.327000	246.841591
26.162500	242.781564
25.994500	238.760008
25.819500	234.738881
25.634000	230.691125
25.434500	226.625138
25.217500	222.604191
24.969000	218.574790
24.671500	214.558252
24.279500	210.551575
23.544500	206.546255
14.507500	202.545044
13.335000	198.518335
12.985000	194.494285
12.750500	190.460609
12.568500	186.416168
12.418000	182.400760
12.285000	178.305500
12.169500	174.300718
12.064500	170.271138
11.966500	166.153427
11.875500	162.003917
11.791500	157.882863
11.714500	153.852441
11.641000	149.774985
11.571000	145.679835
11.504500	141.596343
11.441500	137.553151
11.378500	133.339118
11.319000	129.201365
11.263000	125.165910
11.207000	120.992425
11.154500	116.953178
11.102000	112.790100
11.049500	108.501855
11.000500	104.385424
10.951500	100.157896
0.000000	0.000000
& cycle # 3, chisq = 647092.395079, e = 40.842422
35.000000	398.589724
34.527500	394.587715
32.875500	390.565480
32.532500	386.520226
32.305000	382.513585
32.123000	378.470644
31.965500	374.374570
31.825500	370.270787
31.699500	366.213842
31.584000	362.213404
31.472000	358.102701
31.367000	354.062883
31.265500	350.001944
31.167500	345.948833
31.073000	341.931977
30.978500	337.826620
30.887500	333.809026
30.796500	329.747271
30.705500	325.657906
30.614500	321.554545
30.523500	317.448783
30.432500	313.352115
30.341500	309.277614
30.250500	305.240351
30.156000	301.104384
30.061500	297.042616
29.963500	292.923314
29.865500	288.909317
29.764000	284.871132
29.659000	280.829159
29.550500	276.807268
29.435000	272.712820
29.316000	268.711349
29.186500	264.620009
29.050000	260.608589
28.899500	256.537805
28.735000	252.500535
28.549500	248.458582
28.332500	244.404817
28.070000	240.395363
27.723500	236.377809
27.170500	232.373424
24.552500	228.371806
22.333500	224.365163
21.560000	220.344740
20.989500	216.343388
20.506500	212.332326
20.044500	208.308398
19.596500	204.288580
19.117000	200.282700
18.574500	196.266068
17.825500	192.262612
17.010000	188.257681
12.719000	184.257517
10.251500	180.257429
9.649500	176.256821
9.233000	172.246363
8.897000	168.239361
8.610000	164.227550
8.354500	160.222544
8.116500	156.165652
7.896000	152.132984
7.689500	148.125294
7.490000	144.075328
7.297500	140.039097
7.108500	135.970896
6.926500	131.960040
6.748000	127.953665
6.569500	123.905988
6.391000	119.843133
6.212500	115.772589
6.034000	111.694561
5.855500	107.622120
5.677000	103.578705
0.000000	0.000000
& cycle # 4, chisq = 659678.038337, e = 40.842422
35.000000	482.480621
34.972000	478.333887
34.940500	473.947440
34.909000	469.846511
34.874000	465.598680
34.835500	461.279421
34.793500	456.967467
34.748000	452.728749
34.699000	448.619763
34.643000	444.453345
34.580000	440.377757
34.506500	436.336227
34.415500	432.236845
34.300000	428.231464
34.132000	424.209470
33.799500	420.188289
31.706500	416.174817
31.129000	412.168359
30.814000	408.136396
30.579500	404.080732
30.387000	400.003409
30.222500	395.956499
30.075500	391.906045
29.942500	387.897518
29.816500	383.802758
29.701000	379.797469
29.589000	375.689428
29.484000	371.648393
29.382500	367.581287
29.284500	363.518285
29.190000	359.485314
29.095500	355.348647
29.004500	351.274400
28.913500	347.118001
28.826000	343.051596
28.738500	338.926071
28.654500	334.920397
28.570500	330.881723
28.486500	326.821270
28.402500	322.749401
28.318500	318.674985
28.234500	314.605324
28.150500	310.546631
28.066500	306.504856
27.982500	302.486536
27.895000	298.334031
27.807500	294.225407
27.720000	290.171601
27.629000	286.025382
27.538000	281.960842
27.443500	277.835441
27.349000	273.813857
27.251000	269.757833
27.149500	265.684251
27.044500	261.612136
26.936000	257.564123
26.820500	253.444939
26.701500	249.418387
26.575500	245.405738
26.439000	241.353562
26.292000	237.327381
26.131000	233.307849
25.949000	229.244750
25.739000	225.185701
25.487000	221.175422
25.154500	217.154353
24.622500	213.151760
18.287500	209.147942
17.178000	205.139754
16.716000	201.110660
16.271500	197.108629
15.858500	193.081467
15.445500	189.076669
14.994000	185.055009
14.486500	181.038311
13.790000	177.027704
8.480500	173.025853
7.528500	169.003330
7.157500	164.959686
6.902000	160.909678
6.702500	156.881377
6.534500	152.847445
6.387500	148.806656
6.254500	144.713983
6.135500	140.681765
6.023500	136.557116
5.922000	132.540839
5.824000	128.414114
5.733000	124.366537
5.645500	120.281612
5.561500	116.183670
5.481000	112.095179
5.404000	108.037646
5.330500	104.032331
0.000000	0.000000
& cycle # 6, chisq = 622040.129811, e = 40.842422
35.000000	356.751358
34.923000	352.741267
34.821500	348.740502
34.667500	344.717845
34.317500	340.703471
32.431000	336.690235
31.916500	332.680625
31.598000	328.636896
31.349500	324.583181
31.139500	320.555928
30.954000	316.555890
30.782500	312.533758
30.621500	308.516647
30.467500	304.480479
30.320500	300.474316
30.177000	296.452495
30.033500	292.360101
29.893500	288.330624
29.753500	284.285150
29.613500	280.241327
29.473500	276.223135
29.330000	272.162811
29.183000	268.095629
29.032500	264.048878
28.878500	260.041771
28.717500	256.010168
28.549500	251.999523
28.371000	247.987491
28.178500	243.963424
27.968500	239.922924
27.737500	235.892937
27.475000	231.856666
27.167000	227.828514
26.792500	223.823406
26.288500	219.811388
25.483500	215.802550
22.753500	211.801191
14.602000	207.793923
13.846000	203.771155
13.408500	199.743174
13.086500	195.741658
12.827500	191.699907
12.610500	187.642871
12.421500	183.580957
12.253500	179.541947
12.099500	175.460747
11.959500	171.407782
11.830000	167.345254
11.711000	163.333539
11.599000	159.309402
11.490500	155.181374
11.389000	151.116505
11.291000	147.005942
11.196500	142.867811
11.105500	138.717933
11.018000	134.570896
10.934000	130.441233
10.853500	126.344247
10.776500	122.296296
10.699500	118.122120
10.626000	114.021212
10.556000	110.011905
10.486000	105.904020
10.416000	101.700317
0.000000	0.000000
& cycle # 1, chisq = 658555.018582, e = 41.230109
35.000000	407.795649
34.965000	403.623610
34.930000	399.598660
34.891500	395.340484
34.853000	391.249414
34.811000	386.979237
34.769000	382.907161
34.723500	378.706964
34.674500	374.420735
34.625500	370.377940
34.573000	366.308811
34.517000	362.250488
34.457500	358.239576
34.391000	354.110154
34.317500	349.961141
34.237000	345.878778
34.146000	341.792079
34.041000	337.716896
33.915000	333.637698
33.757500	329.585936
33.540500	325.556144
33.166000	321.555996
30.429000	317.551432
29.480500	313.542225
29.025500	309.514870
28.693000	305.486033
28.420000	301.466183
28.178500	297.414232
27.961500	293.388880
27.758500	289.317029
27.569500	285.307144
27.387500	281.290714
27.209000	277.230182
27.034000	273.152490
26.862500	269.094255
26.691000	265.018632
26.519500	260.968264
26.344500	256.890061
26.169500	252.884334
25.987500	248.818403
25.798500	244.745359
25.602500	240.730817
25.392500	236.697818
25.165000	232.648156
24.916500	228.618701
24.633000	224.579525
24.293500	220.544144
23.859500	216.521624
23.173500	212.507873
17.160500	208.502120
16.138500	204.486425
15.428000	200.465194
14.819000	196.456269
14.259000	192.433198
13.702500	188.413413
13.121500	184.411203
12.467000	180.402168
11.648000	176.395200
10.458000	172.390128
8.732500	168.388415
7.514500	164.383472
6.800500	160.364000
6.300000	156.353441
5.904500	152.348220
5.568500	148.339469
5.267500	144.297213
4.994500	140.277944
4.735500	136.229645
4.487000	132.173402
4.245500	128.118955
4.007500	124.101269
3.766000	120.052304
3.521000	116.027514
3.265500	112.004148
2.996000	107.976701
2.709000	103.974555
0.000000	0.000000
& cycle # 2, chisq = 632652.190936, e = 41.230109
35.000000	315.641001
30.054500	311.640670
29.246000	307.627610
28.861000	303.604158
28.574000	299.561236
28.336000	295.558684
28.122500	291.504505
27.930000	287.492933
27.748000	283.424014
27.576500	279.393601
27.412000	275.393253
27.251000	271.380664
27.090000	267.295246
26.932500	263.257062
26.775000	259.217459
26.614000	255.131548
26.453000	251.126228
26.285000	247.057422
26.113500	243.040187
25.935000	239.035076
25.742500	234.964494
25.536000	230.933228
25.308500	226.915240
25.049500	222.875707
24.741500	218.834610
24.339000	214.814527
23.684500	210.808156
16.859500	206.807944
15.186500	202.805641
14.112000	198.793393
13.251000	194.793290
12.565000	190.783744
12.040000	186.783492
11.634000	182.759633
11.315500	178.754466
11.053000	174.743138
10.832500	170.723882
10.643500	166.688872
10.479000	162.664884
10.332000	158.621697
10.199000	154.562152
10.076500	150.448494
9.964500	146.338414
9.863000	142.297045
9.768500	138.241362
9.681000	134.217490
9.597000	130.098628
9.520000	126.093065
9.446500	122.056443
9.376500	118.011468
9.310000	113.980929
9.243500	109.760534
9.180500	105.580366
9.121000	101.463558
0.000000	0.000000
& cycle # 3, chisq = 639369.990573, e = 41.230109
35.000000	398.589724
34.811000	394.543783
34.517000	390.543253
33.579000	386.543056
31.482500	382.541200
30.978500	378.509657
30.653000	374.465654
30.401000	370.429813
30.191000	366.406865
30.005500	362.358487
29.837500	358.299199
29.683500	354.248388
29.540000	350.194159
29.403500	346.103634
29.274000	342.032854
29.151500	338.028582
29.032500	334.006508
28.917000	329.985791
28.801500	325.859320
28.689500	321.770441
28.581000	317.743898
28.472500	313.670619
28.364000	309.566565
28.255500	305.444311
28.147000	301.313363
28.038500	297.182335
27.930000	293.061585
27.821500	288.964721
27.713000	284.908061
27.601000	280.780476
27.489000	276.729485
27.373500	272.644216
27.254500	268.541585
27.132000	264.438159
27.006000	260.353793
26.876500	256.314515
26.740000	252.250347
26.596500	248.211292
26.442500	244.155285
26.278000	240.141690
26.096000	236.078585
25.893000	232.016057
25.662000	228.009384
25.378500	223.966539
25.007500	219.957971
24.384500	215.957314
17.594500	211.953858
16.859500	207.932823
16.334500	203.922723
15.883000	199.904497
15.466500	195.901210
15.046500	191.899925
14.619500	187.868032
14.143500	183.843077
13.576500	179.824209
12.729500	175.822346
7.857500	171.819370
7.108500	167.811493
6.734000	163.792972
6.464500	159.734499
6.251000	155.716929
6.069000	151.659105
5.911500	147.643843
5.768000	143.570814
5.638500	139.554725
5.516000	135.455204
5.404000	131.446818
5.295500	127.324368
5.194000	123.257220
5.096000	119.144155
5.001500	115.014196
4.910500	110.894473
4.823000	106.808580
4.739000	102.776608
0.000000	0.000000
& cycle # 4, chisq = 624957.263151, e = 41.230109
35.000000	375.635841
34.972000	371.315653
34.940500	367.212499
34.902000	363.150542
34.849500	359.006739
34.765500	354.924549
34.202000	350.906654
33.960500	346.837345
33.796000	342.770966
33.645500	338.695370
33.491500	334.613593
33.320000	330.610214
33.092500	326.608522
31.962000	322.607435
31.367000	318.588123
31.052000	314.542743
30.782500	310.541876
30.509500	306.523337
30.198000	302.518604
29.718500	298.502750
28.007000	294.479257
27.629000	290.443031
27.373500	286.421133
27.163500	282.379138
26.978000	278.340468
26.806500	274.284272
26.645500	270.249464
26.491500	266.240703
26.337500	262.152823
26.187000	258.151342
26.033000	254.116122
25.875500	250.106517
25.711000	246.093816
25.536000	242.075237
25.343500	238.026116
25.126500	234.016401
24.864000	230.015581
24.503500	225.992555
23.530500	221.992139
21.220500	217.991949
19.974500	213.986375
17.080000	209.980176
14.651000	205.956020
14.297500	201.915704
14.101500	197.899715
13.958000	193.842459
13.842500	189.751487
13.744500	185.628045
13.660500	181.573062
13.583500	177.403373
13.513500	173.214267
13.450500	169.102131
13.391000	164.906376
13.335000	160.667809
13.282500	156.428032
13.233500	152.229109
13.188000	148.113202
13.142500	143.781055
13.100500	139.583948
13.062000	135.564444
13.023500	131.375791
12.985000	127.013727
12.950000	122.894244
12.915000	118.625011
12.880000	114.203140
12.848500	110.090668
12.817000	105.850411
12.785500	101.480554
0.000000	0.000000
& cycle # 5, chisq = 687047.755532, e = 41.230109
35.000000	356.751358
34.916000	352.638055
34.800500	348.536151
34.615000	344.530510
33.939500	340.526094
32.536000	336.524734
32.130000	332.511755
31.857000	328.505516
31.640000	324.497546
31.451000	320.426823
31.283000	316.387909
31.129000	312.355442
30.985500	308.337248
30.849000	304.317211
30.716000	300.250480
30.586500	296.175078
30.460500	292.119475
30.338000	288.111293
30.215500	284.065131
30.093000	280.011018
29.970500	275.976094
29.844500	271.866729
29.718500	267.813992
29.589000	263.723954
29.456000	259.625488
29.319500	255.554707
29.179500	251.547328
29.032500	247.537912
28.875000	243.474080
28.707000	239.411887
28.525000	235.348755
28.325500	231.320249
28.101500	227.318648
27.839000	223.280702
27.520500	219.275035
27.090000	215.256857
26.379500	211.250455
17.293500	207.249590
14.500500	203.237451
13.748000	199.218988
13.303500	195.195771
12.974500	191.171924
12.712000	187.117985
12.491500	183.053061
12.299000	178.989460
12.127500	174.938157
11.973500	170.919570
11.830000	166.820676
11.700500	162.811492
11.578000	158.742458
11.462500	154.660074
11.354000	150.609335
11.249000	146.490164
11.151000	142.466421
11.056500	138.418327
10.965500	134.359571
10.878000	130.304480
10.794000	126.268757
10.710000	122.092729
10.629500	117.960449
10.552500	113.891166
10.475500	109.711170
10.402000	105.621225
10.328500	101.436666
0.000000	0.000000
& cycle # 1, chisq = 652407.153549, e = 40.709984
35.000000	407.795649
34.972000	403.348158
34.944000	399.145456
34.912500	394.702817
34.881000	390.541412
34.846000	386.228742
34.807500	381.847192
34.769000	377.821634
34.727000	373.803341
34.678000	369.569475
34.625500	365.536409
34.562500	361.319602
34.489000	357.152089
34.401500	353.100145
34.286000	349.018780
34.114500	344.972541
33.684000	340.968765
30.397500	336.946213
29.984500	332.935917
29.697500	328.909419
29.466500	324.872731
29.267000	320.833920
29.088500	316.818660
28.924000	312.799645
28.770000	308.775497
28.623000	304.724074
28.483000	300.707313
28.346500	296.672534
28.213500	292.650843
28.080500	288.556428
27.951000	284.516077
27.821500	280.444074
27.692000	276.367276
27.562500	272.313769
27.433000	268.307156
27.300000	264.258334
27.163500	260.185560
27.023500	256.109694
26.880000	252.059622
26.729500	247.979635
26.572000	243.922787
26.404000	239.854739
26.225500	235.830621
26.029500	231.767804
25.812500	227.722262
25.564000	223.701158
25.263000	219.672440
24.871000	215.646774
24.234000	211.645066
17.983000	207.642461
17.048500	203.616256
16.530500	199.595680
16.033500	195.574083
15.571500	191.564618
15.078000	187.537200
14.549500	183.515210
13.895000	179.508929
12.876500	175.503381
8.592500	171.498199
7.682500	167.483528
7.227500	163.473551
6.898500	159.439861
6.636000	155.437703
6.408500	151.407870
6.205500	147.372822
6.020000	143.323329
5.848500	139.294889
5.684000	135.212844
5.526500	131.138162
5.376000	127.115527
5.229000	123.088448
5.082000	119.000493
4.938500	114.995644
4.791500	110.922274
4.644500	106.912494
4.494000	102.904744
0.000000	0.000000
& cycle # 2, chisq = 613754.835097, e = 40.709984
35.000000	315.641001
34.937000	311.615379
34.853000	307.536624
34.727000	303.492220
34.405000	299.485123
28.812000	295.483572
28.308000	291.453616
27.975500	287.409778
27.709500	283.373066
27.482000	279.359091
27.275500	275.296616
27.086500	271.284525
26.904500	267.206169
26.733000	263.202035
26.565000	259.155866
26.400500	255.113583
26.236000	251.041986
26.071500	246.991032
25.903500	242.914041
25.732000	238.842490
25.557000	234.811389
25.375000	230.796192
25.179000	226.734083
24.965500	222.670864
24.731000	218.663211
24.461500	214.656325
24.129000	210.650745
23.649500	206.638147
20.818000	202.636909
14.539000	198.636581
12.890500	194.635149
12.463500	190.616009
12.180000	186.595871
11.959500	182.527758
11.781000	178.508259
11.627000	174.453643
11.490500	170.374842
11.368000	166.309766
11.256000	162.245077
11.151000	158.119235
11.053000	153.980065
10.962000	149.875558
10.878000	145.854728
10.797500	141.785933
10.720500	137.692560
10.647000	133.599316
10.577000	129.531431
10.510500	125.513875
10.444000	121.347762
10.381000	117.264525
10.318000	113.049087
10.258500	108.946662
10.199000	104.726430
10.143000	100.646497
0.000000	0.000000
& cycle # 3, chisq = 630693.198184, e = 40.709984
35.000000	398.589724
34.814500	394.553567
34.548500	390.548813
33.995500	386.541670
31.514000	382.534546
30.891000	378.508435
30.534000	374.466193
30.268000	370.412749
30.051000	366.388469
29.862000	362.353332
29.694000	358.340620
29.540000	354.306228
29.396500	350.252841
29.260000	346.153620
29.130500	342.060930
29.008000	338.016074
28.889000	333.932190
28.773500	329.832157
28.661500	325.742159
28.553000	321.689581
28.444500	317.565388
28.339500	313.520457
28.234500	309.433679
28.129500	305.313734
28.028000	301.307596
27.926500	297.287933
27.825000	293.267022
27.723500	289.259429
27.618500	285.143800
27.513500	281.073797
27.408500	277.061275
27.300000	272.984350
27.188000	268.857312
27.076000	264.821005
26.960500	260.764784
26.841500	256.713762
26.719000	252.697209
26.589500	248.637700
26.453000	244.578186
26.309500	240.557593
26.155500	236.524563
25.987500	232.461674
25.802000	228.398859
25.592000	224.351843
25.347000	220.350441
25.039000	216.316020
24.601500	212.295086
23.341500	208.293174
17.108000	204.287209
16.495500	200.280836
15.977500	196.274898
15.522500	192.249535
15.067500	188.233765
14.609000	184.230972
14.084000	180.221653
13.412000	176.209516
11.340000	172.209050
7.070000	168.208325
6.671000	164.182081
6.401500	160.148216
6.191500	156.127312
6.016500	152.109686
5.862500	148.039871
5.726000	144.005309
5.600000	139.920057
5.484500	135.864734
5.376000	131.779027
5.274500	127.712684
5.176500	123.565284
5.085500	119.525805
4.998000	115.478555
4.914000	111.450254
4.830000	107.288524
4.749500	103.180123
0.000000	0.000000
& cycle # 4, chisq = 610410.717815, e = 40.709984
35.000000	482.480621
34.972000	478.052212
34.944000	473.902141
34.912500	469.553835
34.881000	465.518988
34.846000	461.378945
34.807500	457.219182
34.765500	453.116213
34.716500	448.846225
34.664000	444.828480
34.601000	440.690161
34.527500	436.677772
34.433000	432.588359
34.303500	428.541708
34.083000	424.503805
31.902500	420.496474
31.206000	416.484356
30.884000	412.446342
30.653000	408.440051
30.464000	404.408074
30.303000	400.406895
30.159500	396.401805
30.026500	392.333068
29.904000	388.291729
29.788500	384.228407
29.680000	380.192364
29.575000	376.092464
29.473500	371.959810
29.375500	367.825927
29.281000	363.719762
29.190000	359.665795
29.099000	355.522990
29.011500	351.462879
28.924000	347.334325
28.840000	343.313577
28.756000	339.245093
28.672000	335.138898
28.588000	331.006196
28.504000	326.858441
28.420000	322.706317
28.336000	318.559007
28.252000	314.424008
28.168000	310.307512
28.084000	306.215203
28.000000	302.153139
27.916000	298.128398
27.828500	293.984586
27.741000	289.900582
27.653500	285.886764
27.562500	281.796894
27.468000	277.649744
27.373500	273.610936
27.275500	269.541399
27.174000	265.457583
27.069000	261.377504
26.960500	257.322381
26.848500	253.317308
26.729500	249.274388
26.603500	245.242062
26.467000	241.166105
26.320000	237.111261
26.159000	233.054853
25.980500	229.013841
25.777500	224.994113
25.536000	220.989333
25.228000	216.984902
24.780000	212.981354
22.106000	208.981146
17.076500	204.974398
16.460500	200.973532
15.897000	196.956747
15.365000	192.942054
14.812000	188.936371
14.199500	184.927858
13.433000	180.922609
12.169500	176.918350
9.604000	172.912928
8.554000	168.907431
8.039500	164.898627
7.689500	160.890083
7.416500	156.842460
7.192500	152.841632
6.996500	148.770385
6.825000	144.728202
6.671000	140.702652
6.527500	136.612084
6.394500	132.524653
6.272000	128.500706
6.156500	124.472472
6.044500	120.346856
5.939500	116.285871
5.838000	112.189184
5.740000	108.081773
5.645500	103.985895
0.000000	0.000000
& cycle # 6, chisq = 612535.100209, e = 40.709984
35.000000	356.751358
34.926500	352.577355
34.839000	348.530505
34.723500	344.439540
34.555500	340.386453
34.216000	336.376420
31.573500	332.363488
30.901500	328.343658
30.495500	324.308274
30.184000	320.308031
29.918000	316.299465
29.680000	312.280558
29.463000	308.274220
29.256500	304.204508
29.060500	300.152532
28.871500	296.088280
28.689500	292.045427
28.511000	287.991165
28.336000	283.967867
28.161000	279.918448
27.986000	275.851935
27.811000	271.783280
27.636000	267.742147
27.457500	263.680969
27.275500	259.620686
27.090000	255.569035
26.901000	251.540213
26.705000	247.496496
26.502000	243.484176
26.288500	239.465698
26.064500	235.461570
25.826500	231.456187
25.567500	227.428668
25.284000	223.420236
24.969000	219.410711
24.605000	215.376967
24.167500	211.367154
23.604000	207.355887
22.715000	203.349411
14.668500	199.346183
13.352500	195.326965
12.810000	191.297906
12.442500	187.269147
12.152000	183.238032
11.910500	179.231960
11.700500	175.187632
11.515000	171.153074
11.347000	167.123304
11.193000	163.112853
11.049500	159.091819
10.913000	154.996718
10.787000	150.970422
10.668000	146.945377
10.552500	142.832935
10.444000	138.789338
10.339000	134.714380
10.237500	130.626782
10.139500	126.541966
10.045000	122.472843
9.954000	118.431246
9.866500	114.429244
9.779000	110.313066
9.695000	106.255226
9.611000	102.096054
0.000000	0.000000
& cycle # 1, chisq = 635599.918610, e = 40.590459
35.000000	407.795649
34.972000	403.769184
34.940500	399.496724
34.909000	395.488801
34.874000	391.321794
34.835500	387.066516
34.793500	382.797589
34.748000	378.577650
34.699000	374.460792
34.643000	370.255161
34.580000	366.104008
34.506500	361.941741
34.419000	357.807222
34.310500	353.730136
34.163500	349.663200
33.929000	345.622780
33.141500	341.622295
31.115000	337.621821
30.621500	333.590855
30.296000	329.586954
30.037000	325.550652
29.816500	321.531807
29.620500	317.508671
29.442000	313.489707
29.274000	309.433110
29.116500	305.420383
28.966000	301.414874
28.819000	297.355464
28.675500	293.273914
28.535500	289.208358
28.399000	285.194826
28.262500	281.155816
28.126000	277.107268
27.989500	273.062675
27.853000	269.039826
27.713000	264.961993
27.573000	260.961505
27.426000	256.869813
27.275500	252.812564
27.121500	248.808844
26.960500	244.796280
26.789000	240.742069
26.607000	236.720788
26.407500	232.667368
26.187000	228.613442
25.938500	224.567646
25.648000	220.555712
25.280500	216.553150
24.748500	212.536788
22.921500	208.536616
16.929500	204.525908
16.219000	200.516610
15.606500	196.496317
15.001000	192.473217
14.395500	188.460076
13.720000	184.440706
12.918500	180.427187
11.865000	176.421128
10.486000	172.416239
9.289000	168.414779
8.508500	164.401316
7.962500	160.393173
7.539000	156.362838
7.185500	152.326104
6.877500	148.277554
6.604500	144.275549
6.349000	140.234428
6.107500	136.179388
5.876500	132.119555
5.652500	128.087418
5.428500	124.029742
5.204500	119.992227
4.977000	115.987233
4.735500	111.947778
4.476500	107.934867
4.186000	103.926164
0.000000	0.000000
& cycle # 2, chisq = 623092.245615, e = 40.590459
35.000000	315.641001
34.937000	311.473558
34.853000	307.430898
34.709500	303.371951
33.232500	299.368764
28.724500	295.358842
28.052500	291.358494
27.695500	287.327695
27.426000	283.299556
27.198500	279.249654
26.995500	275.189936
26.810000	271.154244
26.635000	267.089074
26.470500	263.071650
26.309500	259.000862
26.152000	254.935579
25.998000	250.923102
25.844000	246.903745
25.690000	242.902042
25.532500	238.857692
25.371500	234.815708
25.203500	230.747636
25.028500	226.717257
24.843000	222.703934
24.643500	218.701871
24.423000	214.687600
24.171000	210.685231
23.863000	206.674968
23.446500	202.651301
22.620500	198.643766
12.915000	194.637076
12.309500	190.604231
11.980500	186.596970
11.742500	182.585515
11.550000	178.528543
11.385500	174.437668
11.242000	170.373359
11.112500	166.285951
10.997000	162.283837
10.888500	158.200894
10.787000	154.085808
10.692500	149.991059
10.605000	145.970682
10.521000	141.904097
10.440500	137.817939
10.363500	133.737863
10.290000	129.687915
10.216500	125.486886
10.146500	121.345502
10.080000	117.283988
10.013500	113.098083
9.950500	109.017438
9.887500	104.824896
9.828000	100.763048
0.000000	0.000000
& cycle # 3, chisq = 637607.910287, e = 40.590459
35.000000	398.589724
34.447000	394.588312
33.040000	390.582381
32.697000	386.571906
32.466000	382.503236
32.287500	378.502838
32.133500	374.437282
31.997000	370.372171
31.874500	366.362694
31.759000	362.277681
31.650500	358.187316
31.549000	354.160562
31.451000	350.109914
31.356500	346.069232
31.265500	342.065893
31.174500	337.964191
31.087000	333.940356
30.999500	329.853671
30.912000	325.721751
30.824500	321.562645
30.740500	317.559601
30.656500	313.558843
30.569000	309.404729
30.481500	305.274551
30.394000	301.179407
30.306500	297.131999
30.215500	292.988461
30.124500	288.927641
30.030000	284.813132
29.932000	280.669045
29.834000	276.658828
29.732500	272.653201
29.624000	268.545058
29.512000	264.502943
29.393000	260.442851
29.267000	256.421079
29.130500	252.393291
28.980000	248.344149
28.812000	244.292143
28.619500	240.235583
28.392000	236.223430
28.098000	232.184361
27.667500	228.166072
26.369000	224.165639
21.801500	220.157627
21.028000	216.146452
20.454000	212.145349
19.932500	208.133444
19.439000	204.127080
18.900000	200.104180
18.301500	196.085432
17.458000	192.074097
16.723000	188.071677
13.076000	184.071463
10.654000	180.068771
10.006500	176.064007
9.565500	172.063815
9.212000	168.023333
8.911000	164.010188
8.645000	160.002584
8.400000	155.956086
8.172500	151.940779
7.955500	147.896234
7.749000	143.860232
7.549500	139.818042
7.353500	135.752951
7.161000	131.696363
6.972000	127.659722
6.783000	123.584241
6.597500	119.578418
6.408500	115.523006
6.219500	111.504226
6.027000	107.447854
5.834500	103.442605
0.000000	0.000000
& cycle # 4, chisq = 653606.936441, e = 40.590459
35.000000	482.480621
34.968500	478.390183
34.933500	474.151619
34.895000	469.843124
34.853000	465.528697
34.807500	461.281798
34.758500	457.165682
34.702500	452.980557
34.639500	448.868455
34.566000	444.781331
34.478500	440.761765
34.366500	436.724494
34.209000	432.686249
33.936000	428.676822
32.469500	424.674437
31.482500	420.666593
31.101000	416.631773
30.838500	412.577947
30.632000	408.569675
30.457000	404.566092
30.303000	400.560228
30.163000	396.528677
30.033500	392.480808
29.911000	388.379136
29.795500	384.273681
29.687000	380.210290
29.582000	376.094200
29.480500	371.954504
29.382500	367.820999
29.288000	363.721224
29.197000	359.678499
29.106000	355.551454
29.018500	351.510267
28.931000	347.403773
28.843500	343.238959
28.759500	339.194015
28.675500	335.112939
28.591500	331.006485
28.507500	326.885715
28.423500	322.760986
28.339500	318.641204
28.255500	314.533618
28.171500	310.444177
28.087500	306.378316
28.003500	302.341832
27.919500	298.341552
27.832000	294.221785
27.744500	290.160164
27.653500	286.008771
27.562500	281.941778
27.468000	277.816568
27.373500	273.797791
27.275500	269.746986
27.174000	265.680389
27.069000	261.615828
26.960500	257.574358
26.845000	253.459192
26.726000	249.432641
26.600000	245.415222
26.463500	241.352664
26.316500	237.309241
26.155500	233.262251
25.977000	229.228763
25.774000	225.214874
25.532500	221.213959
25.224500	217.210168
24.776500	213.202373
23.100000	209.201958
17.321500	205.184649
16.796500	201.168429
16.299500	197.159111
15.834000	193.148095
15.358000	189.142655
14.833000	185.133220
14.203000	181.126176
13.233500	177.124511
9.205000	173.118829
8.340500	169.114503
7.931000	165.074953
7.651000	161.072645
7.430500	157.064031
7.245000	153.041966
7.084000	149.018602
6.940500	144.978759
6.811000	140.947099
6.692000	136.913240
6.580000	132.827635
6.475000	128.742017
6.377000	124.703681
6.282500	120.600853
6.191500	116.454069
6.104000	112.285202
6.020000	108.117750
5.939500	103.976163
0.000000	0.000000
& cycle # 6, chisq = 616110.157431, e = 40.590459
35.000000	356.751358
34.944000	352.531901
34.877500	348.345677
34.797000	344.273342
34.692000	340.273208
34.531000	336.226886
34.170500	332.225831
32.434500	328.220152
31.881500	324.186836
31.549000	320.141150
31.293500	316.131502
31.076500	312.115741
30.884000	308.110180
30.705500	304.077692
30.537500	300.041439
30.376500	295.979639
30.222500	291.951008
30.072000	287.922476
29.921500	283.843729
29.774500	279.837697
29.627500	275.830203
29.477000	271.753523
29.326500	267.740063
29.172500	263.734331
29.011500	259.679869
28.843500	255.608381
28.668500	251.559232
28.483000	247.515074
28.283500	243.484102
28.066500	239.479834
27.825000	235.474776
27.545000	231.435416
27.209000	227.430700
26.775000	223.427657
26.106500	219.420155
23.005500	215.420132
14.679000	211.418384
14.017500	207.395543
13.615000	203.361090
13.314000	199.312391
13.069000	195.254295
12.862500	191.185770
12.684000	187.123679
12.526500	183.095079
12.383000	179.052167
12.250000	174.976945
12.127500	170.928544
12.012000	166.834842
11.903500	162.729029
11.802000	158.648843
11.707500	154.636087
11.616500	150.574563
11.529000	146.486470
11.445000	142.394069
11.364500	138.318520
11.287500	134.279321
11.210500	130.101336
11.137000	125.981918
11.067000	121.937125
10.997000	117.771324
10.930500	113.699626
10.864000	109.515038
10.801000	105.445672
10.738000	101.273961
0.000000	0.000000
& cycle # 1, chisq = 678992.848108, e = 41.630488
35.000000	407.795649
34.968500	403.482053
34.937000	399.404190
34.902000	395.141337
34.867000	391.139280
34.828500	387.024797
34.786500	382.865219
34.741000	378.716932
34.692000	374.631663
34.636000	370.415004
34.573000	366.202014
34.503000	362.106090
34.422500	358.064264
34.324500	353.989052
34.202000	349.977267
34.030500	345.925699
33.740000	341.915626
32.014500	337.914175
30.768500	333.911932
30.310000	329.898830
29.988000	325.863688
29.729000	321.856947
29.505000	317.826388
29.305500	313.820740
29.120000	309.784539
28.945000	305.723899
28.780500	301.698806
28.623000	297.682714
28.469000	293.639119
28.318500	289.609768
28.168000	285.527403
28.021000	281.505294
27.874000	277.468570
27.727000	273.445723
27.576500	269.376236
27.422500	265.294995
27.265000	261.228524
27.104000	257.197675
26.936000	253.146198
26.761000	249.126037
26.575500	245.125971
26.372500	241.081372
26.148500	237.021362
25.900000	233.012616
25.606000	228.975674
25.238500	224.974687
24.710000	220.957308
22.981000	216.956787
17.132500	212.944782
16.558500	208.933892
16.026500	204.910739
15.550500	200.894737
15.064000	196.867356
14.574000	192.856878
14.024500	188.849241
13.377000	184.847968
12.456500	180.847685
10.437000	176.843915
8.358000	172.839860
7.584500	168.837142
7.098000	164.813731
6.730500	160.793673
6.426000	156.786745
6.156500	152.741382
5.915000	148.721195
5.691000	144.710744
5.477500	140.694613
5.271000	136.665219
5.068000	132.613730
4.865000	128.551355
4.662000	124.547777
4.452000	120.518954
4.231500	116.490252
3.993500	112.480621
3.724000	108.436808
3.405500	104.431271
2.978500	100.428049
0.000000	0.000000
& cycle # 2, chisq = 644022.352318, e = 41.630488
35.000000	315.641001
29.704500	311.637148
28.840000	307.625021
28.469000	303.609514
28.196000	299.574025
27.968500	295.523433
27.769000	291.497946
27.587000	287.463668
27.419000	283.459122
27.258000	279.409079
27.104000	275.387246
26.953500	271.357891
26.806500	267.357617
26.659500	263.318134
26.512500	259.267858
26.365500	255.243761
26.215000	251.194654
26.061000	247.167099
25.900000	243.113943
25.732000	239.079184
25.553500	235.035378
25.361000	230.996881
25.147500	226.965502
24.902500	222.955892
24.605000	218.944612
24.202500	214.942707
23.345000	210.938577
16.593500	206.937161
13.338500	202.935311
12.666500	198.932379
12.379500	194.931454
12.176500	190.919362
12.015500	186.898384
11.879000	182.819409
11.760000	178.707660
11.655000	174.618108
11.560500	170.548914
11.473000	166.440771
11.392500	162.363455
11.315500	158.188815
11.245500	154.154227
11.179000	150.104219
11.116000	146.066807
11.053000	141.828940
10.993500	137.637708
10.937500	133.521566
10.885000	129.508696
10.832500	125.344368
10.783500	121.319260
10.734500	117.159231
10.685500	112.863389
10.640000	108.752310
10.594500	104.523482
10.552500	100.515462
0.000000	0.000000
& cycle # 3, chisq = 655042.826947, e = 41.630488
35.000000	398.589724
34.790000	394.575138
32.798500	390.571520
32.035500	386.571061
31.689000	382.525316
31.440500	378.513662
31.234000	374.448973
31.055500	370.384063
30.898000	366.383224
30.751000	362.325435
30.614500	358.297075
30.485000	354.254036
30.362500	350.242180
30.243500	346.187785
30.128000	342.126192
30.016000	338.089113
29.904000	333.971008
29.795500	329.915401
29.687000	325.804378
29.582000	321.784527
29.477000	317.738599
29.372000	313.683644
29.267000	309.636394
29.162000	305.610562
29.053500	301.483360
28.945000	297.397183
28.836500	293.359718
28.724500	289.253860
28.612500	285.225013
28.497000	281.167166
28.378000	277.104069
28.255500	273.056288
28.129500	269.040127
27.996500	264.965394
27.860000	260.964921
27.713000	256.875176
27.559000	252.849876
27.391000	248.770455
27.209000	244.709879
27.009500	240.666349
26.785500	236.621908
26.526500	232.596286
26.211500	228.567850
25.805500	224.562521
25.175500	220.546394
22.155000	216.546094
17.157000	212.536227
16.324000	208.531108
15.557500	204.530259
14.812000	200.520124
14.087500	196.509184
13.373500	192.492983
12.663000	188.490689
11.970000	184.474567
11.312000	180.461318
10.692500	176.443029
10.129000	172.433088
9.614500	168.420961
9.149000	164.401623
8.725500	160.390623
8.340500	156.373190
7.983500	152.341214
7.654500	148.300591
7.350000	144.281055
7.063000	140.249731
6.793500	136.210275
6.538000	132.158929
6.296500	128.146135
6.065500	124.119400
5.845000	120.095357
5.631500	116.051464
5.425000	112.006158
5.225500	107.956988
5.033000	103.920402
0.000000	0.000000
& cycle # 4, chisq = 651300.651640, e = 41.630488
35.000000	375.635841
34.933500	371.557472
34.755000	367.555694
34.223000	363.554852
34.076000	359.538094
33.957000	355.473653
33.848500	351.377665
33.743500	347.263190
33.638500	343.162429
33.530000	339.089605
33.414500	335.088276
33.281500	331.046345
33.117000	326.991697
32.875500	322.972325
31.517500	318.967170
30.961000	314.940717
30.530500	310.936498
29.977500	306.936321
28.154000	302.930445
27.762000	298.886991
27.503000	294.860692
27.293000	290.799557
27.111000	286.762833
26.946500	282.762023
26.792500	278.759599
26.645500	274.746285
26.502000	270.689702
26.362000	266.649780
26.222000	262.583088
26.082000	258.541302
25.938500	254.469123
25.791500	250.409431
25.641000	246.406382
25.480000	242.340906
25.308500	238.314767
25.119500	234.304749
24.902500	230.298043
24.636500	226.258610
24.272500	222.240138
23.271500	218.239661
20.653500	214.232401
17.468500	210.232391
15.914500	206.226197
13.552000	202.221865
13.174000	198.195254
12.936000	194.143069
12.754000	190.064959
12.603500	185.990580
12.474000	181.959491
12.358500	177.950178
12.250000	173.826067
12.152000	169.800862
12.057500	165.647513
11.970000	161.563109
11.886000	157.427510
11.805500	153.270696
11.728500	149.123226
11.655000	145.015351
11.585000	140.976033
11.515000	136.821794
11.448500	132.777697
11.382000	128.647420
11.315500	124.439780
11.252500	120.390118
11.189500	116.286050
11.126500	112.134651
11.063500	107.942958
11.000500	103.718142
0.000000	0.000000
& cycle # 5, chisq = 663737.053726, e = 41.630488
35.000000	356.751358
34.930000	352.622203
34.846000	348.555224
34.737500	344.482975
34.583500	340.443842
34.296500	336.441917
31.580500	332.431161
30.870000	328.410356
30.464000	324.389826
30.152500	320.348725
29.890000	316.327281
29.655500	312.281866
29.442000	308.243046
29.242500	304.208834
29.053500	300.194283
28.871500	296.167779
28.696500	292.164196
28.525000	288.147330
28.353500	284.075136
28.185500	280.055819
28.017500	276.017067
27.849500	271.972147
27.681500	267.947387
27.510000	263.892146
27.335000	259.832118
27.156500	255.778888
26.974500	251.743370
26.785500	247.678322
26.589500	243.631620
26.383000	239.574683
26.166000	235.534705
25.935000	231.482846
25.686500	227.441340
25.413500	223.408693
25.109000	219.376812
24.762500	215.356670
24.346000	211.351185
23.810500	207.329431
22.991500	203.321557
15.382500	199.320367
13.513500	195.318776
12.908000	191.317949
12.509000	187.305850
12.197500	183.265137
11.938500	179.211474
11.718000	175.172321
11.525500	171.166300
11.350500	167.131320
11.189500	163.083796
11.039000	158.994771
10.899000	154.906891
10.769500	150.867329
10.647000	146.811280
10.531500	142.778240
10.419500	138.677557
10.314500	134.666800
10.213000	130.637997
10.115000	126.605409
10.020500	122.581222
9.929500	118.577036
9.838500	114.443742
9.751000	110.346819
9.667000	106.301711
9.583000	102.149494
0.000000	0.000000
& cycle # 1, chisq = 636242.760941, e = 40.483303
35.000000	407.795649
34.975500	403.725529
34.947500	399.310351
34.919500	395.143185
34.888000	390.733068
34.856500	386.600129
34.821500	382.320671
34.783000	377.974331
34.741000	373.632056
34.695500	369.360908
34.646500	365.229609
34.590500	361.056477
34.527500	356.987682
34.454000	352.974411
34.363000	348.955470
34.240500	344.915399
34.048000	340.909369
31.136000	336.909144
30.096500	332.906513
29.722000	328.872358
29.452500	324.850923
29.228500	320.790969
29.032500	316.732742
28.857500	312.723402
28.693000	308.641932
28.539000	304.579922
28.392000	300.521706
28.252000	296.520263
28.115500	292.509406
27.979000	288.407491
27.846000	284.344623
27.713000	280.244577
27.580000	276.138126
27.447000	272.052364
27.314000	268.006905
27.177500	263.911445
27.041000	259.887884
26.901000	255.856527
26.757500	251.851924
26.607000	247.819943
26.449500	243.806698
26.281500	239.768654
26.103000	235.757095
25.907000	231.697519
25.690000	227.655399
25.441500	223.627244
25.144000	219.592403
24.766000	215.590502
24.178000	211.573242
19.078500	207.570514
17.412500	203.550780
16.905000	199.525282
16.446500	195.502678
16.002000	191.496046
15.568000	187.473422
15.092000	183.452400
14.560000	179.429157
13.846000	175.422070
9.401000	171.421904
7.521500	167.399817
7.059500	163.391764
6.744500	159.387492
6.492500	155.353414
6.279000	151.344267
6.090000	147.327641
5.918500	143.308823
5.757500	139.240434
5.607000	135.209447
5.463500	131.183065
5.323500	127.100845
5.187000	122.997914
5.054000	118.916939
4.924500	114.901586
4.795000	110.878850
4.665500	106.875854
4.532500	102.811083
0.000000	0.000000
& cycle # 2, chisq = 616972.196512, e = 40.483303
35.000000	315.641001
34.930000	311.462763
34.839000	307.393402
34.699000	303.346683
34.272000	299.341884
28.913500	295.319276
28.448000	291.309610
28.126000	287.292889
27.863500	283.261901
27.636000	279.244385
27.429500	275.192128
27.240500	271.184736
27.058500	267.111482
26.883500	263.042009
26.715500	259.023498
26.551000	255.009472
26.386500	250.955370
26.222000	246.910401
26.054000	242.837652
25.882500	238.777178
25.707500	234.759989
25.525500	230.746530
25.333000	226.731818
25.123000	222.683884
24.892000	218.674218
24.626000	214.635657
24.307500	210.625780
23.870000	206.614147
22.942500	202.610147
14.766500	198.608710
13.156500	194.601838
12.712000	190.576276
12.421500	186.542149
12.197500	182.517536
12.012000	178.482250
11.851000	174.387137
11.711000	170.332519
11.585000	166.267912
11.469500	162.185626
11.364500	158.172601
11.266500	154.162271
11.172000	150.046579
11.084500	146.011341
11.000500	141.927898
10.920000	137.816243
10.843000	133.697481
10.769500	129.593858
10.699500	125.528411
10.633000	121.524379
10.566500	117.383233
10.503500	113.335135
10.440500	109.167347
10.381000	105.122917
10.321500	100.974937
0.000000	0.000000
& cycle # 3, chisq = 638074.178828, e = 40.483303
35.000000	398.589724
34.786500	394.588568
34.450500	390.562849
33.498500	386.558182
31.629500	382.545314
31.073000	378.544957
30.723000	374.521730
30.453500	370.474266
30.233000	366.473569
30.040500	362.467216
29.865500	358.417389
29.704500	354.345119
29.557500	350.337538
29.417500	346.277456
29.284500	342.220511
29.158500	338.214119
29.036000	334.177355
28.917000	330.129132
28.801500	326.088811
28.689500	322.078713
28.577500	317.994274
28.469000	313.983603
28.360500	309.934979
28.252000	305.859969
28.143500	301.767203
28.035000	297.664570
27.926500	293.561851
27.818000	289.472164
27.709500	285.411391
27.601000	281.395896
27.489000	277.313336
27.377000	273.305376
27.261500	269.258025
27.142500	265.185652
27.020000	261.105585
26.894000	257.040934
26.764500	253.020580
26.628000	248.974188
26.484500	244.945664
26.330500	240.883764
26.166000	236.841045
25.987500	232.800831
25.791500	228.793353
25.567500	224.777607
25.301500	220.757565
24.969000	216.751516
24.486000	212.734385
23.012500	208.733300
17.234000	204.711562
16.730000	200.709489
16.261000	196.700094
15.841000	192.671023
15.431500	188.641358
15.008000	184.638187
14.560000	180.615020
14.024500	176.594454
13.289500	172.592500
7.609000	168.586625
6.849500	164.564332
6.499500	160.562281
6.247500	156.513985
6.048000	152.484201
5.880000	148.467641
5.729500	144.366997
5.596500	140.338773
5.474000	136.282991
5.362000	132.276378
5.257000	128.257447
5.155500	124.132657
5.061000	120.086331
4.970000	116.009578
4.882500	111.929625
4.798500	107.870480
4.718000	103.853304
0.000000	0.000000
& cycle # 4, chisq = 613488.304490, e = 40.483303
35.000000	375.635841
34.856500	371.616479
34.209000	367.588585
34.006000	363.561530
33.827500	359.512455
33.638500	355.450149
33.400500	351.409668
32.308500	347.407372
31.734500	343.397453
31.458000	339.371325
31.230500	335.318958
31.020500	331.253570
30.814000	327.226885
30.593500	323.191427
30.338000	319.148883
29.988000	315.123472
28.395500	311.122313
27.926500	307.089194
27.660500	303.048114
27.454000	298.980236
27.279000	294.926913
27.121500	290.859258
26.978000	286.858063
26.841500	282.831582
26.708500	278.736728
26.582500	274.735186
26.456500	270.653492
26.334000	266.650141
26.208000	262.541203
26.082000	258.483167
25.952500	254.402497
25.819500	250.338391
25.683000	246.330935
25.536000	242.236514
25.378500	238.150759
25.207000	234.109805
25.011000	230.058943
24.776500	226.017979
24.468500	221.986857
23.908500	217.976243
21.444500	213.969446
20.499500	209.963327
17.629500	205.956174
15.099000	201.956144
14.231000	197.955964
13.989500	193.907940
13.828500	189.868255
13.702500	185.782461
13.597500	181.671853
13.506500	177.538069
13.426000	173.402635
13.352500	169.205993
13.286000	165.040318
13.226500	160.998709
13.170500	156.909126
13.118000	152.811411
13.069000	148.746548
13.020000	144.440356
12.974500	140.217822
12.932500	136.122478
12.890500	131.831919
12.852000	127.723017
12.813500	123.441957
12.778500	119.397637
12.743500	115.205437
12.708500	110.862871
12.677000	106.824032
12.645500	102.659802
0.000000	0.000000
& cycle # 5, chisq = 677488.567188, e = 40.483303
35.000000	356.751358
34.937000	352.716319
34.863500	348.668433
34.776000	344.661362
34.664000	340.623677
34.506500	336.608449
34.205500	332.595245
30.359000	328.584538
29.774500	324.566302
29.424500	320.556695
29.151500	316.543405
28.917000	312.498162
28.710500	308.488520
28.521500	304.488070
28.343000	300.467073
28.171500	296.414595
28.007000	292.373377
27.846000	288.295973
27.688500	284.225793
27.534500	280.207230
27.380500	276.181789
27.226500	272.169675
27.069000	268.096754
26.911500	264.077855
26.750500	260.059578
26.582500	256.001481
26.407500	251.948802
26.225500	247.935649
26.033000	243.925774
25.826500	239.922029
25.599000	235.912560
25.340000	231.877299
25.039000	227.855572
24.664500	223.830315
24.129000	219.826738
22.697500	215.826031
15.760500	211.816895
14.689500	207.816390
13.881000	203.800362
13.223000	199.781611
12.663000	195.760867
12.187000	191.729571
11.777500	187.712448
11.427500	183.698025
11.119500	179.672561
10.846500	175.627361
10.605000	171.573149
10.391500	167.572847
10.195500	163.533787
10.017000	159.514783
9.852500	155.480623
9.702000	151.478739
9.562000	147.470271
9.429000	143.397526
9.303000	139.293843
9.184000	135.189245
9.072000	131.110478
8.967000	127.083805
8.865500	122.993219
8.767500	118.850116
8.676500	114.827497
8.589000	110.797692
8.505000	106.778607
8.421000	102.611293
0.000000	0.000000
& cycle # 1, chisq = 651922.478342, e = 42.181620
35.000000	407.795649
34.961500	403.613648
34.923000	399.586795
34.881000	395.367473
34.839000	391.321741
34.793500	387.138734
34.744500	382.858014
34.695500	378.797415
34.643000	374.687814
34.587000	370.575366
34.527500	366.496820
34.464500	362.485219
34.394500	358.383999
34.317500	354.288564
34.233500	350.280162
34.135500	346.153608
34.023500	342.104786
33.887000	338.024724
33.715500	334.009009
33.470500	329.993377
33.001500	325.990113
30.355500	321.988730
29.561000	317.965162
29.130500	313.938669
28.808500	309.919944
28.542500	305.911002
28.308000	301.899954
28.094500	297.888915
27.895000	293.846260
27.706000	289.788112
27.524000	285.720116
27.349000	281.700281
27.177500	277.681317
27.006000	273.605229
26.838000	269.590325
26.666500	265.514712
26.495000	261.503585
26.320000	257.503487
26.138000	253.460350
25.949000	249.414838
25.749500	245.361166
25.536000	241.320630
25.305000	237.318236
25.046000	233.284681
24.748500	229.273658
24.377500	225.247329
23.863000	221.238435
22.652000	217.235038
16.597000	213.222672
15.848000	209.216299
15.263500	205.198492
14.745500	201.182342
14.252000	197.174982
13.751500	193.163902
13.219500	189.147156
12.607000	185.144052
11.812500	181.142585
10.465000	177.136247
8.123500	173.134833
7.056000	169.126094
6.478500	165.098278
6.065500	161.066534
5.736500	157.035131
5.456500	153.032547
5.208000	149.026953
4.980500	145.003512
4.767000	140.967770
4.564000	136.923974
4.368000	132.852260
4.179000	128.821335
3.993500	124.816182
3.808000	120.790299
3.622500	116.776561
3.433500	112.756537
3.237500	108.704877
3.034500	104.651527
2.821000	100.587117
0.000000	0.000000
& cycle # 2, chisq = 646974.448042, e = 42.181620
35.000000	315.641001
34.877500	311.632523
33.820500	307.620624
31.356500	303.617393
28.759500	299.611527
28.280000	295.606044
27.972000	291.571191
27.727000	287.561151
27.513500	283.517492
27.321000	279.478381
27.142500	275.466453
26.971000	271.435551
26.803000	267.369954
26.638500	263.317770
26.474000	259.241419
26.309500	255.199469
26.141500	251.171750
25.966500	247.141622
25.781000	243.097501
25.581500	239.049598
25.361000	234.999949
25.105500	230.952502
24.787000	226.920692
24.321500	222.899200
21.553000	218.894784
18.070500	214.893132
14.294000	210.892699
13.548500	206.889105
13.275500	202.876525
13.086500	198.832836
12.939500	194.791604
12.817000	190.728179
12.712000	186.688000
12.617500	182.578969
12.533500	178.529025
12.456500	174.472468
12.383000	170.280284
12.316500	166.207314
12.253500	162.093899
12.194000	157.973009
12.138000	153.877744
12.085500	149.841234
12.033000	145.608007
11.984000	141.474500
11.938500	137.474472
11.893000	133.315184
11.847500	128.993480
11.805500	124.857562
11.763500	120.578759
11.725000	116.529457
11.686500	112.357352
11.648000	108.061376
11.613000	104.047671
0.000000	0.000000
& cycle # 3, chisq = 665344.120144, e = 42.181620
35.000000	398.589724
34.538000	394.583893
33.050500	390.582632
32.683000	386.539778
32.445000	382.521928
32.259500	378.521003
32.102000	374.518394
31.962000	370.508696
31.832500	366.429311
31.713500	362.378881
31.601500	358.324311
31.493000	354.198440
31.391500	350.184238
31.293500	346.182850
31.195500	342.071815
31.101000	338.018199
31.006500	333.894543
30.915500	329.876827
30.824500	325.832747
30.733500	321.779850
30.642500	317.732623
30.551500	313.702946
30.460500	309.701837
30.366000	305.589985
30.271500	301.537491
30.173500	297.415676
30.075500	293.393794
29.974000	289.349054
29.869000	285.305762
29.760500	281.286477
29.645000	277.193122
29.526000	273.186165
29.396500	269.083887
29.260000	265.067274
29.109500	261.012465
28.941500	256.939915
28.752500	252.905751
28.532000	248.904791
28.252000	244.861422
27.860000	240.852152
27.044500	236.851539
22.232000	232.843642
21.392000	228.838756
20.807500	224.828125
20.314000	220.819458
19.848500	216.801676
19.393500	212.776580
18.893000	208.753165
18.340000	204.744599
17.545500	200.737862
16.842000	196.731413
14.780500	192.730216
10.664500	188.714810
10.006500	184.693793
9.565500	180.665902
9.219000	176.651873
8.921500	172.617552
8.659000	168.581955
8.421000	164.559557
8.197000	160.503559
7.987000	156.481316
7.787500	152.468636
7.595000	148.443645
7.406000	144.385207
7.220500	140.329110
7.038500	136.290164
6.860000	132.280655
6.681500	128.247503
6.503000	124.223247
6.321000	120.149861
6.139000	116.108951
5.957000	112.104345
5.771500	108.080523
5.582500	104.062556
5.390000	100.053485
0.000000	0.000000
& cycle # 4, chisq = 689300.448376, e = 42.181620
35.000000	375.635841
34.412000	371.605107
34.181000	367.527197
34.016500	363.492763
33.862500	359.422216
33.701500	355.356867
33.516000	351.350871
33.243000	347.333236
31.948000	343.323976
31.563000	339.321057
31.293500	335.266771
31.059000	331.261533
30.828000	327.226941
30.579500	323.177259
30.285500	319.168326
29.813000	315.151654
28.136500	311.134014
27.769000	307.116090
27.513500	303.066485
27.303500	299.004000
27.118000	294.952318
26.946500	290.905607
26.782000	286.821183
26.624500	282.783013
26.470500	278.775836
26.313000	274.691423
26.152000	270.611289
25.984000	266.532529
25.805500	262.463689
25.613000	258.441655
25.396000	254.441333
25.130000	250.420679
24.748500	246.394626
22.799000	242.389667
22.050000	238.381350
21.612500	234.351453
21.234500	230.349479
20.867000	226.348345
20.464500	222.319856
19.922000	218.318372
17.629500	214.313483
16.548000	210.293964
15.872500	206.277455
13.979000	202.271606
13.433000	198.251530
13.205500	194.248784
13.044500	190.194459
12.918500	186.165351
12.813500	182.156712
12.719000	177.996960
12.635000	173.831680
12.561500	169.807995
12.491500	165.633796
12.428500	161.581916
12.369000	157.490518
12.313000	153.398286
12.260500	149.343419
12.208000	145.071741
12.159000	140.884425
12.113500	136.818943
12.068000	132.579144
12.026000	128.507791
11.984000	124.282405
11.945500	120.271762
11.907000	116.127969
11.868500	111.849508
11.833500	107.842027
11.798500	103.721328
0.000000	0.000000
& cycle # 5, chisq = 709578.669413, e = 42.181620
35.000000	356.751358
34.937000	352.655098
34.860000	348.503794
34.765500	344.479355
34.636000	340.465638
34.419000	336.451442
32.014500	332.450555
31.020500	328.432850
30.576000	324.416520
30.247000	320.401702
29.970500	316.357909
29.725500	312.311791
29.501500	308.249162
29.295000	304.241262
29.095500	300.180752
28.903000	296.111479
28.717500	292.066798
28.535500	288.014824
28.357000	284.001058
28.178500	279.974018
28.000000	275.944104
27.821500	271.925648
27.639500	267.870921
27.454000	263.817219
27.265000	259.786890
27.069000	255.715637
26.869500	251.695411
26.659500	247.631130
26.439000	243.579191
26.208000	239.569228
25.963000	235.566911
25.697000	231.539862
25.403000	227.506571
25.074000	223.468069
24.699500	219.454078
24.244500	215.430994
23.660000	211.416229
22.743000	207.408035
14.710500	203.407358
13.436500	199.404024
12.915000	195.388286
12.561500	191.355452
12.285000	187.328906
12.054000	183.317864
11.854500	179.306593
11.676000	175.239193
11.515000	171.166714
11.368000	167.112215
11.231500	163.057764
11.102000	158.945419
10.983000	154.927031
10.871000	150.925136
10.762500	146.837995
10.661000	142.824714
10.563000	138.776815
10.468500	134.715607
10.377500	130.661750
10.290000	126.633992
10.202500	122.480170
10.118500	118.373670
10.038000	114.327882
9.957500	110.172555
9.880500	106.094284
9.803500	101.914415
0.000000	0.000000
& cycle # 1, chisq = 645454.693727, e = 41.123099
35.000000	407.795649
34.958000	403.452503
34.916000	399.285612
34.870500	394.964952
34.825000	390.842235
34.776000	386.627515
34.723500	382.358608
34.671000	378.336365
34.615000	374.317415
34.552000	370.121008
34.485500	366.041777
34.412000	361.931737
34.331500	357.892834
34.240500	353.867223
34.135500	349.863815
34.006000	345.783610
33.841500	341.774030
33.600000	337.757665
33.036500	333.754399
29.970500	329.736148
29.477000	325.732927
29.151500	321.701969
28.892500	317.642715
28.675500	313.636400
28.479500	309.567909
28.301000	305.528662
28.133000	301.459573
27.975500	297.425004
27.825000	293.393581
27.678000	289.322517
27.534500	285.256570
27.394500	281.231082
27.254500	277.168153
27.114500	273.084970
26.974500	269.002576
26.834500	264.949368
26.691000	260.859064
26.544000	256.768645
26.393500	252.708897
26.239500	248.703836
26.078500	244.693074
25.907000	240.645061
25.725000	236.640250
25.525500	232.629521
25.301500	228.606023
25.042500	224.565384
24.727500	220.531526
24.297000	216.522150
23.464000	212.516632
17.290000	208.516450
16.744000	204.490164
16.264500	200.479094
15.844500	196.446308
15.442000	192.421221
15.025500	188.388270
14.591500	184.373790
14.073500	180.357138
13.349000	176.344310
7.658000	172.338699
6.877500	168.331333
6.531000	164.284439
6.286000	160.273864
6.086500	156.195697
5.918500	152.150475
5.771500	148.145863
5.635000	144.042355
5.509000	139.927430
5.393500	135.880062
5.285000	131.841251
5.180000	127.722796
5.082000	123.705096
4.987500	119.686115
4.893000	115.539223
4.802000	111.437217
4.714500	107.402233
4.627000	103.287450
0.000000	0.000000
& cycle # 2, chisq = 625689.862721, e = 41.123099
35.000000	315.641001
34.559000	311.629451
29.767500	307.622998
29.060500	303.617955
28.651000	299.614201
28.332500	295.574310
28.063000	291.555288
27.821500	287.494418
27.601000	283.452175
27.394500	279.432701
27.195000	275.365552
27.006000	271.364971
26.820500	267.333231
26.638500	263.324270
26.456500	259.304328
26.274500	255.297039
26.089000	251.243076
25.900000	247.175785
25.707500	243.147535
25.508000	239.139971
25.298000	235.127094
25.074000	231.089011
24.832500	227.052390
24.563000	223.003627
24.255000	218.985333
23.884000	214.955757
23.383500	210.943145
22.417500	206.938603
15.946000	202.938229
13.559000	198.928698
12.897500	194.915015
12.453000	190.895967
12.103000	186.871463
11.812500	182.849964
11.564000	178.827730
11.343500	174.790540
11.144000	170.748536
10.962000	166.707326
10.794000	162.641179
10.640000	158.608205
10.496500	154.579410
10.360000	150.503439
10.230500	146.413823
10.108000	142.337656
9.992500	138.297991
9.880500	134.186518
9.775500	130.148926
9.674000	126.071710
9.576000	121.970071
9.481500	117.860847
9.390500	113.760789
9.303000	109.685325
9.219000	105.648126
9.135000	101.485352
0.000000	0.000000
& cycle # 3, chisq = 644315.291329, e = 41.123099
35.000000	398.589724
34.797000	394.546224
34.461000	390.539111
32.966500	386.537838
31.528000	382.534768
31.055500	378.528192
30.737000	374.495483
30.485000	370.444191
30.275000	366.431751
30.089500	362.403180
29.921500	358.377659
29.767500	354.376692
29.620500	350.281344
29.484000	346.247428
29.354500	342.233506
29.228500	338.173116
29.106000	334.093673
28.987000	330.015634
28.871500	325.956819
28.759500	321.936518
28.647500	317.847725
28.539000	313.838381
28.430500	309.798266
28.322000	305.741433
28.213500	301.678347
28.105000	297.617043
27.996500	293.565673
27.888000	289.534864
27.776000	285.410296
27.664000	281.339746
27.552000	277.339732
27.436500	273.302248
27.317500	269.244922
27.195000	265.183402
27.069000	261.134473
26.939500	257.119919
26.803000	253.066508
26.659500	249.022489
26.505500	244.946469
26.341000	240.898659
26.162500	236.857302
25.966500	232.836010
25.742500	228.784934
25.480000	224.778596
25.147500	220.748696
24.675000	216.744538
23.292500	212.742815
17.136000	208.738812
16.586500	204.722432
16.086000	200.697466
15.648500	196.687398
15.207500	192.661023
14.763000	188.636679
14.283500	184.630554
13.716500	180.629520
12.922000	176.621877
8.470000	172.620846
7.290500	168.617764
6.849500	164.588262
6.552000	160.565346
6.317500	156.521219
6.121500	152.467821
5.953500	148.460000
5.803000	144.438699
5.666500	140.438121
5.537000	136.329196
5.418000	132.278925
5.306000	128.223229
5.201000	124.207990
5.099500	120.137253
5.001500	116.039721
4.907000	111.942387
4.816000	107.868602
4.728500	103.838087
0.000000	0.000000
& cycle # 4, chisq = 625286.422824, e = 41.123099
35.000000	375.635841
34.975500	371.175622
34.947500	366.767730
34.916000	362.597909
34.877500	358.479020
34.825000	354.301313
34.741000	350.231179
34.184500	346.208511
33.960500	342.174990
33.806500	338.126821
33.666500	334.034453
33.530000	330.027381
33.379500	325.952067
33.201000	321.931939
32.935000	317.921041
31.643500	313.920243
31.251500	309.916036
30.975000	305.912621
30.723000	301.871621
30.467500	297.843535
30.177000	293.802201
29.767500	289.791042
28.038500	285.782069
27.594000	281.772094
27.310500	277.724252
27.083000	273.711990
26.880000	269.669111
26.691000	265.598806
26.512500	261.562394
26.337500	257.515402
26.162500	253.480270
25.984000	249.470446
25.795000	245.421124
25.592000	241.372618
25.368000	237.365613
25.098500	233.322249
24.734500	229.295625
23.849000	225.294889
21.665000	221.282687
20.912500	217.282017
19.572000	213.280172
17.223500	209.279893
14.864500	205.270461
14.346500	201.235362
14.126000	197.209284
13.972000	193.129286
13.853000	189.096963
13.751500	184.966536
13.664000	180.845600
13.587000	176.758136
13.517000	172.644748
13.454000	168.601762
13.394500	164.472434
13.338500	160.297636
13.286000	156.118997
13.237000	151.978559
13.191500	147.918403
13.146000	143.643610
13.104000	139.501065
13.062000	135.164136
13.023500	131.013214
12.985000	126.690301
12.950000	122.607795
12.915000	118.377013
12.880000	113.995221
12.848500	109.920350
12.817000	105.719273
12.785500	101.390307
0.000000	0.000000
& cycle # 5, chisq = 696542.412729, e = 41.123099
35.000000	356.751358
34.944000	352.596475
34.877500	348.407421
34.797000	344.256418
34.695500	340.210799
34.548500	336.146956
34.265000	332.141425
31.132500	328.137495
30.513000	324.133366
30.121000	320.132562
29.806000	316.096706
29.536500	312.084780
29.291500	308.031815
29.064000	303.986048
28.850500	299.968720
28.644000	295.903459
28.444500	291.855332
28.248500	287.806779
28.056000	283.780628
27.863500	279.718037
27.671000	275.650196
27.478500	271.618015
27.282500	267.573940
27.083000	263.526192
26.880000	259.489876
26.670000	255.436768
26.453000	251.414119
26.225500	247.381921
25.987500	243.358904
25.735500	239.343556
25.462500	235.318804
25.165000	231.301396
24.836000	227.278458
24.458000	223.252987
24.010000	219.242560
23.439500	215.239365
22.575000	211.236771
14.920500	207.235521
13.517000	203.219108
12.999000	199.198311
12.652500	195.190951
12.383000	191.177567
12.155500	187.129487
11.959500	183.095571
11.784500	179.011603
11.627000	174.918915
11.483500	170.838511
11.350500	166.756856
11.228000	162.739859
11.112500	158.719748
11.000500	154.596604
10.895500	150.521275
10.794000	146.382331
10.699500	142.349788
10.608500	138.303635
10.521000	134.264468
10.437000	130.252654
10.353000	126.112192
10.272500	122.025490
10.195500	118.008537
10.118500	113.885892
10.045000	109.851254
9.971500	105.718506
9.901500	101.690561
0.000000	0.000000
& cycle # 1, chisq = 655669.728533, e = 41.681912
35.000000	407.795649
34.972000	403.422648
34.944000	399.289933
34.912500	394.920717
34.881000	390.827307
34.846000	386.584022
34.807500	382.271522
34.765500	377.963680
34.720000	373.724057
34.671000	369.615373
34.615000	365.455718
34.552000	361.391937
34.478500	357.369829
34.387500	353.314238
34.268500	349.294004
34.086500	345.244465
33.572000	341.240100
30.373000	337.217625
29.956500	333.213201
29.662500	329.204332
29.424500	325.197068
29.214500	321.125915
29.025500	317.067000
28.850500	312.992130
28.686000	308.906541
28.532000	304.892508
28.381500	300.830481
28.234500	296.758886
28.091000	292.704222
27.951000	288.689460
27.811000	284.639748
27.671000	280.585507
27.531000	276.558146
27.387500	272.483891
27.244000	268.480946
27.097000	264.467402
26.946500	260.467282
26.789000	256.427016
26.624500	252.399689
26.449500	248.357288
26.264000	244.353598
26.061000	240.304375
25.837000	236.255449
25.581500	232.208019
25.280500	228.202971
24.899000	224.180181
24.335500	220.167920
22.484000	216.166931
17.475500	212.151357
16.887500	208.134095
16.369500	204.126938
15.876000	200.102650
15.386000	196.097873
14.857500	192.097054
14.255500	188.088920
13.457500	184.085093
11.753000	180.082838
8.533000	176.081096
7.787500	172.076311
7.346500	168.065517
7.014000	164.034871
6.741000	159.982178
6.506500	155.966025
6.293000	151.899033
6.097000	147.824788
5.915000	143.767829
5.743500	139.743953
5.579000	135.742337
5.418000	131.720397
5.260500	127.709965
5.103000	123.661522
4.945500	119.626190
4.784500	115.566724
4.620000	111.527746
4.448500	107.472713
4.266500	103.403466
0.000000	0.000000
& cycle # 2, chisq = 641923.890269, e = 41.681912
35.000000	315.641001
34.951000	311.456505
34.895000	307.329771
34.828500	303.213212
34.748000	299.208284
34.639500	295.165566
34.468000	291.121278
33.012000	287.120614
27.615000	283.113502
26.607000	279.110955
26.036500	275.083499
25.609500	271.070824
25.249000	267.053325
24.930500	263.017175
24.640000	259.010646
24.363500	254.991227
24.097500	250.963014
23.838500	246.944811
23.579500	242.939535
23.313500	238.922207
23.037000	234.887280
22.743000	230.845432
22.417500	226.838360
22.032500	222.814947
21.528500	218.804005
20.254500	214.801833
17.636500	210.795027
14.539000	206.787405
13.944000	202.767238
13.660500	198.709973
13.457500	194.634107
13.296500	190.603735
13.160000	186.564851
13.041000	182.526686
12.932500	178.387126
12.834500	174.247550
12.747000	170.214977
12.663000	166.035463
12.586000	161.933208
12.512500	157.771657
12.442500	153.582019
12.376000	149.394583
12.313000	145.238446
12.253500	141.141499
12.197500	137.130519
12.141500	132.966489
12.089000	128.921229
12.036500	124.736706
11.987500	120.703584
11.938500	116.545669
11.889500	112.261639
11.844000	108.169811
11.798500	103.967870
0.000000	0.000000
& cycle # 3, chisq = 698732.443618, e = 41.681912
35.000000	398.589724
34.786500	394.551748
32.802000	390.550385
32.032000	386.541587
31.685500	382.525366
31.433500	378.486059
31.227000	374.447566
31.048500	370.410803
30.887500	366.347150
30.740500	362.313494
30.604000	358.310021
30.474500	354.292150
30.348500	350.189212
30.229500	346.156913
30.114000	342.118925
30.002000	338.106142
29.890000	334.012849
29.781500	329.981192
29.673000	325.893949
29.564500	321.763458
29.459500	317.740450
29.354500	313.709325
29.249500	309.686328
29.144500	305.684404
29.036000	301.580833
28.927500	297.516915
28.819000	293.500558
28.707000	289.415785
28.595000	285.407660
28.479500	281.370677
28.360500	277.327874
28.238000	273.298844
28.108500	269.190211
27.975500	265.134561
27.835500	261.052227
27.688500	256.986093
27.534500	252.984410
27.366500	248.927505
27.184500	244.885846
26.985000	240.857907
26.761000	236.828507
26.502000	232.817355
26.187000	228.797014
25.781000	224.794700
25.154500	220.793732
22.155000	216.793388
17.073000	212.778916
16.208500	208.770263
15.431500	204.763891
14.686000	200.754935
13.961500	196.744321
13.261500	192.740002
12.572000	188.729014
11.907000	184.722262
11.280500	180.709652
10.692500	176.698615
10.153500	172.671982
9.660000	168.655260
9.212000	164.634520
8.799000	160.600944
8.424500	156.587710
8.078000	152.587203
7.756000	148.575697
7.455000	144.545596
7.171500	140.521867
6.905500	136.515290
6.653500	132.497883
6.412000	128.467475
6.181000	124.441778
5.960500	120.422798
5.747000	116.377008
5.540500	112.337329
5.341000	108.308654
5.148500	104.292901
4.959500	100.239918
0.000000	0.000000
& cycle # 4, chisq = 649989.676194, e = 41.681912
35.000000	375.635841
34.972000	371.433033
34.940500	367.431568
34.898500	363.140933
34.842500	358.942062
34.751500	354.887249
34.153000	350.846158
33.925500	346.833301
33.761000	342.831593
33.607000	338.789337
33.446000	334.712050
33.260500	330.668119
33.001500	326.653065
31.682000	322.635880
31.216500	318.606106
30.905000	314.592433
30.618000	310.575180
30.313500	306.574599
29.918000	302.565261
28.203000	298.564052
27.688500	294.551927
27.398000	290.501139
27.174000	286.483441
26.978000	282.407344
26.803000	278.390090
26.638500	274.340206
26.481000	270.269160
26.330500	266.264891
26.180000	262.216050
26.029500	258.184205
25.875500	254.128335
25.718000	250.098467
25.553500	246.066389
25.378500	242.039010
25.186000	237.999008
24.965500	233.945698
24.699500	229.901517
24.342500	225.900350
23.460500	221.899171
21.017500	217.898861
19.806500	213.897261
16.516500	209.889210
14.045500	205.879501
13.657000	201.861974
13.440000	197.826508
13.279000	193.760103
13.149500	189.709028
13.041000	185.707468
12.943000	181.568165
12.855500	177.418373
12.778500	173.391408
12.705000	169.205286
12.638500	165.120026
12.575500	160.981662
12.516000	156.828240
12.460000	152.697426
12.407500	148.625978
12.355000	144.358779
12.306000	140.196446
12.260500	136.173563
12.215000	131.996221
12.169500	127.661976
12.127500	123.519748
12.085500	119.239826
12.047000	115.194033
12.008500	111.029662
11.970000	106.745491
11.931500	102.340441
0.000000	0.000000
& cycle # 5, chisq = 672971.813216, e = 41.681912
