0.000000	10.655868
0.249021	10.655868
0.249021	11.298456
0.547127	11.298456
0.547127	11.529965
0.738975	11.529965
0.738975	11.725486
1.126467	11.725486
1.126467	11.926338
1.490126	11.926338
1.490126	12.070523
1.780775	12.070523
1.780775	12.251418
2.474552	12.251418
2.474552	12.459965
3.127307	12.459965
3.127307	12.617066
3.665625	12.617066
3.665625	12.817598
4.916994	12.817598
4.916994	13.046863
6.074566	13.046863
6.074566	13.218556
7.040882	13.218556
7.040882	13.430946
9.220124	13.430946
9.220124	13.662026
11.230374	13.662026
11.230374	13.823721
12.933652	13.823721
12.933652	13.998480
16.682207	13.998480
16.682207	14.170849
19.982574	14.170849
19.982574	14.315290
22.639988	14.315290
22.639988	14.584141
27.489995	14.584141
27.489995	15.115049
30.671470	15.115049
30.671470	15.823399
32.731519	15.823399
32.731519	17.187454
35.721796	17.187454
35.721796	19.048676
37.586001	19.048676
37.586001	20.130244
38.991009	20.130244
38.991009	21.069284
41.491696	21.069284
41.491696	22.075156
43.393894	22.075156
43.393894	22.868296
44.921897	22.868296
44.921897	23.709350
47.662686	23.709350
47.662686	24.365817
49.806859	24.365817
49.806859	24.683418
51.557846	24.683418
51.557846	24.981020
54.408460	24.981020
54.408460	25.360985
56.453502	25.360985
56.453502	25.769676
57.978723	25.769676
57.978723	26.401823
60.100739	26.401823
60.100739	27.242544
61.585697	27.242544
61.585697	27.895481
62.744260	27.895481
62.744260	28.435006
64.519983	28.435006
64.519983	28.777217
66.019386	28.777217
66.019386	28.931617
67.364577	28.931617
67.364577	29.047242
69.457913	29.047242
69.457913	29.146560
71.298513	29.146560
71.298513	29.220945
72.936521	29.220945
& cycle # 1, chisq = 651848.888613, e = 41.282959
0.000000	5.389264
0.249021	5.389264
0.249021	6.449437
0.547127	6.449437
0.547127	6.948360
0.738975	6.948360
0.738975	7.401862
1.126467	7.401862
1.126467	7.895890
1.490126	7.895890
1.490126	8.269488
1.780775	8.269488
1.780775	8.761457
2.474552	8.761457
2.474552	9.353490
3.127307	9.353490
3.127307	9.815837
3.665625	9.815837
3.665625	10.422565
4.916994	10.422565
4.916994	11.128115
6.074566	11.128115
6.074566	11.659358
7.040882	11.659358
7.040882	12.309718
9.220124	12.309718
9.220124	12.996824
11.230374	12.996824
11.230374	13.451291
12.933652	13.451291
12.933652	13.886099
16.682207	13.886099
16.682207	14.221445
19.982574	14.221445
19.982574	14.425383
22.639988	14.425383
22.639988	14.745931
27.489995	14.745931
27.489995	15.346203
30.671470	15.346203
30.671470	16.128706
32.731519	16.128706
32.731519	17.602964
35.721796	17.602964
35.721796	19.549866
37.586001	19.549866
37.586001	20.609858
38.991009	20.609858
38.991009	21.444808
41.491696	21.444808
41.491696	22.294982
43.393894	22.294982
43.393894	22.958294
44.921897	22.958294
44.921897	23.660174
47.662686	23.660174
47.662686	24.206836
49.806859	24.206836
49.806859	24.470275
51.557846	24.470275
51.557846	24.715902
54.408460	24.715902
54.408460	25.028622
56.453502	25.028622
56.453502	25.364649
57.978723	25.364649
57.978723	25.884115
60.100739	25.884115
60.100739	26.574585
61.585697	26.574585
61.585697	27.110389
62.744260	27.110389
62.744260	27.552474
64.519983	27.552474
64.519983	27.832101
66.019386	27.832101
66.019386	27.957651
67.364577	27.957651
67.364577	28.051180
69.457913	28.051180
69.457913	28.131193
71.298513	28.131193
71.298513	28.190950
72.936521	28.190950
& cycle # 2, chisq = 631566.447385, e = 41.282959
0.000000	11.783772
0.249021	11.783772
0.249021	12.301573
0.547127	12.301573
0.547127	12.468868
0.738975	12.468868
0.738975	12.609839
1.126467	12.609839
1.126467	12.754464
1.490126	12.754464
1.490126	12.858187
1.780775	12.858187
1.780775	12.988232
2.474552	12.988232
2.474552	13.138117
3.127307	13.138117
3.127307	13.251050
3.665625	13.251050
3.665625	13.395340
4.916994	13.395340
4.916994	13.560626
6.074566	13.560626
6.074566	13.684801
7.040882	13.684801
7.040882	13.839258
9.220124	13.839258
9.220124	14.008835
11.230374	14.008835
11.230374	14.129262
12.933652	14.129262
12.933652	14.263192
16.682207	14.263192
16.682207	14.401767
19.982574	14.401767
19.982574	14.523568
22.639988	14.523568
22.639988	14.755729
27.489995	14.755729
27.489995	15.219913
30.671470	15.219913
30.671470	15.846285
32.731519	15.846285
32.731519	17.073898
35.721796	17.073898
35.721796	18.800417
37.586001	18.800417
37.586001	19.865729
38.991009	19.865729
38.991009	20.871677
41.491696	20.871677
41.491696	21.999021
43.393894	21.999021
43.393894	22.903123
44.921897	22.903123
44.921897	23.877485
47.662686	23.877485
47.662686	24.661652
49.806859	24.661652
49.806859	25.065935
51.557846	25.065935
51.557846	25.475586
54.408460	25.475586
54.408460	26.019657
56.453502	26.019657
56.453502	26.610533
57.978723	26.610533
57.978723	27.525634
60.100739	27.525634
60.100739	28.742212
61.585697	28.742212
61.585697	29.686054
62.744260	29.686054
62.744260	30.464662
64.519983	30.464662
64.519983	30.957473
66.019386	30.957473
66.019386	31.179512
67.364577	31.179512
67.364577	31.346224
69.457913	31.346224
69.457913	31.490375
71.298513	31.490375
71.298513	31.599255
72.936521	31.599255
& cycle # 3, chisq = 701032.511258, e = 41.282959
0.000000	5.468687
0.249021	5.468687
0.249021	6.399228
0.547127	6.399228
0.547127	6.865111
0.738975	6.865111
0.738975	7.304792
1.126467	7.304792
1.126467	7.794432
1.490126	7.794432
1.490126	8.170596
1.780775	8.170596
1.780775	8.671849
2.474552	8.671849
2.474552	9.280243
3.127307	9.280243
3.127307	9.758104
3.665625	9.758104
3.665625	10.387037
4.916994	10.387037
4.916994	11.118657
6.074566	11.118657
6.074566	11.668506
7.040882	11.668506
7.040882	12.338921
9.220124	12.338921
9.220124	13.043455
11.230374	13.043455
11.230374	13.506634
12.933652	13.506634
12.933652	13.946139
16.682207	13.946139
16.682207	14.279924
19.982574	14.279924
19.982574	14.478265
22.639988	14.478265
22.639988	14.786441
27.489995	14.786441
27.489995	15.362954
30.671470	15.362954
30.671470	16.115673
32.731519	16.115673
32.731519	17.538683
35.721796	17.538683
35.721796	19.429977
37.586001	19.429977
37.586001	20.474472
38.991009	20.474472
38.991009	21.317141
41.491696	21.317141
41.491696	22.187424
43.393894	22.187424
43.393894	22.868970
44.921897	22.868970
44.921897	23.591015
47.662686	23.591015
47.662686	24.153853
49.806859	24.153853
49.806859	24.425112
51.557846	24.425112
51.557846	24.677455
54.408460	24.677455
54.408460	24.997622
56.453502	24.997622
56.453502	25.340662
57.978723	25.340662
57.978723	25.869546
60.100739	25.869546
60.100739	26.570322
61.585697	26.570322
61.585697	27.111667
62.744260	27.111667
62.744260	27.554768
64.519983	27.554768
64.519983	27.830784
66.019386	27.830784
66.019386	27.951308
67.364577	27.951308
67.364577	28.038235
69.457913	28.038235
69.457913	28.110612
71.298513	28.110612
71.298513	28.163582
72.936521	28.163582
& cycle # 4, chisq = 628830.630495, e = 41.282959
0.000000	11.385348
0.249021	11.385348
0.249021	11.942429
0.547127	11.942429
0.547127	12.126246
0.738975	12.126246
0.738975	12.283183
1.126467	12.283183
1.126467	12.446274
1.490126	12.446274
1.490126	12.564790
1.780775	12.564790
1.780775	12.715517
2.474552	12.715517
2.474552	12.891836
3.127307	12.891836
3.127307	13.026677
3.665625	13.026677
3.665625	13.201579
4.916994	13.201579
4.916994	13.404809
6.074566	13.404809
6.074566	13.559411
7.040882	13.559411
7.040882	13.753544
9.220124	13.753544
9.220124	13.967611
11.230374	13.967611
11.230374	14.119188
12.933652	14.119188
12.933652	14.285048
16.682207	14.285048
16.682207	14.451176
19.982574	14.451176
19.982574	14.592107
22.639988	14.592107
22.639988	14.854939
27.489995	14.854939
27.489995	15.372554
30.671470	15.372554
30.671470	16.060167
32.731519	16.060167
32.731519	17.374041
35.721796	17.374041
35.721796	19.141772
37.586001	19.141772
37.586001	20.138857
38.991009	20.138857
38.991009	20.965622
41.491696	20.965622
41.491696	21.828414
43.393894	21.828414
43.393894	22.503096
44.921897	22.503096
44.921897	23.214466
47.662686	23.214466
47.662686	23.764306
49.806859	23.764306
49.806859	24.024978
51.557846	24.024978
51.557846	24.263034
54.408460	24.263034
54.408460	24.563259
56.453502	24.563259
56.453502	24.885773
57.978723	24.885773
57.978723	25.385791
60.100739	25.385791
60.100739	26.053459
61.585697	26.053459
61.585697	26.575427
62.744260	26.575427
62.744260	27.012231
64.519983	27.012231
64.519983	27.296518
66.019386	27.296518
66.019386	27.431169
67.364577	27.431169
67.364577	27.538084
69.457913	27.538084
69.457913	27.634764
71.298513	27.634764
71.298513	27.710139
72.936521	27.710139
& cycle # 5, chisq = 652656.917511, e = 41.282959
0.000000	10.238798
0.259216	10.238798
0.259216	10.949495
0.564289	10.949495
0.564289	11.211334
0.761243	11.211334
0.761243	11.432158
1.155676	11.432158
1.155676	11.658558
1.525780	11.658558
1.525780	11.821245
1.821955	11.821245
1.821955	12.024235
2.522218	12.024235
2.522218	12.257714
3.181326	12.257714
3.181326	12.433744
3.725614	12.433744
3.725614	12.657193
4.979486	12.657193
4.979486	12.912008
6.140301	12.912008
6.140301	13.102927
7.110605	13.102927
7.110605	13.337694
9.280059	13.337694
9.280059	13.592255
11.282983	13.592255
11.282983	13.770237
12.982276	13.770237
12.982276	13.960906
16.691496	13.960906
16.691496	14.146011
19.965350	14.146011
19.965350	14.297489
22.611694	14.297489
22.611694	14.573174
27.433034	14.573174
27.433034	15.111495
30.630485	15.111495
30.630485	15.831146
32.714945	15.831146
32.714945	17.236035
35.716647	17.236035
35.716647	19.208638
37.574054	19.208638
37.574054	20.346683
38.973463	20.346683
38.973463	21.210602
41.477506	21.210602
41.477506	22.046411
43.415475	22.046411
43.415475	22.723256
44.979077	22.723256
44.979077	23.523027
47.735577	23.523027
47.735577	24.252392
49.856430	24.252392
49.856430	24.649498
51.574423	24.649498
51.574423	24.987438
54.360443	24.987438
54.360443	25.345748
56.390334	25.345748
56.390334	25.698650
57.927107	25.698650
57.927107	26.236442
60.081404	26.236442
60.081404	26.965267
61.598945	26.965267
61.598945	27.563012
62.776828	27.563012
62.776828	28.092774
64.551232	28.092774
64.551232	28.449930
66.037855	28.449930
66.037855	28.611920
67.370380	28.611920
67.370380	28.722559
69.440885	28.722559
69.440885	28.803720
71.276572	28.803720
71.276572	28.854221
72.922276	28.854221
& cycle # 1, chisq = 644833.191911, e = 40.842422
0.000000	4.788475
0.259216	4.788475
0.259216	5.832341
0.564289	5.832341
0.564289	6.350770
0.761243	6.350770
0.761243	6.833787
1.155676	6.833787
1.155676	7.367730
1.525780	7.367730
1.525780	7.777003
1.821955	7.777003
1.821955	8.318218
2.522218	8.318218
2.522218	8.972556
3.181326	8.972556
3.181326	9.486242
3.725614	9.486242
3.725614	10.157574
4.979486	10.157574
4.979486	10.935187
6.140301	10.935187
6.140301	11.518804
7.110605	11.518804
7.110605	12.225055
9.280059	12.225055
9.280059	12.964545
11.282983	12.964545
11.282983	13.451519
12.982276	13.451519
12.982276	13.913948
16.691496	13.913948
16.691496	14.266746
19.965350	14.266746
19.965350	14.475216
22.611694	14.475216
22.611694	14.792565
27.433034	14.792565
27.433034	15.379868
30.630485	15.379868
30.630485	16.149105
32.714945	16.149105
32.714945	17.626956
35.716647	17.626956
35.716647	19.656663
37.574054	19.656663
37.574054	20.776203
38.973463	20.776203
38.973463	21.557343
41.477506	21.557343
41.477506	22.267127
43.415475	22.267127
43.415475	22.832304
44.979077	22.832304
44.979077	23.498041
47.735577	23.498041
47.735577	24.104708
49.856430	24.104708
49.856430	24.435639
51.574423	24.435639
51.574423	24.719249
54.360443	24.719249
54.360443	25.022913
56.390334	25.022913
56.390334	25.324135
57.927107	25.324135
57.927107	25.785508
60.081404	25.785508
60.081404	26.414160
61.598945	26.414160
61.598945	26.933568
62.776828	26.933568
62.776828	27.399618
64.551232	27.399618
64.551232	27.720898
66.037855	27.720898
66.037855	27.872539
67.370380	27.872539
67.370380	27.981662
69.440885	27.981662
69.440885	28.066662
71.276572	28.066662
71.276572	28.123527
72.922276	28.123527
& cycle # 2, chisq = 626551.015401, e = 40.842422
0.000000	11.263789
0.259216	11.263789
0.259216	11.793965
0.564289	11.793965
0.564289	11.969471
0.761243	11.969471
0.761243	12.120697
1.155676	12.120697
1.155676	12.278576
1.525780	12.278576
1.525780	12.393983
1.821955	12.393983
1.821955	12.540520
2.522218	12.540520
2.522218	12.712072
3.181326	12.712072
3.181326	12.843710
3.725614	12.843710
3.725614	13.013885
4.979486	13.013885
4.979486	13.211546
6.140301	13.211546
6.140301	13.362357
7.110605	13.362357
7.110605	13.551281
9.280059	13.551281
9.280059	13.760078
11.282983	13.760078
11.282983	13.909178
12.982276	13.909178
12.982276	14.073818
16.691496	14.073818
16.691496	14.241184
19.965350	14.241184
19.965350	14.384389
22.611694	14.384389
22.611694	14.649852
27.433034	14.649852
27.433034	15.170709
30.630485	15.170709
30.630485	15.868123
32.714945	15.868123
32.714945	17.230784
35.716647	17.230784
35.716647	19.145549
37.574054	19.145549
37.574054	20.251207
38.973463	20.251207
38.973463	21.090908
41.477506	21.090908
41.477506	21.902580
43.415475	21.902580
43.415475	22.559072
44.979077	22.559072
44.979077	23.333956
47.735577	23.333956
47.735577	24.039960
49.856430	24.039960
49.856430	24.424115
51.574423	24.424115
51.574423	24.751356
54.360443	24.751356
54.360443	25.099499
56.390334	25.099499
56.390334	25.443859
57.927107	25.443859
57.927107	25.971107
60.081404	25.971107
60.081404	26.689865
61.598945	26.689865
61.598945	27.284421
62.776828	27.284421
62.776828	27.819279
64.551232	27.819279
64.551232	28.190063
66.037855	28.190063
66.037855	28.367142
67.370380	28.367142
67.370380	28.496961
69.440885	28.496961
69.440885	28.600596
71.276572	28.600596
71.276572	28.672069
72.922276	28.672069
& cycle # 3, chisq = 647092.395079, e = 40.842422
0.000000	6.651387
0.259216	6.651387
0.259216	7.748083
0.564289	7.748083
0.564289	8.221756
0.761243	8.221756
0.761243	8.627899
1.155676	8.627899
1.155676	9.052252
1.525780	9.052252
1.525780	9.363581
1.821955	9.363581
1.821955	9.761255
2.522218	9.761255
2.522218	10.230074
3.181326	10.230074
3.181326	10.592304
3.725614	10.592304
3.725614	11.063244
4.979486	11.063244
4.979486	11.611665
6.140301	11.611665
6.140301	12.029223
7.110605	12.029223
7.110605	12.546489
9.280059	12.546489
9.280059	13.103787
11.282983	13.103787
11.282983	13.482807
12.982276	13.482807
12.982276	13.859322
16.691496	13.859322
16.691496	14.171585
19.965350	14.171585
19.965350	14.379952
22.611694	14.379952
22.611694	14.718199
27.433034	14.718199
27.433034	15.351406
30.630485	15.351406
30.630485	16.179601
32.714945	16.179601
32.714945	17.760878
35.716647	17.760878
35.716647	19.908746
37.574054	19.908746
37.574054	21.065832
38.973463	21.065832
38.973463	21.837457
41.477506	21.837457
41.477506	22.517986
43.415475	22.517986
43.415475	23.061403
44.979077	23.061403
44.979077	23.713817
47.735577	23.713817
47.735577	24.330769
49.856430	24.330769
49.856430	24.693511
51.574423	24.693511
51.574423	25.044457
54.360443	25.044457
54.360443	25.461031
56.390334	25.461031
56.390334	25.891095
57.927107	25.891095
57.927107	26.553732
60.081404	26.553732
60.081404	27.454308
61.598945	27.454308
61.598945	28.193180
62.776828	28.193180
62.776828	28.846823
64.551232	28.846823
64.551232	29.284918
66.037855	29.284918
66.037855	29.480592
67.370380	29.480592
67.370380	29.610353
69.440885	29.610353
69.440885	29.701245
71.276572	29.701245
71.276572	29.754067
72.922276	29.754067
& cycle # 4, chisq = 659678.038337, e = 40.842422
0.000000	5.916297
0.259216	5.916297
0.259216	6.746695
0.564289	6.746695
0.564289	7.158361
0.761243	7.158361
0.761243	7.550895
1.155676	7.550895
1.155676	7.991374
1.525780	7.991374
1.525780	8.333213
1.821955	8.333213
1.821955	8.790736
2.522218	8.790736
2.522218	9.350761
3.181326	9.350761
3.181326	9.796133
3.725614	9.796133
3.725614	10.386947
4.979486	10.386947
4.979486	11.082861
6.140301	11.082861
6.140301	11.614691
7.110605	11.614691
7.110605	12.270768
9.280059	12.270768
9.280059	12.970136
11.282983	12.970136
11.282983	13.437561
12.982276	13.437561
12.982276	13.886588
16.691496	13.886588
16.691496	14.233784
19.965350	14.233784
19.965350	14.442132
22.611694	14.442132
22.611694	14.760661
27.433034	14.760661
27.433034	15.349313
30.630485	15.349313
30.630485	16.119567
32.714945	16.119567
32.714945	17.599471
35.716647	17.599471
35.716647	19.634668
37.574054	19.634668
37.574054	20.762166
38.973463	20.762166
38.973463	21.558072
41.477506	21.558072
41.477506	22.289927
43.415475	22.289927
43.415475	22.875509
44.979077	22.875509
44.979077	23.565796
47.735577	23.565796
47.735577	24.193017
49.856430	24.193017
49.856430	24.531471
51.574423	24.531471
51.574423	24.814193
54.360443	24.814193
54.360443	25.107655
56.390334	25.107655
56.390334	25.393094
57.927107	25.393094
57.927107	25.825259
60.081404	25.825259
60.081404	26.407521
61.598945	26.407521
61.598945	26.881492
62.776828	26.881492
62.776828	27.296508
64.551232	27.296508
64.551232	27.570454
66.037855	27.570454
66.037855	27.690254
67.370380	27.690254
67.370380	27.768571
69.440885	27.768571
69.440885	27.823549
71.276572	27.823549
71.276572	27.856112
72.922276	27.856112
& cycle # 6, chisq = 622040.129811, e = 40.842422
0.000000	10.879752
0.250457	10.879752
0.250457	11.511129
0.549671	11.511129
0.549671	11.733759
0.742305	11.733759
0.742305	11.920661
1.130986	11.920661
1.130986	12.111763
1.495754	12.111763
1.495754	12.248412
1.787333	12.248412
1.787333	12.419050
2.482536	12.419050
2.482536	12.614933
3.136663	12.614933
3.136663	12.761935
3.676198	12.761935
3.676198	12.948737
4.929040	12.948737
4.929040	13.161493
6.088087	13.161493
6.088087	13.320361
7.055786	13.320361
7.055786	13.516343
9.235894	13.516343
9.235894	13.729349
11.247145	13.729349
11.247145	13.878601
12.951492	13.878601
12.951492	14.041055
16.697387	14.041055
16.697387	14.204761
19.991880	14.204761
19.991880	14.345631
22.640820	14.345631
22.640820	14.610495
27.462145	14.610495
27.462145	15.133516
30.624301	15.133516
30.624301	15.827109
32.677549	15.827109
32.677549	17.145038
35.681313	17.145038
35.681313	18.922782
37.575763	18.922782
37.575763	19.985150
39.006378	19.985150
39.006378	20.984373
41.535677	20.984373
41.535677	22.116559
43.441897	22.116559
43.441897	23.029484
44.963116	23.029484
44.963116	24.002349
47.677157	24.002349
47.677157	24.755652
49.800617	24.755652
49.800617	25.112603
51.539325	25.112603
51.539325	25.441760
54.379712	25.441760
54.379712	25.858997
56.428002	25.858997
56.428002	26.306169
57.961173	26.306169
57.961173	26.997928
60.097426	26.997928
60.097426	27.924243
61.590854	27.924243
61.590854	28.653811
62.751727	28.653811
62.751727	29.263578
64.521347	29.263578
64.521347	29.647123
66.011440	29.647123
66.011440	29.809845
67.348017	29.809845
67.348017	29.917209
69.428016	29.917209
69.428016	29.996603
71.256033	29.996603
71.256033	30.049889
72.876804	30.049889
& cycle # 1, chisq = 658555.018582, e = 41.230109
0.000000	4.133342
0.250457	4.133342
0.250457	5.623405
0.549671	5.623405
0.549671	6.317951
0.742305	6.317951
0.742305	6.924461
1.130986	6.924461
1.130986	7.564345
1.495754	7.564345
1.495754	8.033928
1.787333	8.033928
1.787333	8.632190
2.482536	8.632190
2.482536	9.327404
3.136663	9.327404
3.136663	9.850944
3.676198	9.850944
3.676198	10.510573
4.929040	10.510573
4.929040	11.246225
6.088087	11.246225
6.088087	11.777891
7.055786	11.777891
7.055786	12.403552
9.235894	12.403552
9.235894	13.043241
11.247145	13.043241
11.247145	13.456588
12.951492	13.456588
12.951492	13.848249
16.697387	13.848249
16.697387	14.154314
19.991880	14.154314
19.991880	14.348364
22.640820	14.348364
22.640820	14.662551
27.462145	14.662551
27.462145	15.254071
30.624301	15.254071
30.624301	16.019612
32.677549	16.019612
32.677549	17.434509
35.681313	17.434509
35.681313	19.259699
37.575763	19.259699
37.575763	20.257368
39.006378	20.257368
39.006378	21.086442
41.535677	21.086442
41.535677	21.970520
43.441897	21.970520
43.441897	22.672941
44.963116	22.672941
44.963116	23.417012
47.677157	23.417012
47.677157	23.988617
49.800617	23.988617
49.800617	24.255794
51.539325	24.255794
51.539325	24.499117
54.379712	24.499117
54.379712	24.807276
56.428002	24.807276
56.428002	25.139174
57.961173	25.139174
57.961173	25.655927
60.097426	25.655927
60.097426	26.353396
61.590854	26.353396
61.590854	26.908948
62.751727	26.908948
62.751727	27.382302
64.521347	27.382302
64.521347	27.690848
66.011440	27.690848
66.011440	27.830625
67.348017	27.830625
67.348017	27.931257
69.428016	27.931257
69.428016	28.013300
71.256033	28.013300
71.256033	28.074031
72.876804	28.074031
& cycle # 2, chisq = 632652.190936, e = 41.230109
0.000000	9.603323
0.250457	9.603323
0.250457	10.274689
0.549671	10.274689
0.549671	10.546706
0.742305	10.546706
0.742305	10.787328
1.130986	10.787328
1.130986	11.042311
1.495754	11.042311
1.495754	11.230032
1.787333	11.230032
1.787333	11.470434
2.482536	11.470434
2.482536	11.752403
3.136663	11.752403
3.136663	11.967821
3.676198	11.967821
3.676198	12.245425
4.929040	12.245425
4.929040	12.564666
6.088087	12.564666
6.088087	12.804250
7.055786	12.804250
7.055786	13.099419
9.235894	13.099419
9.235894	13.417242
11.247145	13.417242
11.247145	13.635356
12.951492	13.635356
12.951492	13.862077
16.697387	13.862077
16.697387	14.072380
19.991880	14.072380
19.991880	14.238231
22.640820	14.238231
22.640820	14.537271
27.462145	14.537271
27.462145	15.117353
30.624301	15.117353
30.624301	15.876411
32.677549	15.876411
32.677549	17.291546
35.681313	17.291546
35.681313	19.139228
37.575763	19.139228
37.575763	20.173141
39.006378	20.173141
39.006378	21.061033
41.535677	21.061033
41.535677	22.022316
43.441897	22.022316
43.441897	22.787424
44.963116	22.787424
44.963116	23.596219
47.677157	23.596219
47.677157	24.214099
49.800617	24.214099
49.800617	24.498880
51.539325	24.498880
51.539325	24.752785
54.379712	24.752785
54.379712	25.070199
56.428002	25.070199
56.428002	25.410589
57.961173	25.410589
57.961173	25.939715
60.097426	25.939715
60.097426	26.653139
61.590854	26.653139
61.590854	27.220862
62.751727	27.220862
62.751727	27.704139
64.521347	27.704139
64.521347	28.019028
66.011440	28.019028
66.011440	28.161983
67.348017	28.161983
67.348017	28.265707
69.428016	28.265707
69.428016	28.351385
71.256033	28.351385
71.256033	28.415752
72.876804	28.415752
& cycle # 3, chisq = 639369.990573, e = 41.230109
0.000000	5.455667
0.250457	5.455667
0.250457	6.366568
0.549671	6.366568
0.549671	6.824918
0.742305	6.824918
0.742305	7.259924
1.130986	7.259924
1.130986	7.746342
1.495754	7.746342
1.495754	8.121464
1.787333	8.121464
1.787333	8.622727
2.482536	8.622727
2.482536	9.232884
3.136663	9.232884
3.136663	9.713526
3.676198	9.713526
3.676198	10.347287
4.929040	10.347287
4.929040	11.085846
6.088087	11.085846
6.088087	11.641834
7.055786	11.641834
7.055786	12.319842
9.235894	12.319842
9.235894	13.031863
11.247145	13.031863
11.247145	13.498924
12.951492	13.498924
12.951492	13.940134
16.697387	13.940134
16.697387	14.275771
19.991880	14.275771
19.991880	14.477848
22.640820	14.477848
22.640820	14.793585
27.462145	14.793585
27.462145	15.381070
30.624301	15.381070
30.624301	16.138725
32.677549	16.138725
32.677549	17.538159
35.681313	17.538159
35.681313	19.345605
37.575763	19.345605
37.575763	20.338251
39.006378	20.338251
39.006378	21.171304
41.535677	21.171304
41.535677	22.065937
43.441897	22.065937
43.441897	22.778808
44.963116	22.778808
44.963116	23.535099
47.677157	23.535099
47.677157	24.116588
49.800617	24.116588
49.800617	24.387976
51.539325	24.387976
51.539325	24.633243
54.379712	24.633243
54.379712	24.940837
56.428002	24.940837
56.428002	25.269607
57.961173	25.269607
57.961173	25.777940
60.097426	25.777940
60.097426	26.458552
61.590854	26.458552
61.590854	26.994572
62.751727	26.994572
62.751727	27.442487
64.521347	27.442487
64.521347	27.724042
66.011440	27.724042
66.011440	27.843269
67.348017	27.843269
67.348017	27.921624
69.428016	27.921624
69.428016	27.979196
71.256033	27.979196
71.256033	28.017512
72.876804	28.017512
& cycle # 4, chisq = 624957.263151, e = 41.230109
0.000000	12.941470
0.250457	12.941470
0.250457	13.370926
0.549671	13.370926
0.549671	13.492168
0.742305	13.492168
0.742305	13.597410
1.130986	13.597410
1.130986	13.707948
1.495754	13.707948
1.495754	13.788973
1.787333	13.788973
1.787333	13.892700
2.482536	13.892700
2.482536	14.014765
3.136663	14.014765
3.136663	14.108633
3.676198	14.108633
3.676198	14.230912
4.929040	14.230912
4.929040	14.373618
6.088087	14.373618
6.088087	14.482690
7.055786	14.482690
7.055786	14.620290
9.235894	14.620290
9.235894	14.773007
11.247145	14.773007
11.247145	14.882215
12.951492	14.882215
12.951492	15.004071
16.697387	15.004071
16.697387	15.131003
19.991880	15.131003
19.991880	15.243241
22.640820	15.243241
22.640820	15.455929
27.462145	15.455929
27.462145	15.875674
30.624301	15.875674
30.624301	16.430697
32.677549	16.430697
32.677549	17.479345
35.681313	17.479345
35.681313	18.879490
37.575763	18.879490
37.575763	19.699358
39.006378	19.699358
39.006378	20.450483
41.535677	20.450483
41.535677	21.292289
43.441897	21.292289
43.441897	21.970950
44.963116	21.970950
44.963116	22.697864
47.677157	22.697864
47.677157	23.268443
49.800617	23.268443
49.800617	23.548246
51.539325	23.548246
51.539325	23.819746
54.379712	23.819746
54.379712	24.175368
56.428002	24.175368
56.428002	24.562018
57.961173	24.562018
57.961173	25.165764
60.097426	25.165764
60.097426	25.982271
61.590854	25.982271
61.590854	26.634173
62.751727	26.634173
62.751727	27.191870
64.521347	27.191870
64.521347	27.558291
66.011440	27.558291
66.011440	27.726872
67.348017	27.726872
67.348017	27.850922
69.428016	27.850922
69.428016	27.954602
71.256033	27.954602
71.256033	28.033186
72.876804	28.033186
& cycle # 5, chisq = 687047.755532, e = 41.230109
0.000000	10.774390
0.262953	10.774390
0.262953	11.431838
0.570842	11.431838
0.570842	11.662919
0.769803	11.662919
0.769803	11.857419
1.167237	11.857419
1.167237	12.056491
1.540136	12.056491
1.540136	12.199448
1.838662	12.199448
1.838662	12.377371
2.542463	12.377371
2.542463	12.581708
3.204975	12.581708
3.204975	12.735689
3.752297	12.735689
3.752297	12.930697
5.009737	12.930697
5.009737	13.152819
6.174133	13.152819
6.174133	13.319265
7.147820	13.319265
7.147820	13.523739
9.319196	13.523739
9.319196	13.745684
11.324402	13.745684
11.324402	13.901481
13.026223	13.901481
13.026223	14.070261
16.729485	14.070261
16.729485	14.239910
19.992521	14.239910
19.992521	14.384939
22.624377	14.384939
22.624377	14.652273
27.396611	14.652273
27.396611	15.170168
30.567443	15.170168
30.567443	15.848827
32.650191	15.848827
32.650191	17.132332
35.696593	17.132332
35.696593	18.911407
37.613983	18.911407
37.613983	20.039768
39.048765	20.039768
39.048765	21.112962
41.547488	21.112962
41.547488	22.291905
43.436321	22.291905
43.436321	23.209573
44.953136	23.209573
44.953136	24.146696
47.658874	24.146696
47.658874	24.852127
49.794096	24.852127
49.794096	25.194119
51.546827	25.194119
51.546827	25.531054
54.386151	25.531054
54.386151	25.974886
56.435661	25.974886
56.435661	26.454118
57.971161	26.454118
57.971161	27.188803
60.099585	27.188803
60.099585	28.162407
61.595156	28.162407
61.595156	28.924520
62.761565	28.924520
62.761565	29.556745
64.530435	29.556745
64.530435	29.953276
66.022196	29.953276
66.022196	30.122272
67.360887	30.122272
67.360887	30.234192
69.431974	30.234192
69.431974	30.316116
71.257392	30.316116
71.257392	30.368439
72.882052	30.368439
& cycle # 1, chisq = 652407.153549, e = 40.709984
0.000000	5.398537
0.262953	5.398537
0.262953	6.455693
0.570842	6.455693
0.570842	6.955812
0.769803	6.955812
0.769803	7.410583
1.167237	7.410583
1.167237	7.905510
1.540136	7.905510
1.540136	8.280820
1.838662	8.280820
1.838662	8.772299
2.542463	8.772299
2.542463	9.363024
3.204975	9.363024
3.204975	9.825824
3.752297	9.825824
3.752297	10.430356
5.009737	10.430356
5.009737	11.133240
6.174133	11.133240
6.174133	11.664707
7.147820	11.664707
7.147820	12.312902
9.319196	12.312902
9.319196	12.997352
11.324402	12.997352
11.324402	13.451212
13.026223	13.451212
13.026223	13.884741
16.729485	13.884741
16.729485	14.225181
19.992521	14.225181
19.992521	14.439083
22.624377	14.439083
22.624377	14.773642
27.396611	14.773642
27.396611	15.385069
30.567443	15.385069
30.567443	16.161775
32.650191	16.161775
32.650191	17.581874
35.696593	17.581874
35.696593	19.452380
37.613983	19.452380
37.613983	20.531480
39.048765	20.531480
39.048765	21.432747
41.547488	21.432747
41.547488	22.356938
43.436321	22.356938
43.436321	23.063116
44.953136	23.063116
44.953136	23.777595
47.658874	23.777595
47.658874	24.306988
49.794096	24.306988
49.794096	24.555595
51.546827	24.555595
51.546827	24.792221
54.386151	24.792221
54.386151	25.099830
56.435661	25.099830
56.435661	25.431747
57.971161	25.431747
57.971161	25.941907
60.099585	25.941907
60.099585	26.620567
61.595156	26.620567
61.595156	27.154830
62.761565	27.154830
62.761565	27.602376
64.530435	27.602376
64.530435	27.888133
66.022196	27.888133
66.022196	28.013869
67.360887	28.013869
67.360887	28.100453
69.431974	28.100453
69.431974	28.166427
71.257392	28.166427
71.257392	28.210423
72.882052	28.210423
& cycle # 2, chisq = 613754.835097, e = 40.709984
0.000000	10.516041
0.262953	10.516041
0.262953	11.105266
0.570842	11.105266
0.570842	11.314301
0.769803	11.314301
0.769803	11.495627
1.167237	11.495627
1.167237	11.685777
1.540136	11.685777
1.540136	11.825419
1.838662	11.825419
1.838662	12.003155
2.542463	12.003155
2.542463	12.211864
3.204975	12.211864
3.204975	12.372588
3.752297	12.372588
3.752297	12.580601
5.009737	12.580601
5.009737	12.822504
6.174133	12.822504
6.174133	13.007269
7.147820	13.007269
7.147820	13.238105
9.319196	13.238105
9.319196	13.492031
11.324402	13.492031
11.324402	13.671934
13.026223	13.671934
13.026223	13.867755
16.729485	13.867755
16.729485	14.064701
19.992521	14.064701
19.992521	14.232313
22.624377	14.232313
22.624377	14.538553
27.396611	14.538553
27.396611	15.125455
30.567443	15.125455
30.567443	15.884498
32.650191	15.884498
32.650191	17.288772
35.696593	17.288772
35.696593	19.162066
37.613983	19.162066
37.613983	20.264421
39.048765	20.264421
39.048765	21.207452
41.547488	21.207452
41.547488	22.183444
43.436321	22.183444
43.436321	22.928105
44.953136	22.928105
44.953136	23.677804
47.658874	23.677804
47.658874	24.228316
49.794096	24.228316
49.794096	24.482502
51.546827	24.482502
51.546827	24.720754
54.386151	24.720754
54.386151	25.030039
56.435661	25.030039
56.435661	25.365569
57.971161	25.365569
57.971161	25.885244
60.099585	25.885244
60.099585	26.583476
61.595156	26.583476
61.595156	27.141358
62.761565	27.141358
62.761565	27.621229
64.530435	27.621229
64.530435	27.943476
66.022196	27.943476
66.022196	28.098968
67.360887	28.098968
67.360887	28.219509
69.431974	28.219509
69.431974	28.323973
71.257392	28.323973
71.257392	28.403727
72.882052	28.403727
& cycle # 3, chisq = 630693.198184, e = 40.709984
0.000000	5.382642
0.262953	5.382642
0.262953	6.252314
0.570842	6.252314
0.570842	6.693150
0.769803	6.693150
0.769803	7.115776
1.167237	7.115776
1.167237	7.591870
1.540136	7.591870
1.540136	7.962819
1.838662	7.962819
1.838662	8.459925
2.542463	8.459925
2.542463	9.069039
3.204975	9.069039
3.204975	9.553721
3.752297	9.553721
3.752297	10.194349
5.009737	10.194349
5.009737	10.944942
6.174133	10.944942
6.174133	11.514694
7.147820	11.514694
7.147820	12.209748
9.319196	12.209748
9.319196	12.942182
11.324402	12.942182
11.324402	13.426310
13.026223	13.426310
13.026223	13.886609
16.729485	13.886609
16.729485	14.245166
19.992521	14.245166
19.992521	14.468028
22.624377	14.468028
22.624377	14.814841
27.396611	14.814841
27.396611	15.447934
30.567443	15.447934
30.567443	16.251517
32.650191	16.251517
32.650191	17.718252
35.696593	17.718252
35.696593	19.643268
37.613983	19.643268
37.613983	20.744655
39.048765	20.744655
39.048765	21.651233
41.547488	21.651233
41.547488	22.571058
43.436321	22.571058
43.436321	23.270001
44.953136	23.270001
44.953136	23.972313
47.658874	23.972313
47.658874	24.484993
49.794096	24.484993
49.794096	24.717519
51.546827	24.717519
51.546827	24.928916
54.386151	24.928916
54.386151	25.197123
56.435661	25.197123
56.435661	25.484366
57.971161	25.484366
57.971161	25.924596
60.099585	25.924596
60.099585	26.508951
61.595156	26.508951
61.595156	26.967795
62.761565	26.967795
62.761565	27.350594
64.530435	27.350594
64.530435	27.593218
66.022196	27.593218
66.022196	27.698591
67.360887	27.698591
67.360887	27.770005
69.431974	27.770005
69.431974	27.823515
71.257392	27.823515
71.257392	27.858541
72.882052	27.858541
& cycle # 4, chisq = 610410.717815, e = 40.709984
0.000000	6.320251
0.262953	6.320251
0.262953	7.238368
0.570842	7.238368
0.570842	7.680383
0.769803	7.680383
0.769803	8.088820
1.167237	8.088820
1.167237	8.535894
1.540136	8.535894
1.540136	8.875527
1.838662	8.875527
1.838662	9.319835
2.542463	9.319835
2.542463	9.852361
3.204975	9.852361
3.204975	10.267950
3.752297	10.267950
3.752297	10.808246
5.009737	10.808246
5.009737	11.433428
6.174133	11.433428
6.174133	11.904121
7.147820	11.904121
7.147820	12.476484
9.319196	12.476484
9.319196	13.080486
11.324402	13.080486
11.324402	13.482230
13.026223	13.482230
13.026223	13.870366
16.729485	13.870366
16.729485	14.183831
19.992521	14.183831
19.992521	14.389764
22.624377	14.389764
22.624377	14.721007
27.396611	14.721007
27.396611	15.332095
30.567443	15.332095
30.567443	16.111219
32.650191	16.111219
32.650191	17.539212
35.696593	17.539212
35.696593	19.425070
37.613983	19.425070
37.613983	20.517476
39.048765	20.517476
39.048765	21.434098
41.547488	21.434098
41.547488	22.374897
43.436321	22.374897
43.436321	23.092253
44.953136	23.092253
44.953136	23.814442
47.658874	23.814442
47.658874	24.343295
49.794096	24.343295
49.794096	24.584666
51.546827	24.584666
51.546827	24.805577
54.386151	24.805577
54.386151	25.086393
56.435661	25.086393
56.435661	25.386890
57.971161	25.386890
57.971161	25.846717
60.099585	25.846717
60.099585	26.455871
61.595156	26.455871
61.595156	26.932815
62.761565	26.932815
62.761565	27.328749
64.530435	27.328749
64.530435	27.577403
66.022196	27.577403
66.022196	27.683607
67.360887	27.683607
67.360887	27.754090
69.431974	27.754090
69.431974	27.805733
71.257392	27.805733
71.257392	27.838701
72.882052	27.838701
& cycle # 6, chisq = 612535.100209, e = 40.709984
0.000000	10.108437
0.265391	10.108437
0.265391	10.824916
0.574699	10.824916
0.574699	11.088453
0.774751	11.088453
0.774751	11.311599
1.173440	11.311599
1.173440	11.541075
1.547498	11.541075
1.547498	11.706740
1.847055	11.706740
1.847055	11.913692
2.551462	11.913692
2.551462	12.152480
3.214613	12.152480
3.214613	12.333421
3.762663	12.333421
3.762663	12.563470
5.018691	12.563470
5.018691	12.826689
6.182030	12.826689
6.182030	13.024892
7.155184	13.024892
7.155184	13.268930
9.320298	13.268930
9.320298	13.534244
11.320188	13.534244
11.320188	13.720522
13.018198	13.720522
13.018198	13.920179
16.707457	13.920179
16.707457	14.113852
19.968548	14.113852
19.968548	14.271609
22.610417	14.271609
22.610417	14.555819
27.418684	14.555819
27.418684	15.105752
30.628963	15.105752
30.628963	15.837289
32.732688	15.837289
32.732688	17.263391
35.756477	17.263391
35.756477	19.294579
37.618890	19.294579
37.618890	20.499660
39.011735	20.499660
39.011735	21.411459
41.481140	21.411459
41.481140	22.259614
43.395698	22.259614
43.395698	22.914493
44.949115	22.914493
44.949115	23.643427
47.703234	23.643427
47.703234	24.269085
49.844980	24.269085
49.844980	24.600199
51.585584	24.600199
51.585584	24.895420
54.389083	24.895420
54.389083	25.234758
56.418629	25.234758
56.418629	25.582088
57.946599	25.582088
57.946599	26.109037
60.074306	26.109037
60.074306	26.807000
61.578777	26.807000
61.578777	27.358881
62.755361	27.358881
62.755361	27.826107
64.537780	27.826107
64.537780	28.127240
66.040418	28.127240
66.040418	28.258338
67.387796	28.258338
67.387796	28.344723
69.464499	28.344723
69.464499	28.408157
71.285421	28.408157
71.285421	28.451138
72.893279	28.451138
& cycle # 1, chisq = 635599.918610, e = 40.590459
0.000000	5.407690
0.265391	5.407690
0.265391	6.753945
0.574699	6.753945
0.574699	7.358628
0.774751	7.358628
0.774751	7.878495
1.173440	7.878495
1.173440	8.421086
1.547498	8.421086
1.547498	8.818017
1.847055	8.818017
1.847055	9.319188
2.551462	9.319188
2.551462	9.901208
3.214613	9.901208
3.214613	10.342871
3.762663	10.342871
3.762663	10.901164
5.018691	10.901164
5.018691	11.531317
6.182030	11.531317
6.182030	11.995869
7.155184	11.995869
7.155184	12.550262
9.320298	12.550262
9.320298	13.128280
11.320188	13.128280
11.320188	13.511417
13.018198	13.511417
13.018198	13.882473
16.707457	13.882473
16.707457	14.180028
19.968548	14.180028
19.968548	14.370337
22.610417	14.370337
22.610417	14.672857
27.418684	14.672857
27.418684	15.237966
30.628963	15.237966
30.628963	15.981195
32.732688	15.981195
32.732688	17.421195
35.756477	17.421195
35.756477	19.459681
37.618890	19.459681
37.618890	20.657455
39.011735	20.657455
39.011735	21.551379
41.481140	21.551379
41.481140	22.377705
43.395698	22.377705
43.395698	23.016873
44.949115	23.016873
44.949115	23.731121
47.703234	23.731121
47.703234	24.347411
49.844980	24.347411
49.844980	24.676244
51.585584	24.676244
51.585584	24.972307
54.389083	24.972307
54.389083	25.314390
56.418629	25.314390
56.418629	25.664475
57.946599	25.664475
57.946599	26.194421
60.074306	26.194421
60.074306	26.894289
61.578777	26.894289
61.578777	27.445417
62.755361	27.445417
62.755361	27.908921
64.537780	27.908921
64.537780	28.204223
66.040418	28.204223
66.040418	28.330195
67.387796	28.330195
67.387796	28.411007
69.464499	28.411007
69.464499	28.468530
71.285421	28.468530
71.285421	28.506211
72.893279	28.506211
& cycle # 2, chisq = 623092.245615, e = 40.590459
0.000000	10.215469
0.265391	10.215469
0.265391	10.821722
0.574699	10.821722
0.574699	11.039044
0.774751	11.039044
0.774751	11.227788
1.173440	11.227788
1.173440	11.426038
1.547498	11.426038
1.547498	11.572027
1.847055	11.572027
1.847055	11.758101
2.551462	11.758101
2.551462	11.977151
3.214613	11.977151
3.214613	12.146439
3.762663	12.146439
3.762663	12.366002
5.018691	12.366002
5.018691	12.622139
6.182030	12.622139
6.182030	12.818576
7.155184	12.818576
7.155184	13.064663
9.320298	13.064663
9.320298	13.336442
11.320188	13.336442
11.320188	13.530069
13.018198	13.530069
13.018198	13.741102
16.707457	13.741102
16.707457	13.950488
19.968548	13.950488
19.968548	14.124531
22.610417	14.124531
22.610417	14.439786
27.418684	14.439786
27.418684	15.048387
30.628963	15.048387
30.628963	15.854055
32.732688	15.854055
32.732688	17.410821
35.756477	17.410821
35.756477	19.593202
37.618890	19.593202
37.618890	20.843969
39.011735	20.843969
39.011735	21.727119
41.481140	21.727119
41.481140	22.501845
43.395698	22.501845
43.395698	23.087372
44.949115	23.087372
44.949115	23.733033
47.703234	23.733033
47.703234	24.281586
49.844980	24.281586
49.844980	24.567506
51.585584	24.567506
51.585584	24.817859
54.389083	24.817859
54.389083	25.102897
56.418629	25.102897
56.418629	25.394935
57.946599	25.394935
57.946599	25.840465
60.074306	25.840465
60.074306	26.435244
61.578777	26.435244
61.578777	26.911119
62.755361	26.911119
62.755361	27.322580
64.537780	27.322580
64.537780	27.598890
66.040418	27.598890
66.040418	27.729375
67.387796	27.729375
67.387796	27.826669
69.464499	27.826669
69.464499	27.910077
71.285421	27.910077
71.285421	27.976420
72.893279	27.976420
& cycle # 3, chisq = 637607.910287, e = 40.590459
0.000000	6.816593
0.265391	6.816593
0.265391	7.936720
0.574699	7.936720
0.574699	8.414218
0.774751	8.414218
0.774751	8.819455
1.173440	8.819455
1.173440	9.239370
1.547498	9.239370
1.547498	9.545705
1.847055	9.545705
1.847055	9.933503
2.551462	9.933503
2.551462	10.387591
3.214613	10.387591
3.214613	10.736869
3.762663	10.736869
3.762663	11.187469
5.018691	11.187469
5.018691	11.709406
6.182030	11.709406
6.182030	12.105718
7.155184	12.105718
7.155184	12.594184
9.320298	12.594184
9.320298	13.119594
11.320188	13.119594
11.320188	13.477893
13.018198	13.477893
13.018198	13.835282
16.707457	13.835282
16.707457	14.134934
19.968548	14.134934
19.968548	14.337583
22.610417	14.337583
22.610417	14.667179
27.418684	14.667179
27.418684	15.282569
30.628963	15.282569
30.628963	16.087511
32.732688	16.087511
32.732688	17.632719
35.756477	17.632719
35.756477	19.786923
37.618890	19.786923
37.618890	21.013586
39.011735	21.013586
39.011735	21.877779
41.481140	21.877779
41.481140	22.645687
43.395698	22.645687
43.395698	23.238760
44.949115	23.238760
44.949115	23.913145
47.703234	23.913145
47.703234	24.517264
49.844980	24.517264
49.844980	24.865632
51.585584	24.865632
51.585584	25.217159
54.389083	25.217159
54.389083	25.658242
56.418629	25.658242
56.418629	26.123310
57.946599	26.123310
57.946599	26.832257
60.074306	26.832257
60.074306	27.770313
61.578777	27.770313
61.578777	28.509066
62.755361	28.509066
62.755361	29.129123
64.537780	29.129123
64.537780	29.521514
66.040418	29.521514
66.040418	29.685635
67.387796	29.685635
67.387796	29.786376
69.464499	29.786376
69.464499	29.852671
71.285421	29.852671
71.285421	29.891440
72.893279	29.891440
& cycle # 4, chisq = 653606.936441, e = 40.590459
0.000000	6.516226
0.265391	6.516226
0.265391	7.352635
0.574699	7.352635
0.574699	7.753999
0.774751	7.753999
0.774751	8.130518
1.173440	8.130518
1.173440	8.547745
1.547498	8.547745
1.547498	8.868613
1.847055	8.868613
1.847055	9.292991
2.551462	9.292991
2.551462	9.807826
3.214613	9.807826
3.214613	10.214889
3.762663	10.214889
3.762663	10.750513
5.018691	10.750513
5.018691	11.378406
6.182030	11.378406
6.182030	11.857588
7.155184	11.857588
7.155184	12.446981
9.320298	12.446981
9.320298	13.075898
11.320188	13.075898
11.320188	13.498746
13.018198	13.498746
13.018198	13.908844
16.707457	13.908844
16.707457	14.233342
19.968548	14.233342
19.968548	14.434943
22.610417	14.434943
22.610417	14.747891
27.418684	14.747891
27.418684	15.326400
30.628963	15.326400
30.628963	16.083185
32.732688	16.083185
32.732688	17.541919
35.756477	17.541919
35.756477	19.591298
37.618890	19.591298
37.618890	20.777001
39.011735	20.777001
39.011735	21.636341
41.481140	21.636341
41.481140	22.412320
43.395698	22.412320
43.395698	23.007692
44.949115	23.007692
44.949115	23.669899
47.703234	23.669899
47.703234	24.236815
49.844980	24.236815
49.844980	24.534364
51.585584	24.534364
51.585584	24.795107
54.389083	24.795107
54.389083	25.089549
56.418629	25.089549
56.418629	25.387822
57.946599	25.387822
57.946599	25.837401
60.074306	25.837401
60.074306	26.429009
61.578777	26.429009
61.578777	26.892778
62.755361	26.892778
62.755361	27.279958
64.537780	27.279958
64.537780	27.523367
66.040418	27.523367
66.040418	27.624611
67.387796	27.624611
67.387796	27.687167
69.464499	27.687167
69.464499	27.729497
71.285421	27.729497
71.285421	27.755526
72.893279	27.755526
& cycle # 6, chisq = 616110.157431, e = 40.590459
0.000000	11.197377
0.241151	11.197377
0.241151	11.792923
0.533731	11.792923
0.533731	12.000785
0.721554	12.000785
0.721554	12.175180
1.103474	12.175180
1.103474	12.353503
1.461956	12.353503
1.461956	12.480668
1.748182	12.480668
1.748182	12.639918
2.436553	12.639918
2.436553	12.822683
3.084026	12.822683
3.084026	12.959406
3.617424	12.959406
3.617424	13.133584
4.866211	13.133584
4.866211	13.331921
6.020667	13.331921
6.020667	13.479601
6.983380	13.479601
6.983380	13.662348
9.169303	13.662348
9.169303	13.861162
11.184358	13.861162
11.184358	14.000304
12.889948	14.000304
12.889948	14.152259
16.667941	14.152259
16.667941	14.305131
19.987804	14.305131
19.987804	14.436651
22.652847	14.436651
22.652847	14.687570
27.522422	14.687570
27.522422	15.192096
30.685750	15.192096
30.685750	15.872359
32.719326	15.872359
32.719326	17.188086
35.682820	17.188086
35.682820	18.956646
37.546434	18.956646
37.546434	19.973064
38.964130	19.973064
38.964130	20.911549
41.511015	20.911549
41.511015	21.991927
43.436861	21.991927
43.436861	22.892318
44.970139	22.892318
44.970139	23.907302
47.703328	23.907302
47.703328	24.743977
49.819490	24.743977
49.819490	25.154051
51.544435	25.154051
51.544435	25.519918
54.377721	25.519918
54.377721	25.964699
56.420438	25.964699
56.420438	26.434845
57.950096	26.434845
57.950096	27.164608
60.093771	27.164608
60.093771	28.145861
61.589768	28.145861
61.589768	28.919539
62.751396	28.919539
62.751396	29.568353
64.530592	29.568353
64.530592	29.979136
66.026175	29.979136
66.026175	30.158869
67.365391	30.158869
67.365391	30.288506
69.456381	30.288506
69.456381	30.396213
71.292913	30.396213
71.292913	30.474223
72.926421	30.474223
& cycle # 1, chisq = 678992.848108, e = 41.630488
0.000000	4.704998
0.241151	4.704998
0.241151	6.127326
0.533731	6.127326
0.533731	6.731656
0.721554	6.731656
0.721554	7.255780
1.103474	7.255780
1.103474	7.811707
1.461956	7.811707
1.461956	8.222568
1.748182	8.222568
1.748182	8.755130
2.436553	8.755130
2.436553	9.385036
3.084026	9.385036
3.084026	9.867664
3.617424	9.867664
3.617424	10.491868
4.866211	10.491868
4.866211	11.205489
6.020667	11.205489
6.020667	11.732667
6.983380	11.732667
6.983380	12.369395
9.169303	12.369395
9.169303	13.032973
11.184358	13.032973
11.184358	13.466148
12.889948	13.466148
12.889948	13.878167
16.667941	13.878167
16.667941	14.194554
19.987804	14.194554
19.987804	14.388436
22.652847	14.388436
22.652847	14.700510
27.522422	14.700510
27.522422	15.295648
30.685750	15.295648
30.685750	16.078201
32.719326	16.078201
32.719326	17.551561
35.682820	17.551561
35.682820	19.447471
37.546434	19.447471
37.546434	20.442684
38.964130	20.442684
38.964130	21.250418
41.511015	21.250418
41.511015	22.125354
43.436861	22.125354
43.436861	22.844426
44.970139	22.844426
44.970139	23.650486
47.703328	23.650486
47.703328	24.310050
49.819490	24.310050
49.819490	24.628882
51.544435	24.628882
51.544435	24.908342
54.377721	24.908342
54.377721	25.245144
56.420438	25.245144
56.420438	25.601059
57.950096	25.601059
57.950096	26.154750
60.093771	26.154750
60.093771	26.901561
61.589768	26.901561
61.589768	27.493035
62.751396	27.493035
62.751396	27.992900
64.530592	27.992900
64.530592	28.313999
66.026175	28.313999
66.026175	28.458189
67.365391	28.458189
67.365391	28.565251
69.456381	28.565251
69.456381	28.656245
71.292913	28.656245
71.292913	28.723244
72.926421	28.723244
& cycle # 2, chisq = 644022.352318, e = 41.630488
0.000000	10.888317
0.241151	10.888317
0.241151	11.389130
0.533731	11.389130
0.533731	11.563122
0.721554	11.563122
0.721554	11.715016
1.103474	11.715016
1.103474	11.875437
1.461956	11.875437
1.461956	11.993350
1.748182	11.993350
1.748182	12.145632
2.436553	12.145632
2.436553	12.325879
3.084026	12.325879
3.084026	12.464862
3.617424	12.464862
3.617424	12.647401
4.866211	12.647401
4.866211	12.861431
6.020667	12.861431
6.020667	13.025160
6.983380	13.025160
6.983380	13.232720
9.169303	13.232720
9.169303	13.463000
11.184358	13.463000
11.184358	13.626511
12.889948	13.626511
12.889948	13.806813
16.667941	13.806813
16.667941	13.989427
19.987804	13.989427
19.987804	14.146689
22.652847	14.146689
22.652847	14.444830
27.522422	14.444830
27.522422	15.038771
30.685750	15.038771
30.685750	15.830358
32.719326	15.830358
32.719326	17.330748
35.682820	17.330748
35.682820	19.273520
37.546434	19.273520
37.546434	20.302513
38.964130	20.302513
38.964130	21.143462
41.511015	21.143462
41.511015	22.051818
43.436861	22.051818
43.436861	22.793784
44.970139	22.793784
44.970139	23.618626
47.703328	23.618626
47.703328	24.283490
49.819490	24.283490
49.819490	24.594510
51.544435	24.594510
51.544435	24.853889
54.377721	24.853889
54.377721	25.157028
56.420438	25.157028
56.420438	25.475353
57.950096	25.475353
57.950096	25.971593
60.093771	25.971593
60.093771	26.644004
61.589768	26.644004
61.589768	27.180657
62.751396	27.180657
62.751396	27.640874
64.530592	27.640874
64.530592	27.945306
66.026175	27.945306
66.026175	28.089744
67.365391	28.089744
67.365391	28.204260
69.456381	28.204260
69.456381	28.307326
71.292913	28.307326
71.292913	28.386840
72.926421	28.386840
& cycle # 3, chisq = 655042.826947, e = 41.630488
0.000000	6.316263
0.241151	6.316263
0.241151	7.683851
0.533731	7.683851
0.533731	8.298431
0.721554	8.298431
0.721554	8.814993
1.103474	8.814993
1.103474	9.340548
1.461956	9.340548
1.461956	9.712142
1.748182	9.712142
1.748182	10.171563
2.436553	10.171563
2.436553	10.690034
3.084026	10.690034
3.084026	11.070064
3.617424	11.070064
3.617424	11.541971
4.866211	11.541971
4.866211	12.063319
6.020667	12.063319
6.020667	12.438384
6.983380	12.438384
6.983380	12.883942
9.169303	12.883942
9.169303	13.345681
11.184358	13.345681
11.184358	13.649246
12.889948	13.649246
12.889948	13.947340
16.667941	13.947340
16.667941	14.195151
19.987804	14.195151
19.987804	14.366819
22.652847	14.366819
22.652847	14.663151
27.522422	14.663151
27.522422	15.240296
30.685750	15.240296
30.685750	16.005440
32.719326	16.005440
32.719326	17.456085
35.682820	17.456085
35.682820	19.342608
37.546434	19.342608
37.546434	20.355337
38.964130	20.355337
38.964130	21.205524
41.511015	21.205524
41.511015	22.141656
43.436861	22.141656
43.436861	22.913458
44.970139	22.913458
44.970139	23.778829
47.703328	23.778829
47.703328	24.486240
49.819490	24.486240
49.819490	24.826903
51.544435	24.826903
51.544435	25.122987
54.377721	25.122987
54.377721	25.476910
56.420438	25.476910
56.420438	25.849061
57.950096	25.849061
57.950096	26.425763
60.093771	26.425763
60.093771	27.200197
61.589768	27.200197
61.589768	27.809728
62.751396	27.809728
62.751396	28.319203
64.530592	28.319203
64.530592	28.639557
66.026175	28.639557
66.026175	28.777770
67.365391	28.777770
67.365391	28.875594
69.456381	28.875594
69.456381	28.955370
71.292913	28.955370
71.292913	29.012185
72.926421	29.012185
& cycle # 4, chisq = 651300.651640, e = 41.630488
0.000000	11.377632
0.241151	11.377632
0.241151	11.939190
0.533731	11.939190
0.533731	12.127314
0.721554	12.127314
0.721554	12.287149
1.103474	12.287149
1.103474	12.452876
1.461956	12.452876
1.461956	12.572856
1.748182	12.572856
1.748182	12.725720
2.436553	12.725720
2.436553	12.904473
3.084026	12.904473
3.084026	13.040826
3.617424	13.040826
3.617424	13.218160
4.866211	13.218160
4.866211	13.424275
6.020667	13.424275
6.020667	13.580723
6.983380	13.580723
6.983380	13.777613
9.169303	13.777613
9.169303	13.994491
11.184358	13.994491
11.184358	14.147249
12.889948	14.147249
12.889948	14.313654
16.667941	14.313654
16.667941	14.479031
19.987804	14.479031
19.987804	14.618940
22.652847	14.618940
22.652847	14.882377
27.522422	14.882377
27.522422	15.406494
30.685750	15.406494
30.685750	16.105237
32.719326	16.105237
32.719326	17.431749
35.682820	17.431749
35.682820	19.155629
37.546434	19.155629
37.546434	20.077049
38.964130	20.077049
38.964130	20.842587
41.511015	20.842587
41.511015	21.678696
43.436861	21.678696
43.436861	22.365376
44.970139	22.365376
44.970139	23.133275
47.703328	23.133275
47.703328	23.759213
49.819490	23.759213
49.819490	24.059662
51.544435	24.059662
51.544435	24.320873
54.377721	24.320873
54.377721	24.635013
56.420438	24.635013
56.420438	24.967870
57.950096	24.967870
57.950096	25.488078
60.093771	25.488078
60.093771	26.194141
61.589768	26.194141
61.589768	26.758739
62.751396	26.758739
62.751396	27.244464
64.530592	27.244464
64.530592	27.567680
66.026175	27.567680
66.026175	27.722621
67.365391	27.722621
67.365391	27.846860
69.456381	27.846860
69.456381	27.959705
71.292913	27.959705
71.292913	28.047386
72.926421	28.047386
& cycle # 5, chisq = 663737.053726, e = 41.630488
0.000000	10.072579
0.267836	10.072579
0.267836	10.796040
0.578701	10.796040
0.578701	11.062934
0.779915	11.062934
0.779915	11.289381
1.180090	11.289381
1.180090	11.522488
1.555526	11.522488
1.555526	11.691012
1.856280	11.691012
1.856280	11.901461
2.561861	11.901461
2.561861	12.144340
3.226178	12.144340
3.226178	12.328541
3.775372	12.328541
3.775372	12.562542
5.031257	12.562542
5.031257	12.830221
6.194689	12.830221
6.194689	13.031863
7.168235	13.031863
7.168235	13.279820
9.329679	13.279820
9.329679	13.549181
11.326590	13.549181
11.326590	13.738264
13.022593	13.738264
13.022593	13.940658
16.699737	13.940658
16.699737	14.136626
19.951341	14.136626
19.951341	14.295180
22.587933	14.295180
22.587933	14.577974
27.386654	14.577974
27.386654	15.121708
30.602725	15.121708
30.602725	15.843743
32.716390	15.843743
32.716390	17.257966
35.751064	17.257966
35.751064	19.307809
37.612486	19.307809
37.612486	20.550172
38.999747	20.550172
38.999747	21.469149
41.459518	21.469149
41.459518	22.282431
43.378616	22.282431
43.378616	22.904127
44.941192	22.904127
44.941192	23.615289
47.705761	23.615289
47.705761	24.255770
49.848334	24.255770
49.848334	24.611463
51.585305	24.611463
51.585305	24.926443
54.378715	24.926443
54.378715	25.271183
56.408457	25.271183
56.408457	25.613935
57.942314	25.613935
57.942314	26.132637
60.081359	26.132637
60.081359	26.827240
61.594396	26.827240
61.594396	27.389387
62.774491	27.389387
62.774491	27.881053
64.552262	27.881053
64.552262	28.212604
66.047319	28.212604
66.047319	28.367809
67.388728	28.367809
67.388728	28.481579
69.463155	28.481579
69.463155	28.574743
71.303410	28.574743
71.303410	28.640330
72.957313	28.640330
& cycle # 1, chisq = 636242.760941, e = 40.483303
0.000000	5.348622
0.267836	5.348622
0.267836	6.352893
0.578701	6.352893
0.578701	6.836413
0.779915	6.836413
0.779915	7.282585
1.180090	7.282585
1.180090	7.773081
1.555526	7.773081
1.555526	8.148770
1.856280	8.148770
1.856280	8.643717
2.561861	8.643717
2.561861	9.242758
3.226178	9.242758
3.226178	9.715753
3.775372	9.715753
3.775372	10.336022
5.031257	10.336022
5.031257	11.060577
6.194689	11.060577
6.194689	11.611492
7.168235	11.611492
7.168235	12.284813
9.329679	12.284813
9.329679	12.998642
11.326590	12.998642
11.326590	13.475410
13.022593	13.475410
13.022593	13.932874
16.699737	13.932874
16.699737	14.287279
19.951341	14.287279
19.951341	14.498011
22.587933	14.498011
22.587933	14.811713
27.386654	14.811713
27.386654	15.380769
30.602725	15.380769
30.602725	16.120028
32.716390	16.120028
32.716390	17.546726
35.751064	17.546726
35.751064	19.580407
37.612486	19.580407
37.612486	20.778556
38.999747	20.778556
38.999747	21.623231
41.459518	21.623231
41.459518	22.344440
43.378616	22.344440
43.378616	22.892228
44.941192	22.892228
44.941192	23.521366
47.705761	23.521366
47.705761	24.091983
49.848334	24.091983
49.848334	24.412786
51.585305	24.412786
51.585305	24.702059
54.378715	24.702059
54.378715	25.023381
56.408457	25.023381
56.408457	25.344457
57.942314	25.344457
57.942314	25.830199
60.081359	25.830199
60.081359	26.479542
61.594396	26.479542
61.594396	27.003592
62.774491	27.003592
62.774491	27.459707
64.552262	27.459707
64.552262	27.764566
66.047319	27.764566
66.047319	27.905090
67.388728	27.905090
67.388728	28.006302
69.463155	28.006302
69.463155	28.088012
71.303410	28.088012
71.303410	28.144962
72.957313	28.144962
& cycle # 2, chisq = 616972.196512, e = 40.483303
0.000000	10.679324
0.267836	10.679324
0.267836	11.282712
0.578701	11.282712
0.578701	11.492099
0.779915	11.492099
0.779915	11.672579
1.180090	11.672579
1.180090	11.860841
1.555526	11.860841
1.555526	11.998653
1.856280	11.998653
1.856280	12.172959
2.561861	12.172959
2.561861	12.376728
3.226178	12.376728
3.226178	12.533248
3.775372	12.533248
3.775372	12.734690
5.031257	12.734690
5.031257	12.968102
6.194689	12.968102
6.194689	13.146123
7.168235	13.146123
7.168235	13.367707
9.329679	13.367707
9.329679	13.611275
11.326590	13.611275
11.326590	13.784347
13.022593	13.784347
13.022593	13.972623
16.699737	13.972623
16.699737	14.159352
19.951341	14.159352
19.951341	14.314067
22.587933	14.314067
22.587933	14.592774
27.386654	14.592774
27.386654	15.129850
30.602725	15.129850
30.602725	15.843253
32.716390	15.843253
32.716390	17.239871
35.751064	17.239871
35.751064	19.261607
37.612486	19.261607
37.612486	20.483155
38.999747	20.483155
38.999747	21.380603
41.459518	21.380603
41.459518	22.169472
43.378616	22.169472
43.378616	22.770724
44.941192	22.770724
44.941192	23.457783
47.705761	23.457783
47.705761	24.076469
49.848334	24.076469
49.848334	24.420596
51.585305	24.420596
51.585305	24.726865
54.378715	24.726865
54.378715	25.064463
56.408457	25.064463
56.408457	25.402105
57.942314	25.402105
57.942314	25.915728
60.081359	25.915728
60.081359	26.607788
61.594396	26.607788
61.594396	27.172908
62.774491	27.172908
62.774491	27.674939
64.552262	27.674939
64.552262	28.023371
66.047319	28.023371
66.047319	28.194930
67.388728	28.194930
67.388728	28.328339
69.463155	28.328339
69.463155	28.443271
71.303410	28.443271
71.303410	28.527488
72.957313	28.527488
& cycle # 3, chisq = 638074.178828, e = 40.483303
0.000000	5.334793
0.267836	5.334793
0.267836	6.216229
0.578701	6.216229
0.578701	6.664434
0.779915	6.664434
0.779915	7.093397
1.180090	7.093397
1.180090	7.575376
1.555526	7.575376
1.555526	7.950430
1.856280	7.950430
1.856280	8.450624
2.561861	8.450624
2.561861	9.061685
3.226178	9.061685
3.226178	9.547526
3.775372	9.547526
3.775372	10.187747
5.031257	10.187747
5.031257	10.937876
6.194689	10.937876
6.194689	11.509079
7.168235	11.509079
7.168235	12.207136
9.329679	12.207136
9.329679	12.946210
11.326590	12.946210
11.326590	13.438661
13.022593	13.438661
13.022593	13.909125
16.699737	13.909125
16.699737	14.270481
19.951341	14.270481
19.951341	14.482535
22.587933	14.482535
22.587933	14.795985
27.386654	14.795985
27.386654	15.364184
30.602725	15.364184
30.602725	16.102875
32.716390	16.102875
32.716390	17.530279
35.751064	17.530279
35.751064	19.568747
37.612486	19.568747
37.612486	20.773822
38.999747	20.773822
38.999747	21.628421
41.459518	21.628421
41.459518	22.360980
43.378616	22.360980
43.378616	22.917063
44.941192	22.917063
44.941192	23.553770
47.705761	23.553770
47.705761	24.127885
49.848334	24.127885
49.848334	24.446829
51.585305	24.446829
51.585305	24.728665
54.378715	24.728665
54.378715	25.035777
56.408457	25.035777
56.408457	25.339819
57.942314	25.339819
57.942314	25.798194
60.081359	25.798194
60.081359	26.409410
61.594396	26.409410
61.594396	26.901175
62.774491	26.901175
62.774491	27.327070
64.552262	27.327070
64.552262	27.609218
66.047319	27.609218
66.047319	27.737274
67.388728	27.737274
67.388728	27.827865
69.463155	27.827865
69.463155	27.899920
71.303410	27.899920
71.303410	27.949591
72.957313	27.949591
& cycle # 4, chisq = 613488.304490, e = 40.483303
0.000000	12.745162
0.267836	12.745162
0.267836	13.216956
0.578701	13.216956
0.578701	13.343185
0.779915	13.343185
0.779915	13.453437
1.180090	13.453437
1.180090	13.569668
1.555526	13.569668
1.555526	13.655561
1.856280	13.655561
1.856280	13.765202
2.561861	13.765202
2.561861	13.894524
3.226178	13.894524
3.226178	13.994719
3.775372	13.994719
3.775372	14.124793
5.031257	14.124793
5.031257	14.276814
6.194689	14.276814
6.194689	14.393738
7.168235	14.393738
7.168235	14.540537
9.329679	14.540537
9.329679	14.703363
11.326590	14.703363
11.326590	14.820260
13.022593	14.820260
13.022593	14.949388
16.699737	14.949388
16.699737	15.080523
19.951341	15.080523
19.951341	15.191814
22.587933	15.191814
22.587933	15.394778
27.386654	15.394778
27.386654	15.788301
30.602725	15.788301
30.602725	16.313840
32.716390	16.313840
32.716390	17.351135
35.751064	17.351135
35.751064	18.873805
37.612486	18.873805
37.612486	19.820837
38.999747	19.820837
38.999747	20.557671
41.459518	20.557671
41.459518	21.240591
43.378616	21.240591
43.378616	21.773631
44.941192	21.773631
44.941192	22.391355
47.705761	22.391355
47.705761	22.957372
49.848334	22.957372
49.848334	23.281110
51.585305	23.281110
51.585305	23.580590
54.378715	23.580590
54.378715	23.920560
56.408457	23.920560
56.408457	24.263377
57.942314	24.263377
57.942314	24.783216
60.081359	24.783216
60.081359	25.478858
61.594396	25.478858
61.594396	26.040853
62.774491	26.040853
62.774491	26.530810
64.552262	26.530810
64.552262	26.859343
66.047319	26.859343
66.047319	27.011720
67.388728	27.011720
67.388728	27.122389
69.463155	27.122389
69.463155	27.212490
71.303410	27.212490
71.303410	27.275782
72.957313	27.275782
& cycle # 5, chisq = 677488.567188, e = 40.483303
0.000000	9.130779
0.229212	9.130779
0.229212	9.933658
0.513262	9.933658
0.513262	10.267277
0.694893	10.267277
0.694893	10.554294
1.068177	10.554294
1.068177	10.852416
1.418638	10.852416
1.418638	11.066658
1.698021	11.066658
1.698021	11.338277
2.377973	11.338277
2.377973	11.651581
3.017217	11.651581
3.017217	11.885537
3.542959	11.885537
3.542959	12.184330
4.787778	12.184330
4.787778	12.522837
5.937410	12.522837
5.937410	12.771749
6.894529	12.771749
6.894529	13.076651
9.091276	13.076651
9.091276	13.401526
11.114142	13.401526
11.114142	13.620892
12.823555	13.620892
12.823555	13.847235
16.648757	13.847235
16.648757	14.053586
19.999116	14.053586
19.999116	14.215101
22.675393	14.215101
22.675393	14.514382
27.575536	14.514382
27.575536	15.111443
30.714747	15.111443
30.714747	15.902282
32.715854	15.902282
32.715854	17.371767
35.662156	17.371767
35.662156	19.198084
37.532429	19.198084
37.532429	20.160853
38.957041	20.160853
38.957041	21.045783
41.512481	21.045783
41.512481	22.072307
43.415106	22.072307
43.415106	22.892528
44.923217	22.892528
44.923217	23.739010
47.654596	23.739010
47.654596	24.350991
49.789873	24.350991
49.789873	24.616140
51.536030	24.616140
51.536030	24.858119
54.416541	24.858119
54.416541	25.174873
56.466717	25.174873
56.466717	25.519877
57.984577	25.519877
57.984577	26.060071
60.105068	26.060071
60.105068	26.780156
61.574613	26.780156
61.574613	27.328150
62.718285	27.328150
62.718285	27.766961
64.495501	27.766961
64.495501	28.031349
65.996527	28.031349
65.996527	28.140815
67.341962	28.140815
67.341962	28.213207
69.452121	28.213207
69.452121	28.265889
71.288389	28.265889
71.288389	28.299951
72.897402	28.299951
& cycle # 1, chisq = 651922.478342, e = 42.181620
0.000000	4.280774
0.229212	4.280774
0.229212	5.617683
0.513262	5.617683
0.513262	6.242175
0.694893	6.242175
0.694893	6.801368
1.068177	6.801368
1.068177	7.403390
1.418638	7.403390
1.418638	7.850305
1.698021	7.850305
1.698021	8.433820
2.377973	8.433820
2.377973	9.123157
3.017217	9.123157
3.017217	9.646699
3.542959	9.646699
3.542959	10.320263
4.787778	10.320263
4.787778	11.080651
5.937410	11.080651
5.937410	11.631966
6.894529	11.631966
6.894529	12.289593
9.091276	12.289593
9.091276	12.964633
11.114142	12.964633
11.114142	13.398116
12.823555	13.398116
12.823555	13.807896
16.648757	13.807896
16.648757	14.121883
19.999116	14.121883
19.999116	14.317539
22.675393	14.317539
22.675393	14.642362
27.575536	14.642362
27.575536	15.271189
30.714747	15.271189
30.714747	16.094328
32.715854	16.094328
32.715854	17.607342
35.662156	17.607342
35.662156	19.455894
37.532429	19.455894
37.532429	20.396294
38.957041	20.396294
38.957041	21.223142
41.512481	21.223142
41.512481	22.166883
43.415106	22.166883
43.415106	22.919503
44.923217	22.919503
44.923217	23.697413
47.654596	23.697413
47.654596	24.262636
49.789873	24.262636
49.789873	24.511006
51.536030	24.511006
51.536030	24.742563
54.416541	24.742563
54.416541	25.049496
56.466717	25.049496
56.466717	25.385473
57.984577	25.385473
57.984577	25.913111
60.105068	25.913111
60.105068	26.618523
61.574613	26.618523
61.574613	27.157413
62.718285	27.157413
62.718285	27.591609
64.495501	27.591609
64.495501	27.856007
65.996527	27.856007
65.996527	27.967367
67.341962	27.967367
67.341962	28.042362
69.452121	28.042362
69.452121	28.097899
71.288389	28.097899
71.288389	28.134446
72.897402	28.134446
& cycle # 2, chisq = 646974.448042, e = 42.181620
0.000000	11.857392
0.229212	11.857392
0.229212	12.307771
0.513262	12.307771
0.513262	12.451196
0.694893	12.451196
0.694893	12.575357
1.068177	12.575357
1.068177	12.705708
1.418638	12.705708
1.418638	12.800646
1.698021	12.800646
1.698021	12.923110
2.377973	12.923110
2.377973	13.067317
3.017217	13.067317
3.017217	13.177539
3.542959	13.177539
3.542959	13.322219
4.787778	13.322219
4.787778	13.491198
5.937410	13.491198
5.937410	13.619575
6.894529	13.619575
6.894529	13.782665
9.091276	13.782665
9.091276	13.963633
11.114142	13.963633
11.114142	14.091941
12.823555	14.091941
12.823555	14.234986
16.648757	14.234986
16.648757	14.382889
19.999116	14.382889
19.999116	14.513769
22.675393	14.513769
22.675393	14.768478
27.575536	14.768478
27.575536	15.284162
30.714747	15.284162
30.714747	15.972589
32.715854	15.972589
32.715854	17.264069
35.662156	17.264069
35.662156	18.895751
37.532429	18.895751
37.532429	19.785886
38.957041	19.785886
38.957041	20.639239
41.512481	20.639239
41.512481	21.646477
43.415106	21.646477
43.415106	22.456061
44.923217	22.456061
44.923217	23.297217
47.654596	23.297217
47.654596	23.914678
49.789873	23.914678
49.789873	24.192593
51.536030	24.192593
51.536030	24.459627
54.416541	24.459627
54.416541	24.818553
56.466717	24.818553
56.466717	25.212944
57.984577	25.212944
57.984577	25.833378
60.105068	25.833378
60.105068	26.664248
61.574613	26.664248
61.574613	27.300488
62.718285	27.300488
62.718285	27.815302
64.495501	27.815302
64.495501	28.131356
65.996527	28.131356
65.996527	28.266498
67.341962	28.266498
67.341962	28.359335
69.452121	28.359335
69.452121	28.429688
71.288389	28.429688
71.288389	28.477127
72.897402	28.477127
& cycle # 3, chisq = 665344.120144, e = 42.181620
0.000000	6.732692
0.229212	6.732692
0.229212	7.884710
0.513262	7.884710
0.513262	8.361421
0.694893	8.361421
0.694893	8.765068
1.068177	8.765068
1.068177	9.185221
1.418638	9.185221
1.418638	9.490231
1.698021	9.490231
1.698021	9.883796
2.377973	9.883796
2.377973	10.348246
3.017217	10.348246
3.017217	10.704247
3.542959	10.704247
3.542959	11.172561
4.787778	11.172561
4.787778	11.719329
5.937410	11.719329
5.937410	12.132811
6.894529	12.132811
6.894529	12.650988
9.091276	12.650988
9.091276	13.209840
11.114142	13.209840
11.114142	13.585459
12.823555	13.585459
12.823555	13.957988
16.648757	13.957988
16.648757	14.265869
19.999116	14.265869
19.999116	14.476734
22.675393	14.476734
22.675393	14.839321
27.575536	14.839321
27.575536	15.541017
30.714747	15.541017
30.714747	16.452860
32.715854	16.452860
32.715854	18.106561
35.662156	18.106561
35.662156	20.077259
37.532429	20.077259
37.532429	21.024772
38.957041	21.024772
38.957041	21.796487
41.512481	21.796487
41.512481	22.655067
43.415106	22.655067
43.415106	23.343649
44.923217	23.343649
44.923217	24.071788
47.654596	24.071788
47.654596	24.631339
49.789873	24.631339
49.789873	24.911803
51.536030	24.911803
51.536030	25.217158
54.416541	25.217158
54.416541	25.650378
56.466717	25.650378
56.466717	26.132383
57.984577	26.132383
57.984577	26.891180
60.105068	26.891180
60.105068	27.903895
61.574613	27.903895
61.574613	28.673787
62.718285	28.673787
62.718285	29.287628
64.495501	29.287628
64.495501	29.653074
65.996527	29.653074
65.996527	29.799769
67.341962	29.799769
67.341962	29.891194
69.452121	29.891194
69.452121	29.951540
71.288389	29.951540
71.288389	29.985259
72.897402	29.985259
& cycle # 4, chisq = 689300.448376, e = 42.181620
0.000000	12.046876
0.229212	12.046876
0.229212	12.509993
0.513262	12.509993
0.513262	12.665604
0.694893	12.665604
0.694893	12.804166
1.068177	12.804166
1.068177	12.952885
1.418638	12.952885
1.418638	13.063369
1.698021	13.063369
1.698021	13.208642
2.377973	13.208642
2.377973	13.382800
3.017217	13.382800
3.017217	13.518090
3.542959	13.518090
3.542959	13.698242
4.787778	13.698242
4.787778	13.911044
5.937410	13.911044
5.937410	14.073914
6.894529	14.073914
6.894529	14.281059
9.091276	14.281059
9.091276	14.509075
11.114142	14.509075
11.114142	14.667280
12.823555	14.667280
12.823555	14.834792
16.648757	14.834792
16.648757	14.992645
19.999116	14.992645
19.999116	15.119838
22.675393	15.119838
22.675393	15.357040
27.575536	15.357040
27.575536	15.828964
30.714747	15.828964
30.714747	16.451066
32.715854	16.451066
32.715854	17.597314
35.662156	17.597314
35.662156	18.999842
37.532429	18.999842
37.532429	19.714477
38.957041	19.714477
38.957041	20.344355
41.512481	20.344355
41.512481	21.066522
43.415106	21.066522
43.415106	21.647234
44.923217	21.647234
44.923217	22.258967
47.654596	22.258967
47.654596	22.724934
49.789873	22.724934
49.789873	22.954573
51.536030	22.954573
51.536030	23.201261
54.416541	23.201261
54.416541	23.550878
56.466717	23.550878
56.466717	23.941301
57.984577	23.941301
57.984577	24.559161
60.105068	24.559161
60.105068	25.389404
61.574613	25.389404
61.574613	26.026878
62.718285	26.026878
62.718285	26.543905
64.495501	26.543905
64.495501	26.861525
65.996527	26.861525
65.996527	26.996463
67.341962	26.996463
67.341962	27.087216
69.452121	27.087216
69.452121	27.153494
71.288389	27.153494
71.288389	27.196104
72.897402	27.196104
& cycle # 5, chisq = 709578.669413, e = 42.181620
0.000000	10.311202
0.252681	10.311202
0.252681	10.986087
0.553309	10.986087
0.553309	11.233707
0.747002	11.233707
0.747002	11.443294
1.137013	11.443294
1.137013	11.658980
1.503011	11.658980
1.503011	11.814252
1.795664	11.814252
1.795664	12.009172
2.491814	12.009172
2.491814	12.234300
3.146892	12.234300
3.146892	12.404400
3.687388	12.404400
3.687388	12.621693
4.939713	12.621693
4.939713	12.870571
6.098506	12.870571
6.098506	13.057461
7.066304	13.057461
7.066304	13.288665
9.242074	13.288665
9.242074	13.540326
11.249741	13.540326
11.249741	13.716534
12.951631	13.716534
12.951631	13.906386
16.685867	13.906386
16.685867	14.092523
19.976193	14.092523
19.976193	14.247039
22.628890	14.247039
22.628890	14.531659
27.466667	14.531659
27.466667	15.089464
30.653191	15.089464
30.653191	15.830692
32.722595	15.830692
32.722595	17.255167
35.720518	17.255167
35.720518	19.204386
37.584334	19.204386
37.584334	20.327222
38.986183	20.327222
38.986183	21.251853
41.478167	21.251853
41.478167	22.199786
43.382013	22.199786
43.382013	22.938583
44.915419	22.938583
44.915419	23.723542
47.660871	23.723542
47.660871	24.341702
49.807864	24.341702
49.807864	24.642152
51.559892	24.642152
51.559892	24.917977
54.404344	24.917977
54.404344	25.263161
56.447173	25.263161
56.447173	25.632250
57.972348	25.632250
57.972348	26.202150
60.091987	26.202150
60.091987	26.960624
61.577238	26.960624
61.577238	27.552363
62.736271	27.552363
62.736271	28.043868
64.508231	28.043868
64.508231	28.356245
66.004698	28.356245
66.004698	28.494671
67.347849	28.494671
67.347849	28.592400
69.434171	28.592400
69.434171	28.670359
71.265776	28.670359
71.265776	28.726646
72.887755	28.726646
& cycle # 1, chisq = 645454.693727, e = 41.123099
0.000000	5.313221
0.252681	5.313221
0.252681	6.198155
0.553309	6.198155
0.553309	6.641729
0.747002	6.641729
0.747002	7.064468
1.137013	7.064468
1.137013	7.539383
1.503011	7.539383
1.503011	7.907753
1.795664	7.907753
1.795664	8.402489
2.491814	8.402489
2.491814	9.008620
3.146892	9.008620
3.146892	9.489792
3.687388	9.489792
3.687388	10.128831
4.939713	10.128831
4.939713	10.880018
6.098506	10.880018
6.098506	11.451124
7.066304	11.451124
7.066304	12.153798
9.242074	12.153798
9.242074	12.898737
11.249741	12.898737
11.249741	13.392339
12.951631	13.392339
12.951631	13.862503
16.685867	13.862503
16.685867	14.220729
19.976193	14.220729
19.976193	14.432959
22.628890	14.432959
22.628890	14.758604
27.466667	14.758604
27.466667	15.362103
30.653191	15.362103
30.653191	16.146637
32.722595	16.146637
32.722595	17.628153
35.720518	17.628153
35.720518	19.607531
37.584334	19.607531
37.584334	20.696234
38.986183	20.696234
38.986183	21.530630
41.478167	21.530630
41.478167	22.352421
43.382013	22.352421
43.382013	22.987862
44.915419	22.987862
44.915419	23.662598
47.660871	23.662598
47.660871	24.193851
49.807864	24.193851
49.807864	24.451865
51.559892	24.451865
51.559892	24.688266
54.404344	24.688266
54.404344	24.983494
56.447173	24.983494
56.447173	25.298724
57.972348	25.298724
57.972348	25.784938
60.091987	25.784938
60.091987	26.431329
61.577238	26.431329
61.577238	26.934916
62.736271	26.934916
62.736271	27.352302
64.508231	27.352302
64.508231	27.616692
66.004698	27.616692
66.004698	27.733343
67.347849	27.733343
67.347849	27.815497
69.434171	27.815497
69.434171	27.881071
71.265776	27.881071
71.265776	27.928536
72.887755	27.928536
& cycle # 2, chisq = 625689.862721, e = 41.123099
0.000000	9.727664
0.252681	9.727664
0.252681	10.469645
0.553309	10.469645
0.553309	10.757080
0.747002	10.757080
0.747002	11.001267
1.137013	11.001267
1.137013	11.252829
1.503011	11.252829
1.503011	11.433930
1.795664	11.433930
1.795664	11.661063
2.491814	11.661063
2.491814	11.922952
3.146892	11.922952
3.146892	12.120369
3.687388	12.120369
3.687388	12.371771
4.939713	12.371771
4.939713	12.658630
6.098506	12.658630
6.098506	12.873103
7.066304	12.873103
7.066304	13.137021
9.242074	13.137021
9.242074	13.422392
11.249741	13.422392
11.249741	13.620420
12.951631	13.620420
12.951631	13.830482
16.685867	13.830482
16.685867	14.031042
19.976193	14.031042
19.976193	14.192937
22.628890	14.192937
22.628890	14.487154
27.466667	14.487154
27.466667	15.060516
30.653191	15.060516
30.653191	15.819197
32.722595	15.819197
32.722595	17.268459
35.720518	17.268459
35.720518	19.231307
37.584334	19.231307
37.584334	20.337826
38.986183	20.337826
38.986183	21.217399
41.478167	21.217399
41.478167	22.100011
43.382013	22.100011
43.382013	22.783838
44.915419	22.783838
44.915419	23.508888
47.660871	23.508888
47.660871	24.078796
49.807864	24.078796
49.807864	24.355285
51.559892	24.355285
51.559892	24.609240
54.404344	24.609240
54.404344	24.928090
56.447173	24.928090
56.447173	25.270303
57.972348	25.270303
57.972348	25.800886
60.091987	25.800886
60.091987	26.510715
61.577238	26.510715
61.577238	27.068824
62.736271	27.068824
62.736271	27.538965
64.508231	27.538965
64.508231	27.846086
66.004698	27.846086
66.004698	27.989461
67.347849	27.989461
67.347849	28.098097
69.434171	28.098097
69.434171	28.191830
71.265776	28.191830
71.265776	28.264811
72.887755	28.264811
& cycle # 3, chisq = 644315.291329, e = 41.123099
0.000000	5.431558
0.252681	5.431558
0.252681	6.349951
0.553309	6.349951
0.553309	6.810480
0.747002	6.810480
0.747002	7.245788
1.137013	7.245788
1.137013	7.731001
1.503011	7.731001
1.503011	8.104459
1.795664	8.104459
1.795664	8.601884
2.491814	8.601884
2.491814	9.206106
3.146892	9.206106
3.146892	9.681654
3.687388	9.681654
3.687388	10.307560
4.939713	10.307560
4.939713	11.036796
6.098506	11.036796
6.098506	11.586601
7.066304	11.586601
7.066304	12.258072
9.242074	12.258072
9.242074	12.965978
11.249741	12.965978
11.249741	13.433615
12.951631	13.433615
12.951631	13.879504
16.685867	13.879504
16.685867	14.221646
19.976193	14.221646
19.976193	14.427348
22.628890	14.427348
22.628890	14.746722
27.466667	14.746722
27.466667	15.341655
30.653191	15.341655
30.653191	16.117336
32.722595	16.117336
32.722595	17.587109
35.720518	17.587109
35.720518	19.561705
37.584334	19.561705
37.584334	20.660758
38.986183	20.660758
38.986183	21.520541
41.478167	21.520541
41.478167	22.378317
43.382013	22.378317
43.382013	23.043693
44.915419	23.043693
44.915419	23.750469
47.660871	23.750469
47.660871	24.306439
49.807864	24.306439
49.807864	24.575406
51.559892	24.575406
51.559892	24.819844
54.404344	24.819844
54.404344	25.122865
56.447173	25.122865
56.447173	25.444980
57.972348	25.444980
57.972348	25.940055
60.091987	25.940055
60.091987	26.595579
61.577238	26.595579
61.577238	27.103368
62.736271	27.103368
62.736271	27.520066
64.508231	27.520066
64.508231	27.779086
66.004698	27.779086
66.004698	27.889390
67.347849	27.889390
67.347849	27.963443
69.434171	27.963443
69.434171	28.019411
71.265776	28.019411
71.265776	28.057713
72.887755	28.057713
& cycle # 4, chisq = 625286.422824, e = 41.123099
0.000000	12.938784
0.252681	12.938784
0.252681	13.374560
0.553309	13.374560
0.553309	13.497846
0.747002	13.497846
0.747002	13.605176
1.137013	13.605176
1.137013	13.718154
1.503011	13.718154
1.503011	13.801189
1.795664	13.801189
1.795664	13.907599
2.491814	13.907599
2.491814	14.033033
3.146892	14.033033
3.146892	14.129713
3.687388	14.129713
3.687388	14.255722
4.939713	14.255722
4.939713	14.402920
6.098506	14.402920
6.098506	14.515565
7.066304	14.515565
7.066304	14.657535
9.242074	14.657535
9.242074	14.814909
11.249741	14.814909
11.249741	14.927234
12.951631	14.927234
12.951631	15.051485
16.685867	15.051485
16.685867	15.178185
19.976193	15.178185
19.976193	15.287377
22.628890	15.287377
22.628890	15.491812
27.466667	15.491812
27.466667	15.895035
30.653191	15.895035
30.653191	16.433500
32.722595	16.433500
32.722595	17.476074
35.720518	17.476074
35.720518	18.921713
37.584334	18.921713
37.584334	19.778030
38.986183	19.778030
38.986183	20.516311
41.478167	20.516311
41.478167	21.297324
43.382013	21.297324
43.382013	21.916062
44.915419	21.916062
44.915419	22.586987
47.660871	22.586987
47.660871	23.137671
49.807864	23.137671
49.807864	23.430272
51.559892	23.430272
51.559892	23.732467
54.404344	23.732467
54.404344	24.137181
56.447173	24.137181
56.447173	24.579755
57.972348	24.579755
57.972348	25.269446
60.091987	25.269446
60.091987	26.194632
61.577238	26.194632
61.577238	26.923808
62.736271	26.923808
62.736271	27.539786
64.508231	27.539786
64.508231	27.943463
66.004698	27.943463
66.004698	28.132204
67.347849	28.132204
67.347849	28.274524
69.434171	28.274524
69.434171	28.395974
71.265776	28.395974
71.265776	28.489294
72.887755	28.489294
& cycle # 5, chisq = 696542.412729, e = 41.123099
0.000000	10.433598
0.240012	10.433598
0.240012	11.083431
0.531788	11.083431
0.531788	11.322598
0.719026	11.322598
0.719026	11.524885
1.100133	11.524885
1.100133	11.733152
1.457862	11.733152
1.457862	11.882608
1.743445	11.882608
1.743445	12.071165
2.431030	12.071165
2.431030	12.289134
3.077735	12.289134
3.077735	12.453310
3.610418	12.453310
3.610418	12.664052
4.858843	12.664052
4.858843	12.905630
6.012857	12.905630
6.012857	13.086462
6.975053	13.086462
6.975053	13.311177
9.162000	13.311177
9.162000	13.555857
11.177799	13.555857
11.177799	13.726417
12.883754	13.726417
12.883754	13.910469
16.666027	13.910469
16.666027	14.091481
19.988247	14.091481
19.988247	14.243508
22.653591	14.243508
22.653591	14.529443
27.524384	14.529443
27.524384	15.097925
30.685582	15.097925
30.685582	15.853614
32.717993	15.853614
32.717993	17.281976
35.686938	17.281976
35.686938	19.137660
37.554822	19.137660
37.554822	20.151981
38.971371	20.151981
38.971371	21.035701
41.503691	21.035701
41.503691	22.013477
43.410818	22.013477
43.410818	22.794514
44.931534	22.794514
44.931534	23.621480
47.664526	23.621480
47.664526	24.251656
49.798037	24.251656
49.798037	24.542150
51.541216	24.542150
51.541216	24.807337
54.398804	24.807337
54.398804	25.146630
56.445124	25.146630
56.445124	25.513572
57.968315	25.513572
57.968315	26.086198
60.093300	26.086198
60.093300	26.853364
61.573576	26.853364
61.573576	27.449950
62.725849	27.449950
62.725849	27.942637
64.500187	27.942637
64.500187	28.252012
65.997484	28.252012
65.997484	28.386503
67.340414	28.386503
67.340414	28.479579
69.437652	28.479579
69.437652	28.552372
71.270290	28.552372
71.270290	28.605147
72.883027	28.605147
& cycle # 1, chisq = 655669.728533, e = 41.681912
0.000000	5.350928
0.240012	5.350928
0.240012	6.469728
0.531788	6.469728
0.531788	6.983181
0.719026	6.983181
0.719026	7.443704
1.100133	7.443704
1.100133	7.941694
1.457862	7.941694
1.457862	8.315300
1.743445	8.315300
1.743445	8.806814
2.431030	8.806814
2.431030	9.396593
3.077735	9.396593
3.077735	9.854937
3.610418	9.854937
3.610418	10.457395
4.858843	10.457395
4.858843	11.157612
6.012857	11.157612
6.012857	11.683325
6.975053	11.683325
6.975053	12.328786
9.162000	12.328786
9.162000	13.010752
11.177799	13.010752
11.177799	13.460295
12.883754	13.460295
12.883754	13.890623
16.666027	13.890623
16.666027	14.223265
19.988247	14.223265
19.988247	14.428819
22.653591	14.428819
22.653591	14.760211
27.524384	14.760211
27.524384	15.389507
30.685582	15.389507
30.685582	16.210608
32.717993	16.210608
32.717993	17.737833
35.686938	17.737833
35.686938	19.675533
37.554822	19.675533
37.554822	20.685286
38.971371	20.685286
38.971371	21.508771
41.503691	21.508771
41.503691	22.394185
43.410818	22.394185
43.410818	23.098516
44.931534	23.098516
44.931534	23.844600
47.664526	23.844600
47.664526	24.413808
49.798037	24.413808
49.798037	24.676627
51.541216	24.676627
51.541216	24.916561
54.398804	24.916561
54.398804	25.222855
56.445124	25.222855
56.445124	25.553243
57.968315	25.553243
57.968315	26.067454
60.093300	26.067454
60.093300	26.754224
61.573576	26.754224
61.573576	27.285963
62.725849	27.285963
62.725849	27.721870
64.500187	27.721870
64.500187	27.991975
65.997484	27.991975
65.997484	28.106672
67.340414	28.106672
67.340414	28.183699
69.437652	28.183699
69.437652	28.241897
71.270290	28.241897
71.270290	28.282629
72.883027	28.282629
& cycle # 2, chisq = 641923.890269, e = 41.681912
0.000000	12.076999
0.240012	12.076999
0.240012	12.584767
0.531788	12.584767
0.531788	12.748231
0.719026	12.748231
0.719026	12.888396
1.100133	12.888396
1.100133	13.034330
1.457862	13.034330
1.457862	13.140154
1.743445	13.140154
1.743445	13.275077
2.431030	13.275077
2.431030	13.432688
3.077735	13.432688
3.077735	13.552619
3.610418	13.552619
3.610418	13.708153
4.858843	13.708153
4.858843	13.888220
6.012857	13.888220
6.012857	14.024268
6.975053	14.024268
6.975053	14.194805
9.162000	14.194805
9.162000	14.381933
11.177799	14.381933
11.177799	14.513282
12.883754	14.513282
12.883754	14.656097
16.666027	14.656097
16.666027	14.797956
19.988247	14.797956
19.988247	14.918103
22.653591	14.918103
22.653591	15.144563
27.524384	15.144563
27.524384	15.594562
30.685582	15.594562
30.685582	16.192008
32.717993	16.192008
32.717993	17.318707
35.686938	17.318707
35.686938	18.776541
37.554822	18.776541
37.554822	19.566640
38.971371	19.566640
38.971371	20.247861
41.503691	20.247861
41.503691	21.000783
43.410818	21.000783
43.410818	21.606168
44.931534	21.606168
44.931534	22.257816
47.664526	22.257816
47.664526	22.774912
49.798037	22.774912
49.798037	23.037925
51.541216	23.037925
51.541216	23.312974
54.398804	23.312974
54.398804	23.693654
56.445124	23.693654
56.445124	24.118218
57.968315	24.118218
57.968315	24.793168
60.093300	24.793168
60.093300	25.714658
61.573576	25.714658
61.573576	26.449450
62.725849	26.449450
62.725849	27.081325
64.500187	27.081325
64.500187	27.506249
65.997484	27.506249
65.997484	27.712294
67.340414	27.712294
67.340414	27.873425
69.437652	27.873425
69.437652	28.015532
71.270290	28.015532
71.270290	28.129942
72.883027	28.129942
& cycle # 3, chisq = 698732.443618, e = 41.681912
0.000000	6.393507
0.240012	6.393507
0.240012	7.773694
0.531788	7.773694
0.531788	8.382251
0.719026	8.382251
0.719026	8.891074
1.100133	8.891074
1.100133	9.407248
1.457862	9.407248
1.457862	9.771279
1.743445	9.771279
1.743445	10.220722
2.431030	10.220722
2.431030	10.727201
3.077735	10.727201
3.077735	11.097886
3.610418	11.097886
3.610418	11.557986
4.858843	11.557986
4.858843	12.066054
6.012857	12.066054
6.012857	12.431377
6.975053	12.431377
6.975053	12.865604
9.162000	12.865604
9.162000	13.315839
11.177799	13.315839
11.177799	13.611997
12.883754	13.611997
12.883754	13.903523
16.666027	13.903523
16.666027	14.147414
19.988247	14.147414
19.988247	14.318133
22.653591	14.318133
22.653591	14.614544
27.524384	14.614544
27.524384	15.191905
30.685582	15.191905
30.685582	15.954685
32.717993	15.954685
32.717993	17.392738
35.686938	17.392738
35.686938	19.258534
37.554822	19.258534
37.554822	20.278674
38.971371	20.278674
38.971371	21.171609
41.503691	21.171609
41.503691	22.165176
43.410818	22.165176
43.410818	22.962108
44.931534	22.962108
44.931534	23.809559
47.664526	23.809559
47.664526	24.459778
49.798037	24.459778
49.798037	24.763219
51.541216	24.763219
51.541216	25.043320
54.398804	25.043320
54.398804	25.401817
56.445124	25.401817
56.445124	25.787658
57.968315	25.787658
57.968315	26.386078
60.093300	26.386078
60.093300	27.181777
61.573576	27.181777
61.573576	27.793898
62.725849	27.793898
62.725849	28.290110
64.500187	28.290110
64.500187	28.591142
65.997484	28.591142
65.997484	28.713897
67.340414	28.713897
67.340414	28.791620
69.437652	28.791620
69.437652	28.845935
71.270290	28.845935
71.270290	28.880614
72.883027	28.880614
& cycle # 4, chisq = 649989.676194, e = 41.681912
0.000000	12.164977
0.240012	12.164977
0.240012	12.619315
0.531788	12.619315
0.531788	12.760885
0.719026	12.760885
0.719026	12.883681
1.100133	12.883681
1.100133	13.012750
1.457862	13.012750
1.457862	13.107178
1.743445	13.107178
1.743445	13.228666
2.431030	13.228666
2.431030	13.371880
3.077735	13.371880
3.077735	13.481847
3.610418	13.481847
3.610418	13.625806
4.858843	13.625806
4.858843	13.794059
6.012857	13.794059
6.012857	13.922385
6.975053	13.922385
6.975053	14.084834
9.162000	14.084834
9.162000	14.264967
11.177799	14.264967
11.177799	14.392962
12.883754	14.392962
12.883754	14.534770
16.666027	14.534770
16.666027	14.679780
19.988247	14.679780
19.988247	14.805988
22.653591	14.805988
22.653591	15.046659
27.524384	15.046659
27.524384	15.527160
30.685582	15.527160
30.685582	16.167473
32.717993	16.167473
32.717993	17.381874
35.686938	17.381874
35.686938	18.969305
37.554822	18.969305
37.554822	19.848700
38.971371	19.848700
38.971371	20.630323
41.503691	20.630323
41.503691	21.504803
43.410818	21.504803
43.410818	22.206828
44.931534	22.206828
44.931534	22.954495
47.664526	22.954495
47.664526	23.531120
49.798037	23.531120
49.798037	23.804353
51.541216	23.804353
51.541216	24.063279
54.398804	24.063279
54.398804	24.401314
56.445124	24.401314
56.445124	24.769166
57.968315	24.769166
57.968315	25.344852
60.093300	25.344852
60.093300	26.118389
61.573576	26.118389
61.573576	26.722527
62.725849	26.722527
62.725849	27.225538
64.500187	27.225538
64.500187	27.546829
65.997484	27.546829
65.997484	27.691551
67.340414	27.691551
67.340414	27.797384
69.437652	27.797384
69.437652	27.886156
71.270290	27.886156
71.270290	27.955233
72.883027	27.955233
& cycle # 5, chisq = 672971.813216, e = 41.681912
