SP,ST,ET,LB,LMin,LMax,LMean,LSD,UMin,UMax,UMean,USD
0,2024-03-09T10:57:49,0.008966666666666668,0.5,20.000000005065885,20.000000005065885,20.000000005065885,0,19.999680236057078,20.000015889418837,19.99995810997101,8.36578356855294e-05
100,2024-03-09T11:02:27,0.06953333333333332,0.5,19.964824637287165,20.003478430405362,19.98533609650429,0.012900402103695799,19.938986899562153,24.082363410909778,21.654551050773705,1.3834371045971054
600,2024-03-09T11:07:27,67.0096,0.5,7.42382324472419,472.04443302226946,343.2274724085848,137.7717584361555,472.13529609070065,478.1210212109472,473.396168368048,1.121755021659815
650,2024-03-09T12:37:32,23.014400000000002,0.5,471.83589966909494,511.8801360401891,500.85947016099954,9.315567188323774,511.9253436259493,515.426303218979,513.8591009480057,0.8965425908778567
700,2024-03-09T13:22:32,23.177,0.5,513.7457491814275,554.0265644931785,544.1127058642562,9.482247375697112,554.0713993964687,557.9781231811985,556.5534975101203,0.9503331471218427
750,2024-03-09T14:07:32,20.290333333333333,0.5,555.9094539904618,598.8792413592786,587.3931787127029,10.585399164330862,598.9141826447172,601.7609981809981,600.8546991705399,0.81006295209978
800,2024-03-09T14:42:32,16.5508,0.5,599.7930908957496,642.23792778578,630.471758769652,11.537694169781764,642.2679248898091,647.1409507258612,645.1017308014681,1.4539527634459397
850,2024-03-09T15:12:32,16.772000000000002,0.5,642.7385403185035,690.6599102317309,678.1672253808414,12.252352541958391,690.6899410585658,693.6343900351281,692.6045479359744,0.8618707097152254
900,2024-03-09T15:42:32,15.4456,0.5,691.8084896651562,737.9045566811305,727.1205664660633,11.512944177094996,737.9343980543159,740.9726512362524,739.9120596590675,0.8555005206316745
950,2024-03-09T16:12:32,15.736166666666666,0.5,739.7254011696205,788.7817327709059,777.5188942571739,11.699320355725485,788.8116573606039,791.5319832358755,790.3019394006038,0.7409209870244867
1000,2024-03-09T16:42:32,13.233833333333333,0.5,788.3795345601393,836.9870874014978,826.21111527637,11.605206518257072,837.0115484442316,840.0040605700096,838.3600021097473,0.8796999829249039
1050,2024-03-09T17:07:02,12.708333333333334,0.5,839.1687789077405,888.949131342458,878.5207417163704,11.525244889895527,887.8602129671816,889.4939605039713,888.7449403994032,0.556566636423174
1100,2024-03-09T17:32:32,11.661399999999999,0.5,889.0035421219654,943.3798147082869,932.1542938988965,12.5523837999865,943.3998378189892,944.2870484596037,943.9108883597013,0.20316417192471567
1150,2024-03-09T17:52:32,10.166,0.5,943.1231495063403,992.4600566315914,983.154248109208,11.71957722086722,992.4800634153064,993.532030970687,993.0608031473705,0.23440667029186502
1200,2024-03-09T18:12:32,9.264533333333333,0.5,990.9290271336213,1041.5146269721977,1031.7013651040636,12.56950379984418,1041.253563947732,1042.5957234017587,1042.3474068422825,0.3019641655560247
1250,2024-03-09T18:32:32,7.872133333333333,0.5,1038.2391262669116,1090.9018923843819,1078.9273676507548,13.412756470534688,1089.9313324045543,1090.9906740125646,1090.5119869234725,0.4049966238938931
1300,2024-03-09T18:42:37,7.2346,0.5,1086.3078510576743,1146.1260194362299,1133.902200379822,14.266432319700844,1145.961689652512,1146.5923757468595,1146.1487780501318,0.13340874653829407
1350,2024-03-09T18:52:37,6.624333333333333,0.5,1142.6349111268646,1199.0232379066567,1187.42003409592,13.606105497631964,1197.758240369291,1199.135228331825,1198.4670436877298,0.5164453884605417
1400,2024-03-09T19:02:37,6.277866666666667,0.5,1195.3169391960837,1250.9978593515466,1240.233313505201,13.38178128625681,1250.8889673780675,1251.1890526732482,1251.0395916773728,0.10322019160305303
1450,2024-03-09T19:12:37,3.693833333333333,0.5,1247.5428325348767,1299.2819102690924,1286.8232661436105,14.170653522301652,1299.291742673236,1301.0420030167177,1300.3207758881747,0.6148609947856384
1500,2024-03-09T19:22:37,5.470866666666667,0.5,1296.1893266704865,1351.0870902441923,1342.0781672065189,12.766072396882679,1350.8917357626801,1352.1504391549465,1351.324806825796,0.4015438217836195
1100,2024-03-09T19:32:37,242.20533333333333,0.5,44.18971360227533,1152.0240404098295,240.03836782885085,256.86257813746613,27.07213078599125,44.05736848900142,34.1300010775617,5.5343532175821855
0,2024-01-02T11:11:47,0.6174999999999999,0.5,18.99999999979431,19.00000000021646,18.999999999966178,1.2017446895698288e-10,18.999999923476558,18.99999999978948,18.999999983035604,2.0441789202559533e-08
100,2024-01-02T11:17:16,0.009966666666666667,0.5,19.016971665050733,19.016971665050733,19.016971665050733,0,18.938987286540222,20.158001611095713,19.236977704280623,0.40294368863475083
600,2024-01-02T11:22:16,68.87616666666666,0.5,14.503312338866953,481.11879114435214,345.8094564776034,154.20998452075054,470.3613948594284,495.677779927355,477.46009610086594,5.416079993896951
700,2024-01-02T12:52:16,23.378333333333334,0.5,470.5389031555387,548.8116337308751,527.4709823452399,21.45672731414372,548.9012786267318,558.528552637601,555.9366841294363,2.3668907040273828
750,2024-01-02T14:22:16,13.128666666666668,0.5,555.6098342873738,595.8186989984446,583.4725719888708,11.459840533027974,595.853860505642,601.7745434876297,598.9787708607762,1.4303366506937545
800,2024-01-02T14:57:16,14.272066666666666,0.5,596.6724070331547,641.2405112185762,628.6717396542017,12.37927888988398,641.270478064377,645.6562793628832,643.779727480472,1.0850418382066065
850,2024-01-02T15:27:16,17.330366666666666,0.5,640.4073432267178,691.3538951868193,679.92322544779,11.585994769698685,691.3837713124746,694.1639821097983,692.8898699086565,0.7994261405726562
900,2024-01-02T15:57:16,8.985000000000001,0.5,687.5071268389584,733.5988585688724,720.7122194874239,12.94504500220578,733.6291204375299,741.7039559907673,737.9212966071261,2.5109183936300683
950,2024-01-02T16:27:16,8.4365,0.5,734.9189410359832,784.9647059999039,772.4765075443937,13.661855902438056,784.9944703226314,789.270333656397,788.1530589715877,1.2281172416888253
1000,2024-01-02T16:57:16,13.580333333333334,0.5,785.0946693210863,838.0563045692517,828.4430685249783,12.328061247948868,838.0781808280238,839.1136455576575,838.872439906662,0.24518912211413416
1100,2024-01-02T17:47:06,14.9916,0.5,899.9994492002879,1121.6629285576312,1029.5516740801168,52.27566633328083,874.3734683945261,1121.6822085262763,1047.9168670931542,72.48227572365789
1150,2024-01-02T18:07:16,10.564666666666666,0.5,935.3479629167123,993.2340502189987,982.6460818927992,14.113819970994495,993.2539825944214,995.6177385508832,994.2288708387384,0.4398036718369417
1200,2024-01-02T18:27:16,4.9077,0.5,990.3931641655508,1042.0175863736426,1028.8439235823012,14.36576489311963,1042.0369656121652,1046.3752527204902,1044.574141175952,1.3711914892365429
1250,2024-01-02T18:47:16,5.880333333333334,0.5,1042.7700544880354,1095.8238113714406,1084.9721109661816,12.970732761156034,1095.8337252642796,1097.2216860039134,1096.4898262759984,0.4497303524154203
1300,2024-01-02T18:57:16,7.3232,0.5,1090.9349827449769,1147.3881156772625,1137.8438471506636,12.297793430053762,1147.3981235677024,1149.3678659084385,1148.1948794617597,0.5780377434839171
1350,2024-01-02T19:07:16,5.780666666666666,0.5,1141.9367486373521,1199.7610316434038,1188.8920846807848,13.670206789212125,1199.7678007083155,1201.1118061909733,1200.1743550880128,0.47043923829428325
1400,2024-01-02T19:17:16,8.845233333333335,0.5,1194.8913774150424,1258.9945297462973,1250.0166249788297,13.176270024577459,1257.6872196615723,1259.0853327069467,1258.7686589549435,0.39559733161077765
1450,2024-01-02T19:27:16,5.510800000000001,0.5,1251.1117543352302,1305.8361939054191,1295.903859517221,13.525906117454328,1305.8461770391743,1309.4084824863598,1307.1738172998455,1.03636566125223
1500,2024-01-02T19:37:16,4.760000000000001,0.5,1302.1028144375887,1359.3292628013878,1348.8113213884858,14.074651347999279,1357.8830220214497,1360.2958512620578,1358.9031841485642,0.7155545531772372
1100,2024-01-02T19:47:16,135.99913333333333,0.5,107.89859740490829,1169.8538186859078,368.3448518167714,271.46965682342886,61.3731421792254,107.55764102959984,80.08736513640466,15.230090907478429
600,2023-12-11T09:42:16,70.756,0.5,17.410952264436144,460.6093284572853,326.63061659804663,149.70197080854587,458.4523743714526,463.1329406886143,460.61786273798555,1.3213695742468186
650,2023-12-11T11:17:17,20.98933333333333,0.5,460.9298035259053,497.2707329415283,485.02726444410547,10.135679625596676,497.30922043403166,501.05438830804667,499.8254447861085,1.094328311503375
700,2023-12-11T11:57:17,16.851,0.5,501.6264341280403,537.0480252959196,525.0485757719476,10.293439672187723,537.0823277532573,541.0616913847587,539.6837577658893,1.1683058551921368
750,2023-12-11T12:32:17,17.238,0.5,541.202408110621,582.0916820447678,569.6046945180557,11.319652457234328,582.1248067060498,585.0240124094414,584.2178259922363,0.8423117663218451
800,2023-12-11T13:07:17,16.0744,0.5,584.6676109465334,627.3936303519866,615.7193508743944,11.42070970683082,627.4219206129627,630.0492341864835,629.2308523859848,0.7504557837825735
850,2023-12-11T13:37:17,15.476799999999999,0.5,629.7876229422327,675.7496847987736,662.8008456816299,12.178442142523094,675.7687082666887,676.2101061343785,676.0877784562354,0.11388174936768468
900,2023-12-11T13:57:22,15.6043,0.5,675.9737753725785,725.0507267652378,712.8651348849908,12.778281645351127,725.0896942387924,727.2673096126994,726.8487916655122,0.4810626981995059
950,2023-12-11T14:37:22,14.390666666666668,0.5,727.0951982801344,775.6333566749895,764.0536641124919,12.424892637324769,775.6619798795691,776.9558786290894,776.4355667099671,0.3747668093458318
1000,2023-12-11T15:07:22,7.4152,0.5,776.9136318753663,829.4873277135436,809.4167941780413,14.826827229425053,824.4580571000315,831.0000792411447,827.0675901569083,1.8768511643810462
1050,2023-12-11T15:17:22,15,0.5,831.1161428728228,887.8925261765913,876.9812572778699,13.195998955925845,887.9222991636047,890.213709544837,888.7710832465403,0.6731000361606861
1100,2023-12-11T15:47:22,10.535233333333334,0.5,890.3244490459765,941.3456418831058,929.180602613338,12.439386894181606,941.3645680127461,942.5762937160266,941.7981976262748,0.3840185368419954
1150,2023-12-11T16:07:22,9.200099999999999,0.5,939.553586663329,993.4446172254093,981.508718783946,13.611513194257345,993.4615187620822,995.1920099792002,994.3876247453537,0.4959418816593421
1200,2023-12-11T16:27:22,9.272,0.5,994.9415718856908,1045.7640081852617,1035.5018551316339,12.506035408529117,1045.7348365205603,1046.34121878005,1046.0639411703987,0.20432449196390512
1250,2023-12-11T16:47:22,10.627566666666667,0.5,1045.682695074327,1097.557929510849,1088.8983665123208,11.427520464231055,1097.518048279611,1098.4985776566589,1097.8887112081522,0.2922891311176964
1300,2023-12-11T17:07:22,2.3192,0.5,1097.9891872140158,1197.1286201149162,1146.662089656278,34.650004469486305,646.5727332959113,1197.1295977094815,1062.6581087256018,152.03459857923994
1350,2023-12-11T17:12:22,8.418666666666667,0.5,1144.8496417632414,1203.7105003628105,1194.5536351565013,12.814145045100991,1203.7241276609166,1204.2386771220758,1203.9645484814569,0.13292907883881844
1400,2023-12-11T17:27:22,2.792533333333333,0.5,1202.627539054156,1252.1054621071607,1237.6150678517201,14.555640173074037,1248.8371572363267,1257.0151534718461,1253.193107670708,2.2958270407389034
1450,2023-12-11T17:37:22,6.4521,0.5,1256.0973850875598,1309.8911690718296,1301.3438365291693,11.606614785625101,1309.901350441563,1310.1608093637058,1310.0100825296588,0.07669947242410757
1500,2023-12-11T17:47:27,3.153833333333333,0.5,1310.127407891996,1357.2280437602974,1346.9091530932096,12.677747135621388,1357.2386473888907,1361.6857009038386,1359.6951492720216,1.237547713505447
1100,2023-12-11T17:58:23,5.476466666666667,0.5,987.1962377997133,1364.8419918196741,1091.599510536161,104.16282692676441,433.002309961259,986.398497592852,670.7011807225372,166.3304463819814
