0.000000	4.585104
0.254595	4.585104
0.254595	5.205009
0.536379	5.205009
0.536379	5.518508
0.720792	5.518508
0.720792	5.834779
1.085492	5.834779
1.085492	6.200946
1.427608	6.200946
1.427608	6.493218
1.702075	6.493218
1.702075	6.889634
2.341139	6.889634
2.341139	7.381856
2.943385	7.381856
2.943385	7.779550
3.441831	7.779550
3.441831	8.307304
4.571338	8.307304
4.571338	8.929701
5.616990	8.929701
5.616990	9.406672
6.494591	9.406672
6.494591	9.985952
8.428914	9.985952
8.428914	10.586188
10.216003	10.586188
10.216003	10.967101
11.736313	10.967101
11.736313	11.299022
14.994584	11.299022
14.994584	11.542891
17.810392	11.542891
17.810392	11.705914
20.026859	11.705914
20.026859	11.990540
23.815454	11.990540
23.815454	12.566358
26.156730	12.566358
26.156730	13.372563
27.593010	13.372563
27.593010	14.949742
29.522838	14.949742
29.522838	16.992745
30.716636	16.992745
30.716636	17.912411
31.656605	17.912411
31.656605	18.376460
33.438682	18.376460
33.438682	18.662261
34.962225	18.662261
34.962225	18.823888
36.305685	18.823888
36.305685	18.968732
38.901425	18.968732
38.901425	19.079046
41.116447	19.079046
41.116447	19.142909
43.006851	19.142909
43.006851	19.216895
46.172573	19.216895
46.172573	19.319743
48.566723	19.319743
48.566723	19.435785
50.420646	19.435785
50.420646	19.631109
52.996973	19.631109
52.996973	19.943605
54.754325	19.943605
54.754325	20.277158
56.034534	20.277158
56.034534	20.686819
57.780312	20.686819
57.780312	21.073901
59.134109	21.073901
59.134109	21.297389
60.301923	21.297389
60.301923	21.465355
62.085281	21.465355
62.085281	21.597233
63.667979	21.597233
63.667979	21.686711
65.112891	21.686711
& cycle # 1, chisq = 329142.684094, e = 40.085320
0.000000	0.875102
0.254595	0.875102
0.254595	1.725392
0.536379	1.725392
0.536379	2.224974
0.720792	2.224974
0.720792	2.734710
1.085492	2.734710
1.085492	3.326077
1.427608	3.326077
1.427608	3.797401
1.702075	3.797401
1.702075	4.434044
2.341139	4.434044
2.341139	5.220054
2.943385	5.220054
2.943385	5.850964
3.441831	5.850964
3.441831	6.681907
4.571338	6.681907
4.571338	7.654007
5.616990	7.654007
5.616990	8.392863
6.494591	8.392863
6.494591	9.282482
8.428914	9.282482
8.428914	10.195768
10.216003	10.195768
10.216003	10.768439
11.736313	10.768439
11.736313	11.255235
14.994584	11.255235
14.994584	11.591426
17.810392	11.591426
17.810392	11.795501
20.026859	11.795501
20.026859	12.134215
23.815454	12.134215
23.815454	12.807518
26.156730	12.807518
26.156730	13.741478
27.593010	13.741478
27.593010	15.551436
29.522838	15.551436
29.522838	17.863456
30.716636	17.863456
30.716636	18.871464
31.656605	18.871464
31.656605	19.342475
33.438682	19.342475
33.438682	19.607790
34.962225	19.607790
34.962225	19.750428
36.305685	19.750428
36.305685	19.873021
38.901425	19.873021
38.901425	19.959678
41.116447	19.959678
41.116447	20.003326
43.006851	20.003326
43.006851	20.046673
46.172573	20.046673
46.172573	20.101725
48.566723	20.101725
48.566723	20.161340
50.420646	20.161340
50.420646	20.259413
52.996973	20.259413
52.996973	20.413509
54.754325	20.413509
54.754325	20.575005
56.034534	20.575005
56.034534	20.768619
57.780312	20.768619
57.780312	20.945057
59.134109	20.945057
59.134109	21.041026
60.301923	21.041026
60.301923	21.107463
62.085281	21.107463
62.085281	21.155587
63.667979	21.155587
63.667979	21.186413
65.112891	21.186413
& cycle # 2, chisq = 308165.440245, e = 40.085320
0.000000	4.936615
0.254595	4.936615
0.254595	5.575253
0.536379	5.575253
0.536379	5.878151
0.720792	5.878151
0.720792	6.174118
1.085492	6.174118
1.085492	6.510574
1.427608	6.510574
1.427608	6.775992
1.702075	6.775992
1.702075	7.133582
2.341139	7.133582
2.341139	7.576697
2.943385	7.576697
2.943385	7.935444
3.441831	7.935444
3.441831	8.414686
4.571338	8.414686
4.571338	8.985694
5.616990	8.985694
5.616990	9.428824
6.494591	9.428824
6.494591	9.974721
8.428914	9.974721
8.428914	10.548389
10.216003	10.548389
10.216003	10.917845
11.736313	10.917845
11.736313	11.247332
14.994584	11.247332
14.994584	11.501178
17.810392	11.501178
17.810392	11.681090
20.026859	11.681090
20.026859	12.001696
23.815454	12.001696
23.815454	12.651418
26.156730	12.651418
26.156730	13.559010
27.593010	13.559010
27.593010	15.325710
29.522838	15.325710
29.522838	17.593791
30.716636	17.593791
30.716636	18.592392
31.656605	18.592392
31.656605	19.068358
33.438682	19.068358
33.438682	19.340966
34.962225	19.340966
34.962225	19.487609
36.305685	19.487609
36.305685	19.612524
38.901425	19.612524
38.901425	19.698989
41.116447	19.698989
41.116447	19.740602
43.006851	19.740602
43.006851	19.779522
46.172573	19.779522
46.172573	19.827034
48.566723	19.827034
48.566723	19.877577
50.420646	19.877577
50.420646	19.960018
52.996973	19.960018
52.996973	20.088818
54.754325	20.088818
54.754325	20.223127
56.034534	20.223127
56.034534	20.383163
57.780312	20.383163
57.780312	20.527695
59.134109	20.527695
59.134109	20.605127
60.301923	20.605127
60.301923	20.657574
62.085281	20.657574
62.085281	20.694725
63.667979	20.694725
63.667979	20.718150
65.112891	20.718150
& cycle # 3, chisq = 318367.627704, e = 40.085320
0.000000	4.826107
0.254595	4.826107
0.254595	5.450412
0.536379	5.450412
0.536379	5.751420
0.720792	5.751420
0.720792	6.049450
1.085492	6.049450
1.085492	6.391090
1.427608	6.391090
1.427608	6.662293
1.702075	6.662293
1.702075	7.029529
2.341139	7.029529
2.341139	7.486401
2.943385	7.486401
2.943385	7.857392
3.441831	7.857392
3.441831	8.354035
4.571338	8.354035
4.571338	8.946542
5.616990	8.946542
5.616990	9.406641
6.494591	9.406641
6.494591	9.973398
8.428914	9.973398
8.428914	10.568495
10.216003	10.568495
10.216003	10.950983
11.736313	10.950983
11.736313	11.290263
14.994584	11.290263
14.994584	11.548300
17.810392	11.548300
17.810392	11.728041
20.026859	11.728041
20.026859	12.045829
23.815454	12.045829
23.815454	12.688474
26.156730	12.688474
26.156730	13.585778
27.593010	13.585778
27.593010	15.333036
29.522838	15.333036
29.522838	17.578718
30.716636	17.578718
30.716636	18.571023
31.656605	18.571023
31.656605	19.049531
33.438682	19.049531
33.438682	19.328890
34.962225	19.328890
34.962225	19.481878
36.305685	19.481878
36.305685	19.615184
38.901425	19.615184
38.901425	19.711805
41.116447	19.711805
41.116447	19.762980
43.006851	19.762980
43.006851	19.817011
46.172573	19.817011
46.172573	19.888355
48.566723	19.888355
48.566723	19.967066
50.420646	19.967066
50.420646	20.097969
52.996973	20.097969
52.996973	20.305491
54.754325	20.305491
54.754325	20.525021
56.034534	20.525021
56.034534	20.791592
57.780312	20.791592
57.780312	21.039402
59.134109	21.039402
59.134109	21.178932
60.301923	21.178932
60.301923	21.280639
62.085281	21.280639
62.085281	21.358640
63.667979	21.358640
63.667979	21.411141
65.112891	21.411141
& cycle # 4, chisq = 319462.020729, e = 40.085320
0.000000	6.096398
0.254595	6.096398
0.254595	6.802712
0.536379	6.802712
0.536379	7.099194
0.720792	7.099194
0.720792	7.369809
1.085492	7.369809
1.085492	7.663536
1.427608	7.663536
1.427608	7.886798
1.702075	7.886798
1.702075	8.177947
2.341139	8.177947
2.341139	8.528578
2.943385	8.528578
2.943385	8.805492
3.441831	8.805492
3.441831	9.167327
4.571338	9.167327
4.571338	9.590381
5.616990	9.590381
5.616990	9.913646
6.494591	9.913646
6.494591	10.307417
8.428914	10.307417
8.428914	10.718985
10.216003	10.718985
10.216003	10.984725
11.736313	10.984725
11.736313	11.226379
14.994584	11.226379
14.994584	11.422531
17.810392	11.422531
17.810392	11.571990
20.026859	11.571990
20.026859	11.849664
23.815454	11.849664
23.815454	12.425467
26.156730	12.425467
26.156730	13.245432
27.593010	13.245432
27.593010	14.884034
29.522838	14.884034
29.522838	17.079323
30.716636	17.079323
30.716636	18.145352
31.656605	18.145352
31.656605	18.776207
33.438682	18.776207
33.438682	19.225384
34.962225	19.225384
34.962225	19.492836
36.305685	19.492836
36.305685	19.731271
38.901425	19.731271
38.901425	19.903880
41.116447	19.903880
41.116447	19.992406
43.006851	19.992406
43.006851	20.079948
46.172573	20.079948
46.172573	20.188663
48.566723	20.188663
48.566723	20.303822
50.420646	20.303822
50.420646	20.490025
52.996973	20.490025
52.996973	20.778327
54.754325	20.778327
54.754325	21.075980
56.034534	21.075980
56.034534	21.425870
57.780312	21.425870
57.780312	21.735296
59.134109	21.735296
59.134109	21.895069
60.301923	21.895069
60.301923	21.997361
62.085281	21.997361
62.085281	22.065504
63.667979	22.065504
63.667979	22.106617
65.112891	22.106617
& cycle # 5, chisq = 331240.687983, e = 40.085320
0.000000	4.930058
0.244580	4.930058
0.244580	5.512595
0.520062	5.512595
0.520062	5.802260
0.699763	5.802260
0.699763	6.095268
1.058304	6.095268
1.058304	6.435647
1.394702	6.435647
1.394702	6.707484
1.664222	6.707484
1.664222	7.079095
2.298024	7.079095
2.298024	7.542837
2.895077	7.542837
2.895077	7.918206
3.388529	7.918206
3.388529	8.420668
4.517284	8.420668
4.517284	9.016405
5.561381	9.016405
5.561381	9.473648
6.436463	9.473648
6.436463	10.032852
8.382617	10.032852
8.382617	10.613643
10.178999	10.613643
10.178999	10.981823
11.704733	10.981823
11.704733	11.308982
14.997528	11.308982
14.997528	11.562407
17.827131	11.562407
17.827131	11.739763
20.041387	11.739763
20.041387	12.046719
23.833305	12.046719
23.833305	12.650969
26.158737	12.650969
26.158737	13.464621
27.584053	13.464621
27.584053	14.994967
29.525365	14.994967
29.525365	16.938952
30.726395	16.938952
30.726395	17.844839
31.664492	17.844839
31.664492	18.329841
33.444510	18.329841
33.444510	18.620828
34.960538	18.620828
34.960538	18.779038
36.295802	18.779038
36.295802	18.920763
38.895638	18.920763
38.895638	19.029015
41.110818	19.029015
41.110818	19.091739
42.999416	19.091739
42.999416	19.165017
46.181325	19.165017
46.181325	19.267668
48.579174	19.267668
48.579174	19.383941
50.430230	19.383941
50.430230	19.581130
53.009374	19.581130
53.009374	19.898224
54.758882	19.898224
54.758882	20.235839
56.030110	20.235839
56.030110	20.648463
57.774537	20.648463
57.774537	21.034327
59.129071	21.034327
59.129071	21.254959
60.299308	21.254959
60.299308	21.422053
62.098255	21.422053
62.098255	21.554991
63.693852	21.554991
63.693852	21.645829
65.149543	21.645829
& cycle # 1, chisq = 333148.990499, e = 40.543190
0.000000	0.991528
0.244580	0.991528
0.244580	1.995653
0.520062	1.995653
0.520062	2.568519
0.699763	2.568519
0.699763	3.128344
1.058304	3.128344
1.058304	3.755315
1.394702	3.755315
1.394702	4.238367
1.664222	4.238367
1.664222	4.874989
2.298024	4.874989
2.298024	5.642287
2.895077	5.642287
2.895077	6.244057
3.388529	6.244057
3.388529	7.026634
4.517284	7.026634
4.517284	7.931374
5.561381	7.931374
5.561381	8.610922
6.436463	8.610922
6.436463	9.426758
8.382617	9.426758
8.382617	10.260609
10.178999	10.260609
10.178999	10.780673
11.704733	10.780673
11.704733	11.230887
14.997528	11.230887
14.997528	11.561216
17.827131	11.561216
17.827131	11.776199
20.041387	11.776199
20.041387	12.134734
23.833305	12.134734
23.833305	12.830457
26.158737	12.830457
26.158737	13.758918
27.584053	13.758918
27.584053	15.488862
29.525365	15.488862
29.525365	17.660431
30.726395	17.660431
30.726395	18.650634
31.664492	18.650634
31.664492	19.158423
33.444510	19.158423
33.444510	19.447374
34.960538	19.447374
34.960538	19.598674
36.295802	19.598674
36.295802	19.729640
38.895638	19.729640
38.895638	19.823574
41.110818	19.823574
41.110818	19.871965
42.999416	19.871965
42.999416	19.921686
46.181325	19.921686
46.181325	19.986329
48.579174	19.986329
48.579174	20.057077
50.430230	20.057077
50.430230	20.174695
53.009374	20.174695
53.009374	20.360789
54.758882	20.360789
54.758882	20.555627
56.030110	20.555627
56.030110	20.788479
57.774537	20.788479
57.774537	20.999021
59.129071	20.999021
59.129071	21.112958
60.299308	21.112958
60.299308	21.193150
62.098255	21.193150
62.098255	21.252719
63.693852	21.252719
63.693852	21.291493
65.149543	21.291493
& cycle # 2, chisq = 313341.248001, e = 40.543190
0.000000	4.711565
0.244580	4.711565
0.244580	5.355676
0.520062	5.355676
0.520062	5.664300
0.699763	5.664300
0.699763	5.966927
1.058304	5.966927
1.058304	6.312025
1.394702	6.312025
1.394702	6.584131
1.664222	6.584131
1.664222	6.952859
2.298024	6.952859
2.298024	7.410630
2.895077	7.410630
2.895077	7.780403
3.388529	7.780403
3.388529	8.275969
4.517284	8.275969
4.517284	8.865824
5.561381	8.865824
5.561381	9.321208
6.436463	9.321208
6.436463	9.882409
8.382617	9.882409
8.382617	10.470389
10.178999	10.470389
10.178999	10.847227
11.704733	10.847227
11.704733	11.188659
14.997528	11.188659
14.997528	11.463277
17.827131	11.463277
17.827131	11.663832
20.041387	11.663832
20.041387	12.016226
23.833305	12.016226
23.833305	12.710403
26.158737	12.710403
26.158737	13.642458
27.584053	13.642458
27.584053	15.386052
29.525365	15.386052
29.525365	17.581317
30.726395	17.581317
30.726395	18.584366
31.664492	18.584366
31.664492	19.097182
33.444510	19.097182
33.444510	19.385692
34.960538	19.385692
34.960538	19.534643
36.295802	19.534643
36.295802	19.661459
38.895638	19.661459
38.895638	19.749591
41.110818	19.749591
41.110818	19.792142
42.999416	19.792142
42.999416	19.832433
46.181325	19.832433
46.181325	19.882187
48.579174	19.882187
48.579174	19.935434
50.430230	19.935434
50.430230	20.023019
53.009374	20.023019
53.009374	20.160599
54.758882	20.160599
54.758882	20.303713
56.030110	20.303713
56.030110	20.473385
57.774537	20.473385
57.774537	20.624997
59.129071	20.624997
59.129071	20.705437
60.299308	20.705437
60.299308	20.760519
62.098255	20.760519
62.098255	20.800359
63.693852	20.800359
63.693852	20.825816
65.149543	20.825816
& cycle # 3, chisq = 319158.724742, e = 40.543190
0.000000	4.971061
0.244580	4.971061
0.244580	5.582370
0.520062	5.582370
0.520062	5.872800
0.699763	5.872800
0.699763	6.158908
1.058304	6.158908
1.058304	6.486069
1.394702	6.486069
1.394702	6.744572
1.664222	6.744572
1.664222	7.095538
2.298024	7.095538
2.298024	7.532098
2.895077	7.532098
2.895077	7.885470
3.388529	7.885470
3.388529	8.360270
4.517284	8.360270
4.517284	8.927134
5.561381	8.927134
5.561381	9.366252
6.436463	9.366252
6.436463	9.909373
8.382617	9.909373
8.382617	10.480346
10.178999	10.480346
10.178999	10.847448
11.704733	10.847448
11.704733	11.181323
14.997528	11.181323
14.997528	11.451314
17.827131	11.451314
17.827131	11.649359
20.041387	11.649359
20.041387	11.997449
23.833305	11.997449
23.833305	12.682613
26.158737	12.682613
26.158737	13.602015
27.584053	13.602015
27.584053	15.321627
29.525365	15.321627
29.525365	17.488158
30.726395	17.488158
30.726395	18.481247
31.664492	18.481247
31.664492	18.994682
33.444510	18.994682
33.444510	19.289493
34.960538	19.289493
34.960538	19.444992
36.295802	19.444992
36.295802	19.580906
38.895638	19.580906
38.895638	19.680463
41.110818	19.680463
41.110818	19.734018
42.999416	19.734018
42.999416	19.791993
46.181325	19.791993
46.181325	19.869909
48.579174	19.869909
48.579174	19.956594
50.430230	19.956594
50.430230	20.102183
53.009374	20.102183
53.009374	20.334560
54.758882	20.334560
54.758882	20.580171
56.030110	20.580171
56.030110	20.877587
57.774537	20.877587
57.774537	21.152113
59.129071	21.152113
59.129071	21.306058
60.299308	21.306058
60.299308	21.420135
62.098255	21.420135
62.098255	21.509651
63.693852	21.509651
63.693852	21.570757
65.149543	21.570757
& cycle # 4, chisq = 323313.788673, e = 40.543190
0.000000	3.791730
0.244580	3.791730
0.244580	4.938649
0.520062	4.938649
0.520062	5.433612
0.699763	5.433612
0.699763	5.860962
1.058304	5.860962
1.058304	6.308893
1.394702	6.308893
1.394702	6.639583
1.664222	6.639583
1.664222	7.063386
2.298024	7.063386
2.298024	7.565071
2.895077	7.565071
2.895077	7.954145
3.388529	7.954145
3.388529	8.457135
4.517284	8.457135
4.517284	9.037457
5.561381	9.037457
5.561381	9.473742
6.436463	9.473742
6.436463	9.999833
8.382617	9.999833
8.382617	10.542202
10.178999	10.542202
10.178999	10.885996
11.704733	10.885996
11.704733	11.195426
14.997528	11.195426
14.997528	11.443698
17.827131	11.443698
17.827131	11.626157
20.041387	11.626157
20.041387	11.950921
23.833305	11.950921
23.833305	12.599140
26.158737	12.599140
26.158737	13.481099
27.584053	13.481099
27.584053	15.160476
29.525365	15.160476
29.525365	17.330777
30.726395	17.330777
30.726395	18.377139
31.664492	18.377139
31.664492	18.976739
33.444510	18.976739
33.444510	19.363771
34.960538	19.363771
34.960538	19.581283
36.295802	19.581283
36.295802	19.775272
38.895638	19.775272
38.895638	19.918059
41.110818	19.918059
41.110818	19.993865
42.999416	19.993865
42.999416	20.072967
46.181325	20.072967
46.181325	20.175204
48.579174	20.175204
48.579174	20.285708
50.430230	20.285708
50.430230	20.467149
53.009374	20.467149
53.009374	20.750764
54.758882	20.750764
54.758882	21.043753
56.030110	21.043753
56.030110	21.387508
57.774537	21.387508
57.774537	21.689561
59.129071	21.689561
59.129071	21.845111
60.299308	21.845111
60.299308	21.946977
62.098255	21.946977
62.098255	22.017288
63.693852	22.017288
63.693852	22.060711
65.149543	22.060711
& cycle # 5, chisq = 328150.608923, e = 40.543190
0.000000	4.059325
0.268522	4.059325
0.268522	4.743484
0.559168	4.743484
0.559168	5.096549
0.750174	5.096549
0.750174	5.450596
1.123700	5.450596
1.123700	5.858484
1.474015	5.858484
1.474015	6.184001
1.755537	6.184001
1.755537	6.621880
2.402829	6.621880
2.402829	7.163571
3.013127	7.163571
3.013127	7.601679
3.519146	7.601679
3.519146	8.179021
4.652207	8.179021
4.652207	8.858024
5.702238	8.858024
5.702238	9.379241
6.585073	9.379241
6.585073	10.008236
8.508900	10.008236
8.508900	10.658222
10.288260	10.658222
10.288260	11.071443
11.804568	11.071443
11.804568	11.431002
15.018169	11.431002
15.018169	11.697541
17.801537	11.697541
17.801537	11.876784
20.000596	11.876784
20.000596	12.183862
23.744987	12.183862
23.744987	12.791718
26.094511	12.791718
26.094511	13.629968
27.556064	13.629968
27.556064	15.250342
29.524471	15.250342
29.524471	17.379831
30.744756	17.379831
30.744756	18.383630
31.699979	18.383630
31.699979	18.886506
33.486526	18.886506
33.486526	19.177206
35.015931	19.177206
35.015931	19.335540
36.366199	19.335540
36.366199	19.473440
38.949035	19.473440
38.949035	19.574714
41.156013	19.574714
41.156013	19.630132
43.040946	19.630132
43.040946	19.689881
46.171484	19.689881
46.171484	19.768931
48.548916	19.768931
48.548916	19.855710
50.397531	19.855710
50.397531	19.997967
52.960758	19.997967
52.960758	20.220228
54.726081	20.220228
54.726081	20.453764
56.020293	20.453764
56.020293	20.736200
57.777232	20.736200
57.777232	20.999663
59.140276	20.999663
59.140276	21.148254
60.313538	21.148254
60.313538	21.253614
62.085813	21.253614
62.085813	21.332335
63.650371	21.332335
63.650371	21.387231
65.066531	21.387231
& cycle # 1, chisq = 311665.635435, e = 39.504840
0.000000	0.938640
0.268522	0.938640
0.268522	1.766291
0.559168	1.766291
0.559168	2.249440
0.750174	2.249440
0.750174	2.742210
1.123700	2.742210
1.123700	3.314763
1.474015	3.314763
1.474015	3.774191
1.755537	3.774191
1.755537	4.394687
2.402829	4.394687
2.402829	5.164818
3.013127	5.164818
3.013127	5.789567
3.519146	5.789567
3.519146	6.615475
4.652207	6.615475
4.652207	7.589884
5.702238	7.589884
5.702238	8.339965
6.585073	8.339965
6.585073	9.246529
8.508900	9.246529
8.508900	10.181935
10.288260	10.181935
10.288260	10.772306
11.804568	10.772306
11.804568	11.274143
15.018169	11.274143
15.018169	11.623588
17.801537	11.623588
17.801537	11.836295
20.000596	11.836295
20.000596	12.180843
23.744987	12.180843
23.744987	12.849018
26.094511	12.849018
26.094511	13.761009
27.556064	13.761009
27.556064	15.507694
29.524471	15.507694
29.524471	17.774304
30.744756	17.774304
30.744756	18.814064
31.699979	18.814064
31.699979	19.302284
33.486526	19.302284
33.486526	19.562639
35.015931	19.562639
35.015931	19.698556
36.366199	19.698556
36.366199	19.814179
38.949035	19.814179
38.949035	19.896071
41.156013	19.896071
41.156013	19.938012
43.040946	19.938012
43.040946	19.979989
46.171484	19.979989
46.171484	20.033095
48.548916	20.033095
48.548916	20.090210
50.397531	20.090210
50.397531	20.182794
52.960758	20.182794
52.960758	20.326186
54.726081	20.326186
54.726081	20.475532
56.020293	20.475532
56.020293	20.654068
57.777232	20.654068
57.777232	20.817664
59.140276	20.817664
59.140276	20.907042
60.313538	20.907042
60.313538	20.967122
62.085813	20.967122
62.085813	21.008917
63.650371	21.008917
63.650371	21.036114
65.066531	21.036114
& cycle # 2, chisq = 298889.794603, e = 39.504840
0.000000	4.956864
0.268522	4.956864
0.268522	5.604564
0.559168	5.604564
0.559168	5.911067
0.750174	5.911067
0.750174	6.210457
1.123700	6.210457
1.123700	6.550267
1.474015	6.550267
1.474015	6.818911
1.755537	6.818911
1.755537	7.178478
2.402829	7.178478
2.402829	7.622888
3.013127	7.622888
3.013127	7.983286
3.519146	7.983286
3.519146	8.461484
4.652207	8.461484
4.652207	9.029608
5.702238	9.029608
5.702238	9.471078
6.585073	9.471078
6.585073	10.011214
8.508900	10.011214
8.508900	10.577127
10.288260	10.577127
10.288260	10.942332
11.804568	10.942332
11.804568	11.268048
15.018169	11.268048
15.018169	11.522053
17.801537	11.522053
17.801537	11.703949
20.000596	11.703949
20.000596	12.023296
23.744987	12.023296
23.744987	12.658212
26.094511	12.658212
26.094511	13.533642
27.556064	13.533642
27.556064	15.222191
29.524471	15.222191
29.524471	17.431580
30.744756	17.431580
30.744756	18.461783
31.699979	18.461783
31.699979	18.963092
33.486526	18.963092
33.486526	19.241016
35.015931	19.241016
35.015931	19.387783
36.366199	19.387783
36.366199	19.511825
38.949035	19.511825
38.949035	19.597947
41.156013	19.597947
41.156013	19.640159
43.040946	19.640159
43.040946	19.680055
46.171484	19.680055
46.171484	19.728624
48.548916	19.728624
48.548916	19.779924
50.397531	19.779924
50.397531	19.862334
52.960758	19.862334
52.960758	19.989196
54.726081	19.989196
54.726081	20.120632
56.020293	20.120632
56.020293	20.276792
57.777232	20.276792
57.777232	20.418645
59.140276	20.418645
59.140276	20.495027
60.313538	20.495027
60.313538	20.545210
62.085813	20.545210
62.085813	20.579119
63.650371	20.579119
63.650371	20.600611
65.066531	20.600611
& cycle # 3, chisq = 312377.299759, e = 39.504840
0.000000	5.444683
0.268522	5.444683
0.268522	6.113986
0.559168	6.113986
0.559168	6.419376
0.750174	6.419376
0.750174	6.710808
1.123700	6.710808
1.123700	7.035809
1.474015	7.035809
1.474015	7.288855
1.755537	7.288855
1.755537	7.622667
2.402829	7.622667
2.402829	8.029664
3.013127	8.029664
3.013127	8.355596
3.519146	8.355596
3.519146	8.782920
4.652207	8.782920
4.652207	9.285164
5.702238	9.285164
5.702238	9.671869
6.585073	9.671869
6.585073	10.141748
8.508900	10.141748
8.508900	10.632405
10.288260	10.632405
10.288260	10.949554
11.804568	10.949554
11.804568	11.235776
15.018169	11.235776
15.018169	11.465929
17.801537	11.465929
17.801537	11.637678
20.000596	11.637678
20.000596	11.945874
23.744987	11.945874
23.744987	12.564544
26.094511	12.564544
26.094511	13.422983
27.556064	13.422983
27.556064	15.090825
29.524471	15.090825
29.524471	17.297344
30.744756	17.297344
30.744756	18.351957
31.699979	18.351957
31.699979	18.896691
33.486526	18.896691
33.486526	19.222293
35.015931	19.222293
35.015931	19.402216
36.366199	19.402216
36.366199	19.559616
38.949035	19.559616
38.949035	19.675636
41.156013	19.675636
41.156013	19.739416
43.040946	19.739416
43.040946	19.808442
46.171484	19.808442
46.171484	19.899915
48.548916	19.899915
48.548916	20.000401
50.397531	20.000401
50.397531	20.165235
52.960758	20.165235
52.960758	20.423004
54.726081	20.423004
54.726081	20.694198
56.020293	20.694198
56.020293	21.022891
57.777232	21.022891
57.777232	21.330717
59.140276	21.330717
59.140276	21.505717
60.313538	21.505717
60.313538	21.631651
62.085813	21.631651
62.085813	21.727765
63.650371	21.727765
63.650371	21.796262
65.066531	21.796262
& cycle # 4, chisq = 319725.416684, e = 39.504840
0.000000	5.591889
0.268522	5.591889
0.268522	6.377531
0.559168	6.377531
0.559168	6.709634
0.750174	6.709634
0.750174	7.009606
1.123700	7.009606
1.123700	7.332992
1.474015	7.332992
1.474015	7.578578
1.755537	7.578578
1.755537	7.896248
2.402829	7.896248
2.402829	8.277630
3.013127	8.277630
3.013127	8.579398
3.519146	8.579398
3.519146	8.971411
4.652207	8.971411
4.652207	9.429079
5.702238	9.429079
5.702238	9.779867
6.585073	9.779867
6.585073	10.205130
8.508900	10.205130
8.508900	10.649277
10.288260	10.649277
10.288260	10.937381
11.804568	10.937381
11.804568	11.200360
15.018169	11.200360
15.018169	11.417405
17.801537	11.417405
17.801537	11.584620
20.000596	11.584620
20.000596	11.889426
23.744987	11.889426
23.744987	12.505653
26.094511	12.505653
26.094511	13.365197
27.556064	13.365197
27.556064	15.046495
29.524471	15.046495
29.524471	17.294984
30.744756	17.294984
30.744756	18.396286
31.699979	18.396286
31.699979	18.998288
33.486526	18.998288
33.486526	19.381968
35.015931	19.381968
35.015931	19.600812
36.366199	19.600812
36.366199	19.794398
38.949035	19.794398
38.949035	19.937574
41.156013	19.937574
41.156013	20.015609
43.040946	20.015609
43.040946	20.097895
46.171484	20.097895
46.171484	20.203795
48.548916	20.203795
48.548916	20.317472
50.397531	20.317472
50.397531	20.500441
52.960758	20.500441
52.960758	20.781499
54.726081	20.781499
54.726081	21.071460
56.020293	21.071460
56.020293	21.413650
57.777232	21.413650
57.777232	21.721137
59.140276	21.721137
59.140276	21.883469
60.313538	21.883469
60.313538	21.986519
62.085813	21.986519
62.085813	22.052820
63.650371	22.052820
63.650371	22.092780
65.066531	22.092780
& cycle # 5, chisq = 324507.735885, e = 39.504840
0.000000	4.336029
0.261713	4.336029
0.261713	4.980826
0.548047	4.980826
0.548047	5.311121
0.735842	5.311121
0.735842	5.643842
1.105076	5.643842
1.105076	6.028408
1.451405	6.028408
1.451405	6.335475
1.729495	6.335475
1.729495	6.750192
2.372784	6.750192
2.372784	7.263954
2.979165	7.263954
2.979165	7.678962
3.481501	7.678962
3.481501	8.227072
4.612798	8.227072
4.612798	8.871652
5.660670	8.871652
5.660670	9.365299
6.540941	9.365299
6.540941	9.961905
8.469724	9.961905
8.469724	10.578263
10.252720	10.578263
10.252720	10.969089
11.770888	10.969089
11.770888	11.308361
15.005857	11.308361
15.005857	11.557169
17.804927	11.557169
17.804927	11.722710
20.012608	11.722710
20.012608	12.008344
23.779003	12.008344
23.779003	12.580037
26.125199	12.580037
26.125199	13.375063
27.574812	13.375063
27.574812	14.923654
29.524142	14.923654
29.524142	16.950802
30.730506	16.950802
30.730506	17.889720
31.677260	17.889720
31.677260	18.366034
33.459582	18.366034
33.459582	18.654357
34.984434	18.654357
34.984434	18.816950
36.329965	18.816950
36.329965	18.963652
38.916782	18.963652
38.916782	19.077547
41.126883	19.077547
41.126883	19.145786
43.014958	19.145786
43.014958	19.226931
46.165804	19.226931
46.165804	19.340845
48.555899	19.340845
48.555899	19.469655
50.411590	19.469655
50.411590	19.685502
52.987699	19.685502
52.987699	20.029032
54.752533	20.029032
54.752533	20.394951
56.040824	20.394951
56.040824	20.842346
57.790529	20.842346
57.790529	21.260842
59.145837	21.260842
59.145837	21.494717
60.313097	21.494717
60.313097	21.656802
62.084664	21.656802
62.084664	21.771197
63.649854	21.771197
63.649854	21.843291
65.067334	21.843291
& cycle # 1, chisq = 326338.841511, e = 39.784169
0.000000	0.838262
0.261713	0.838262
0.261713	1.633255
0.548047	1.633255
0.548047	2.101378
0.735842	2.101378
0.735842	2.583806
1.105076	2.583806
1.105076	3.148882
1.451405	3.148882
1.451405	3.604605
1.729495	3.604605
1.729495	4.225531
2.372784	4.225531
2.372784	5.001110
2.979165	5.001110
2.979165	5.632608
3.481501	5.632608
3.481501	6.473498
4.612798	6.473498
4.612798	7.470193
5.660670	7.470193
5.660670	8.238841
6.540941	8.238841
6.540941	9.172437
8.469724	9.172437
8.469724	10.137963
10.252720	10.137963
10.252720	10.746818
11.770888	10.746818
11.770888	11.263526
15.005857	11.263526
15.005857	11.618816
17.804927	11.618816
17.804927	11.831114
20.012608	11.831114
20.012608	12.175099
23.779003	12.175099
23.779003	12.847222
26.125199	12.847222
26.125199	13.770108
27.574812	13.770108
27.574812	15.545985
29.524142	15.545985
29.524142	17.830499
30.730506	17.830499
30.730506	18.848209
31.677260	18.848209
31.677260	19.317854
33.459582	19.317854
33.459582	19.570708
34.984434	19.570708
34.984434	19.703881
36.329965	19.703881
36.329965	19.817637
38.916782	19.817637
38.916782	19.897805
41.126883	19.897805
41.126883	19.938065
43.014958	19.938065
43.014958	19.977654
46.165804	19.977654
46.165804	20.027483
48.555899	20.027483
48.555899	20.081171
50.411590	20.081171
50.411590	20.168891
52.987699	20.168891
52.987699	20.305957
54.752533	20.305957
54.752533	20.449457
56.040824	20.449457
56.040824	20.621223
57.790529	20.621223
57.790529	20.777113
59.145837	20.777113
59.145837	20.860079
60.313097	20.860079
60.313097	20.913656
62.084664	20.913656
62.084664	20.948587
63.649854	20.948587
63.649854	20.969237
65.067334	20.969237
& cycle # 2, chisq = 301738.592139, e = 39.784169
0.000000	4.776532
0.261713	4.776532
0.261713	5.438766
0.548047	5.438766
0.548047	5.754614
0.735842	5.754614
0.735842	6.062449
1.105076	6.062449
1.105076	6.411539
1.451405	6.411539
1.451405	6.686848
1.729495	6.686848
1.729495	7.055980
2.372784	7.055980
2.372784	7.512097
2.979165	7.512097
2.979165	7.881083
3.481501	7.881083
3.481501	8.371286
4.612798	8.371286
4.612798	8.953125
5.660670	8.953125
5.660670	9.403836
6.540941	9.403836
6.540941	9.955717
8.469724	9.955717
8.469724	10.533629
10.252720	10.533629
10.252720	10.905763
11.770888	10.905763
11.770888	11.237512
15.005857	11.237512
15.005857	11.494779
17.804927	11.494779
17.804927	11.678337
20.012608	11.678337
20.012608	12.003435
23.779003	12.003435
23.779003	12.656448
26.125199	12.656448
26.125199	13.563307
27.574812	13.563307
27.574812	15.322473
29.524142	15.322473
29.524142	17.607585
30.730506	17.607585
30.730506	18.645953
31.677260	18.645953
31.677260	19.146676
33.459582	19.146676
33.459582	19.429148
34.984434	19.429148
34.984434	19.580060
36.329965	19.580060
36.329965	19.708334
38.916782	19.708334
38.916782	19.797156
41.126883	19.797156
41.126883	19.839999
43.014958	19.839999
43.014958	19.879900
46.165804	19.879900
46.165804	19.928314
48.555899	19.928314
48.555899	19.979619
50.411590	19.979619
50.411590	20.062796
52.987699	20.062796
52.987699	20.192144
54.752533	20.192144
54.752533	20.327042
56.040824	20.327042
56.040824	20.487820
57.790529	20.487820
57.790529	20.632890
59.145837	20.632890
59.145837	20.709385
60.313097	20.709385
60.313097	20.758141
62.084664	20.758141
62.084664	20.789489
63.649854	20.789489
63.649854	20.807852
65.067334	20.807852
& cycle # 3, chisq = 313567.217325, e = 39.784169
0.000000	5.000305
0.261713	5.000305
0.261713	5.629928
0.548047	5.629928
0.548047	5.927974
0.735842	5.927974
0.735842	6.220640
1.105076	6.220640
1.105076	6.554033
1.451405	6.554033
1.451405	6.817846
1.729495	6.817846
1.729495	7.172544
2.372784	7.172544
2.372784	7.611849
2.979165	7.611849
2.979165	7.967954
3.481501	7.967954
3.481501	8.441964
4.612798	8.441964
4.612798	9.005676
5.660670	9.005676
5.660670	9.443207
6.540941	9.443207
6.540941	9.980043
8.469724	9.980043
8.469724	10.543268
10.252720	10.543268
10.252720	10.906585
11.770888	10.906585
11.770888	11.231170
15.005857	11.231170
15.005857	11.483707
17.804927	11.483707
17.804927	11.664389
20.012608	11.664389
20.012608	11.984451
23.779003	11.984451
23.779003	12.627251
26.125199	12.627251
26.125199	13.520131
27.574812	13.520131
27.574812	15.253541
29.524142	15.253541
29.524142	17.509035
30.730506	17.509035
30.730506	18.538820
31.677260	18.538820
31.677260	19.042576
33.459582	19.042576
33.459582	19.333377
34.984434	19.333377
34.984434	19.491979
36.329965	19.491979
36.329965	19.630201
38.916782	19.630201
38.916782	19.730841
41.126883	19.730841
41.126883	19.784669
43.014958	19.784669
43.014958	19.841722
46.165804	19.841722
46.165804	19.916958
48.555899	19.916958
48.555899	19.999778
50.411590	19.999778
50.411590	20.136691
52.987699	20.136691
52.987699	20.352561
54.752533	20.352561
54.752533	20.580606
56.040824	20.580606
56.040824	20.856827
57.790529	20.856827
57.790529	21.112132
59.145837	21.112132
59.145837	21.252493
60.313097	21.252493
60.313097	21.348212
62.084664	21.348212
62.084664	21.415494
63.649854	21.415494
63.649854	21.458640
65.067334	21.458640
& cycle # 4, chisq = 317081.051125, e = 39.784169
0.000000	6.272730
0.261713	6.272730
0.261713	6.947610
0.548047	6.947610
0.548047	7.227964
0.735842	7.227964
0.735842	7.484813
1.105076	7.484813
1.105076	7.763915
1.451405	7.763915
1.451405	7.976580
1.729495	7.976580
1.729495	8.253270
2.372784	8.253270
2.372784	8.586407
2.979165	8.586407
2.979165	8.850053
3.481501	8.850053
3.481501	9.193896
4.612798	9.193896
4.612798	9.596152
5.660670	9.596152
5.660670	9.904531
6.540941	9.904531
6.540941	10.280138
8.469724	10.280138
8.469724	10.673983
10.252720	10.673983
10.252720	10.930459
11.770888	10.930459
11.770888	11.167422
15.005857	11.167422
15.005857	11.367173
17.804927	11.367173
17.804927	11.525358
20.012608	11.525358
20.012608	11.820374
23.779003	11.820374
23.779003	12.426774
26.125199	12.426774
26.125199	13.282860
27.574812	13.282860
27.574812	14.977762
29.524142	14.977762
29.524142	17.250723
30.730506	17.250723
30.730506	18.360133
31.677260	18.360133
31.677260	18.988798
33.459582	18.988798
33.459582	19.410984
34.984434	19.410984
34.984434	19.656448
36.329965	19.656448
36.329965	19.873389
38.916782	19.873389
38.916782	20.030207
41.126883	20.030207
41.126883	20.111077
43.014958	20.111077
43.014958	20.191481
46.165804	20.191481
46.165804	20.291755
48.555899	20.291755
48.555899	20.398287
50.411590	20.398287
50.411590	20.570242
52.987699	20.570242
52.987699	20.836104
54.752533	20.836104
54.752533	21.111491
56.040824	21.111491
56.040824	21.436669
57.790529	21.436669
57.790529	21.725950
59.145837	21.725950
59.145837	21.874748
60.313097	21.874748
60.313097	21.965780
62.084664	21.965780
62.084664	22.021140
63.649854	22.021140
63.649854	22.051766
65.067334	22.051766
& cycle # 5, chisq = 329096.572864, e = 39.784169
0.000000	4.740601
0.284391	4.740601
0.284391	5.429806
0.584877	5.429806
0.584877	5.769311
0.783241	5.769311
0.783241	6.104026
1.166489	6.104026
1.166489	6.484248
1.525836	6.484248
1.525836	6.785180
1.815151	6.785180
1.815151	7.183082
2.471372	7.183082
2.471372	7.669240
3.090413	7.669240
3.090413	8.059656
3.604682	8.059656
3.604682	8.566123
4.741461	8.566123
4.741461	9.155450
5.796110	9.155450
5.796110	9.605617
6.684533	9.605617
6.684533	10.142379
8.596870	10.142379
8.596870	10.693876
10.367707	10.693876
10.367707	11.045334
11.879546	11.045334
11.879546	11.352741
15.045428	11.352741
15.045428	11.587062
17.794395	11.587062
17.794395	11.750261
19.975290	11.750261
19.975290	12.029477
23.673415	12.029477
23.673415	12.574835
26.031693	12.574835
26.031693	13.320315
27.520256	13.320315
27.520256	14.755302
29.528930	14.755302
29.528930	16.693862
30.776914	16.693862
30.776914	17.679571
31.747266	17.679571
31.747266	18.204486
33.534554	18.204486
33.534554	18.513774
35.066438	18.513774
35.066438	18.685834
36.420757	18.685834
36.420757	18.841931
38.984482	18.841931
38.984482	18.967100
41.180763	18.967100
41.180763	19.046479
43.060867	19.046479
43.060867	19.143546
46.162613	19.143546
46.162613	19.280134
48.535221	19.280134
48.535221	19.434112
50.392197	19.434112
50.392197	19.688487
52.964876	19.688487
52.964876	20.089046
54.755266	20.089046
54.755266	20.519159
56.074470	20.519159
56.074470	21.058259
57.849982	21.058259
57.849982	21.592903
59.222516	21.592903
59.222516	21.922572
60.399568	21.922572
60.399568	22.177396
62.162343	22.177396
62.162343	22.377804
63.728070	22.377804
63.728070	22.513994
65.161391	22.513994
& cycle # 1, chisq = 327124.477418, e = 38.878756
0.000000	1.070007
0.284391	1.070007
0.284391	1.927935
0.584877	1.927935
0.584877	2.427229
0.783241	2.427229
0.783241	2.931409
1.166489	2.931409
1.166489	3.512300
1.525836	3.512300
1.525836	3.976929
1.815151	3.976929
1.815151	4.596844
2.471372	4.596844
2.471372	5.360424
3.090413	5.360424
3.090413	5.978268
3.604682	5.978268
3.604682	6.785780
4.741461	6.785780
4.741461	7.732020
5.796110	7.732020
5.796110	8.459239
6.684533	8.459239
6.684533	9.329828
8.596870	9.329828
8.596870	10.224192
10.367707	10.224192
10.367707	10.789977
11.879546	10.789977
11.879546	11.272093
15.045428	11.272093
15.045428	11.615055
17.794395	11.615055
17.794395	11.829758
19.975290	11.829758
19.975290	12.175196
23.673415	12.175196
23.673415	12.833623
26.031693	12.833623
26.031693	13.721753
27.520256	13.721753
27.520256	15.409663
29.528930	15.409663
29.528930	17.649833
30.776914	17.649833
30.776914	18.747461
31.747266	18.747461
31.747266	19.282274
33.534554	19.282274
33.534554	19.560693
35.066438	19.560693
35.066438	19.703257
36.420757	19.703257
36.420757	19.824162
38.984482	19.824162
38.984482	19.910415
41.180763	19.910415
41.180763	19.955196
43.060867	19.955196
43.060867	19.999831
46.162613	19.999831
46.162613	20.055645
48.535221	20.055645
48.535221	20.115221
50.392197	20.115221
50.392197	20.210725
52.964876	20.210725
52.964876	20.357725
54.755266	20.357725
54.755266	20.512164
56.074470	20.512164
56.074470	20.700606
57.849982	20.700606
57.849982	20.880579
59.222516	20.880579
59.222516	20.985233
60.399568	20.985233
60.399568	21.059874
62.162343	21.059874
62.162343	21.113961
63.728070	21.113961
63.728070	21.148709
65.161391	21.148709
& cycle # 2, chisq = 291986.003738, e = 38.878756
0.000000	5.073308
0.284391	5.073308
0.284391	5.741870
0.584877	5.741870
0.584877	6.051914
0.783241	6.051914
0.783241	6.352139
1.166489	6.352139
1.166489	6.690442
1.525836	6.690442
1.525836	6.957370
1.815151	6.957370
1.815151	7.310817
2.471372	7.310817
2.471372	7.745006
3.090413	7.745006
3.090413	8.096736
3.604682	8.096736
3.604682	8.558797
4.741461	8.558797
4.741461	9.104682
5.796110	9.104682
5.796110	9.528598
6.684533	9.528598
6.684533	10.042798
8.596870	10.042798
8.596870	10.579922
10.367707	10.579922
10.367707	10.928326
11.879546	10.928326
11.879546	11.241830
15.045428	11.241830
15.045428	11.494264
17.794395	11.494264
17.794395	11.681442
19.975290	11.681442
19.975290	12.008809
23.673415	12.008809
23.673415	12.649560
26.031693	12.649560
26.031693	13.523320
27.520256	13.523320
27.520256	15.196228
29.528930	15.196228
29.528930	17.434935
30.776914	17.434935
30.776914	18.548849
31.747266	18.548849
31.747266	19.109751
33.534554	19.109751
33.534554	19.413199
35.066438	19.413199
35.066438	19.570491
36.420757	19.570491
36.420757	19.702735
38.984482	19.702735
38.984482	19.794756
41.180763	19.794756
41.180763	19.840024
43.060867	19.840024
43.060867	19.882062
46.162613	19.882062
46.162613	19.932108
48.535221	19.932108
48.535221	19.984272
50.392197	19.984272
50.392197	20.066890
52.964876	20.066890
52.964876	20.193022
54.755266	20.193022
54.755266	20.324595
56.074470	20.324595
56.074470	20.483809
57.849982	20.483809
57.849982	20.634113
59.222516	20.634113
59.222516	20.719901
60.399568	20.719901
60.399568	20.779436
62.162343	20.779436
62.162343	20.821282
63.728070	20.821282
63.728070	20.847569
65.161391	20.847569
& cycle # 3, chisq = 304335.954437, e = 38.878756
0.000000	7.241416
0.284391	7.241416
0.284391	7.877586
0.584877	7.877586
0.584877	8.116841
0.783241	8.116841
0.783241	8.333985
1.166489	8.333985
1.166489	8.567434
1.525836	8.567434
1.525836	8.744539
1.815151	8.744539
1.815151	8.970918
2.471372	8.970918
2.471372	9.240503
3.090413	9.240503
3.090413	9.453147
3.604682	9.453147
3.604682	9.726308
4.741461	9.726308
4.741461	10.043551
5.796110	10.043551
5.796110	10.287109
6.684533	10.287109
6.684533	10.581393
8.596870	10.581393
8.596870	10.890703
10.367707	10.890703
10.367707	11.095754
11.879546	11.095754
11.879546	11.291553
15.045428	11.291553
15.045428	11.469835
17.794395	11.469835
17.794395	11.621300
19.975290	11.621300
19.975290	11.903424
23.673415	11.903424
23.673415	12.470270
26.031693	12.470270
26.031693	13.256571
27.520256	13.256571
27.520256	14.791519
29.528930	14.791519
29.528930	16.905051
30.776914	16.905051
30.776914	18.020822
31.747266	18.020822
31.747266	18.662189
33.534554	18.662189
33.534554	19.070182
35.066438	19.070182
35.066438	19.301422
36.420757	19.301422
36.420757	19.505047
38.984482	19.505047
38.984482	19.655960
41.180763	19.655960
41.180763	19.738755
43.060867	19.738755
43.060867	19.825568
46.162613	19.825568
46.162613	19.936622
48.535221	19.936622
48.535221	20.055777
50.392197	20.055777
50.392197	20.246752
52.964876	20.246752
52.964876	20.540288
54.755266	20.540288
54.755266	20.848080
56.074470	20.848080
56.074470	21.222631
57.849982	21.222631
57.849982	21.578949
59.222516	21.578949
59.222516	21.784860
60.399568	21.784860
60.399568	21.930416
62.162343	21.930416
62.162343	22.034887
63.728070	22.034887
63.728070	22.101566
65.161391	22.101566
& cycle # 4, chisq = 326510.894264, e = 38.878756
0.000000	4.574010
0.284391	4.574010
0.284391	5.362199
0.584877	5.362199
0.584877	5.742164
0.783241	5.742164
0.783241	6.104340
1.166489	6.104340
1.166489	6.506354
1.525836	6.506354
1.525836	6.818670
1.815151	6.818670
1.815151	7.224875
2.471372	7.224875
2.471372	7.713903
3.090413	7.713903
3.090413	8.101416
3.604682	8.101416
3.604682	8.597796
4.741461	8.597796
4.741461	9.168625
5.796110	9.168625
5.796110	9.600008
6.684533	9.600008
6.684533	10.109652
8.596870	10.109652
8.596870	10.629797
10.367707	10.629797
10.367707	10.960116
11.879546	10.960116
11.879546	11.249526
15.045428	11.249526
15.045428	11.472768
17.794395	11.472768
17.794395	11.632121
19.975290	11.632121
19.975290	11.911046
23.673415	11.911046
23.673415	12.465339
26.031693	12.465339
26.031693	13.235156
27.520256	13.235156
27.520256	14.748988
29.528930	14.748988
29.528930	16.862150
30.776914	16.862150
30.776914	18.011168
31.747266	18.011168
31.747266	18.713847
33.534554	18.713847
33.534554	19.190877
35.066438	19.190877
35.066438	19.469366
36.420757	19.469366
36.420757	19.715948
38.984482	19.715948
38.984482	19.897394
41.180763	19.897394
41.180763	19.994419
43.060867	19.994419
43.060867	20.092002
46.162613	20.092002
46.162613	20.212424
48.535221	20.212424
48.535221	20.338683
50.392197	20.338683
50.392197	20.537960
52.964876	20.537960
52.964876	20.840522
54.755266	20.840522
54.755266	21.154012
56.074470	21.154012
56.074470	21.529850
57.849982	21.529850
57.849982	21.879712
59.222516	21.879712
59.222516	22.074691
60.399568	22.074691
60.399568	22.205009
62.162343	22.205009
62.162343	22.292535
63.728070	22.292535
63.728070	22.345542
65.161391	22.345542
& cycle # 5, chisq = 313656.155991, e = 38.878756
0.000000	4.338947
0.261697	4.338947
0.261697	4.977051
0.548009	4.977051
0.548009	5.303466
0.735790	5.303466
0.735790	5.632829
1.104994	5.632829
1.104994	6.014081
1.451294	6.014081
1.451294	6.318957
1.729362	6.318957
1.729362	6.731410
2.372593	6.731410
2.372593	7.243320
2.978920	7.243320
2.978920	7.657661
3.481212	7.657661
3.481212	8.206132
4.612399	8.206132
4.612399	8.852711
5.660171	8.852711
5.660171	9.349128
6.540358	9.349128
6.540358	9.950537
8.468942	9.950537
8.468942	10.573100
10.251757	10.573100
10.251757	10.968420
11.769779	10.968420
11.769779	11.311737
15.004536	11.311737
15.004536	11.563017
17.803780	11.563017
17.803780	11.729314
20.011984	11.729314
20.011984	12.015036
23.780293	12.015036
23.780293	12.585678
26.128478	12.585678
26.128478	13.378387
27.579567	13.378387
27.579567	14.921845
29.530513	14.921845
29.530513	16.942468
30.737018	16.942468
30.737018	17.876699
31.683453	17.876699
31.683453	18.346425
33.464853	18.346425
33.464853	18.627465
34.988878	18.627465
34.988878	18.784996
36.333695	18.784996
36.333695	18.926534
38.919244	18.926534
38.919244	19.035647
41.128466	19.035647
41.128466	19.100338
43.015951	19.100338
43.015951	19.176700
46.166086	19.176700
46.166086	19.283755
48.555849	19.283755
48.555849	19.405033
50.411380	19.405033
50.411380	19.609034
52.987393	19.609034
52.987393	19.935502
54.752343	19.935502
54.752343	20.285950
56.040968	20.285950
56.040968	20.720155
57.791857	20.720155
57.791857	21.136826
59.148986	21.136826
59.148986	21.382787
60.318742	21.382787
60.318742	21.571403
62.097657	21.571403
62.097657	21.722511
63.677799	21.722511
63.677799	21.826872
65.122544	21.826872
& cycle # 1, chisq = 326110.121733, e = 39.783752
0.000000	0.892306
0.261697	0.892306
0.261697	1.703321
0.548009	1.703321
0.548009	2.177941
0.735790	2.177941
0.735790	2.664661
1.104994	2.664661
1.104994	3.232776
1.451294	3.232776
1.451294	3.689620
1.729362	3.689620
1.729362	4.310371
2.372593	4.310371
2.372593	5.083732
2.978920	5.083732
2.978920	5.711893
3.481212	5.711893
3.481212	6.546293
4.612399	6.546293
4.612399	7.532960
5.660171	7.532960
5.660171	8.292208
6.540358	8.292208
6.540358	9.212647
8.468942	9.212647
8.468942	10.163367
10.251757	10.163367
10.251757	10.762628
11.769779	10.762628
11.769779	11.271522
15.004536	11.271522
15.004536	11.622019
17.803780	11.622019
17.803780	11.832003
20.011984	11.832003
20.011984	12.172925
23.780293	12.172925
23.780293	12.839749
26.128478	12.839749
26.128478	13.756120
27.579567	13.756120
27.579567	15.522176
29.530513	15.522176
29.530513	17.800697
30.737018	17.800697
30.737018	18.820417
31.683453	18.820417
31.683453	19.294018
33.464853	19.294018
33.464853	19.550711
34.988878	19.550711
34.988878	19.686480
36.333695	19.686480
36.333695	19.802855
38.919244	19.802855
38.919244	19.885327
41.128466	19.885327
41.128466	19.927224
43.015951	19.927224
43.015951	19.969088
46.166086	19.969088
46.166086	20.022403
48.555849	20.022403
48.555849	20.080229
50.411380	20.080229
50.411380	20.175167
52.987393	20.175167
52.987393	20.324209
54.752343	20.324209
54.752343	20.481100
56.040968	20.481100
56.040968	20.670495
57.791857	20.670495
57.791857	20.845261
59.148986	20.845261
59.148986	20.941991
60.318742	20.941991
60.318742	21.009895
62.097657	21.009895
62.097657	21.059863
63.677799	21.059863
63.677799	21.092461
65.122544	21.092461
& cycle # 2, chisq = 302285.859933, e = 39.783752
0.000000	4.751720
0.261697	4.751720
0.261697	5.413959
0.548009	5.413959
0.548009	5.730207
0.735790	5.730207
0.735790	6.038549
1.104994	6.038549
1.104994	6.388299
1.451294	6.388299
1.451294	6.664180
1.729362	6.664180
1.729362	7.034135
2.372593	7.034135
2.372593	7.491326
2.978920	7.491326
2.978920	7.861218
3.481212	7.861218
3.481212	8.352661
4.612399	8.352661
4.612399	8.936013
5.660171	8.936013
5.660171	9.387925
6.540358	9.387925
6.540358	9.941314
8.468942	9.941314
8.468942	10.520864
10.251757	10.520864
10.251757	10.894107
11.769779	10.894107
11.769779	11.226824
15.004536	11.226824
15.004536	11.484519
17.803780	11.484519
17.803780	11.667939
20.011984	11.667939
20.011984	11.992380
23.780293	11.992380
23.780293	12.643784
26.128478	12.643784
26.128478	13.548438
27.579567	13.548438
27.579567	15.304731
29.530513	15.304731
29.530513	17.590389
30.737018	17.590389
30.737018	18.631318
31.683453	18.631318
31.683453	19.133519
33.464853	19.133519
33.464853	19.416590
34.988878	19.416590
34.988878	19.567857
36.333695	19.567857
36.333695	19.696576
38.919244	19.696576
38.919244	19.785874
41.128466	19.785874
41.128466	19.829143
43.015951	19.829143
43.015951	19.869774
46.166086	19.869774
46.166086	19.919446
48.555849	19.919446
48.555849	19.972341
50.411380	19.972341
50.411380	20.058432
52.987393	20.058432
52.987393	20.192836
54.752343	20.192836
54.752343	20.333641
56.040968	20.333641
56.040968	20.502645
57.791857	20.502645
57.791857	20.657290
59.148986	20.657290
59.148986	20.741692
60.318742	20.741692
60.318742	20.799767
62.097657	20.799767
62.097657	20.841663
63.677799	20.841663
63.677799	20.868652
65.122544	20.868652
& cycle # 3, chisq = 313461.869408, e = 39.783752
0.000000	5.184941
0.261697	5.184941
0.261697	5.828701
0.548009	5.828701
0.548009	6.128793
0.735790	6.128793
0.735790	6.420395
1.104994	6.420395
1.104994	6.749975
1.451294	6.749975
1.451294	7.009024
1.729362	7.009024
1.729362	7.355121
2.372593	7.355121
2.372593	7.781281
2.978920	7.781281
2.978920	8.124917
3.481212	8.124917
3.481212	8.580114
4.612399	8.580114
4.612399	9.119169
5.660171	9.119169
5.660171	9.536101
6.540358	9.536101
6.540358	10.046333
8.468942	10.046333
8.468942	10.580916
10.251757	10.580916
10.251757	10.925835
11.769779	10.925835
11.769779	11.234929
15.004536	11.234929
15.004536	11.477291
17.803780	11.477291
17.803780	11.652581
20.011984	11.652581
20.011984	11.965105
23.780293	11.965105
23.780293	12.594761
26.128478	12.594761
26.128478	13.471458
27.579567	13.471458
27.579567	15.179167
29.530513	15.179167
29.530513	17.413747
30.737018	17.413747
30.737018	18.444721
31.683453	18.444721
31.683453	18.959033
33.464853	18.959033
33.464853	19.262184
34.988878	19.262184
34.988878	19.429273
36.333695	19.429273
36.333695	19.575766
38.919244	19.575766
38.919244	19.683323
41.128466	19.683323
41.128466	19.741735
43.015951	19.741735
43.015951	19.804775
46.166086	19.804775
46.166086	19.888896
48.555849	19.888896
48.555849	19.982121
50.411380	19.982121
50.411380	20.137059
52.987393	20.137059
52.987393	20.382723
54.752343	20.382723
54.752343	20.644023
56.040968	20.644023
56.040968	20.963966
57.791857	20.963966
57.791857	21.265764
59.148986	21.265764
59.148986	21.439206
60.318742	21.439206
60.318742	21.567800
62.097657	21.567800
62.097657	21.667966
63.677799	21.667966
63.677799	21.736190
65.122544	21.736190
& cycle # 4, chisq = 320338.914448, e = 39.783752
0.000000	6.336244
0.261697	6.336244
0.261697	7.033575
0.548009	7.033575
0.548009	7.321741
0.735790	7.321741
0.735790	7.583462
1.104994	7.583462
1.104994	7.866009
1.451294	7.866009
1.451294	8.080065
1.729362	8.080065
1.729362	8.357003
2.372593	8.357003
2.372593	8.688607
2.978920	8.688607
2.978920	8.949646
3.481212	8.949646
3.481212	9.288266
4.612399	9.288266
4.612399	9.682370
5.660171	9.682370
5.660171	9.983049
6.540358	9.983049
6.540358	10.347683
8.468942	10.347683
8.468942	10.728619
10.251757	10.728619
10.251757	10.975877
11.769779	10.975877
11.769779	11.203297
15.004536	11.203297
15.004536	11.393443
17.803780	11.393443
17.803780	11.542885
20.011984	11.542885
20.011984	11.821490
23.780293	11.821490
23.780293	12.395726
26.128478	12.395726
26.128478	13.209730
27.579567	13.209730
27.579567	14.832920
29.530513	14.832920
29.530513	17.036725
30.737018	17.036725
30.737018	18.139527
31.683453	18.139527
31.683453	18.794051
33.464853	18.794051
33.464853	19.251923
34.988878	19.251923
34.988878	19.522625
36.333695	19.522625
36.333695	19.762808
38.919244	19.762808
38.919244	19.936102
41.128466	19.936102
41.128466	20.024734
43.015951	20.024734
43.015951	20.111771
46.166086	20.111771
46.166086	20.219321
48.555849	20.219321
48.555849	20.333086
50.411380	20.333086
50.411380	20.516484
52.987393	20.516484
52.987393	20.800106
54.752343	20.800106
54.752343	21.094182
56.040968	21.094182
56.040968	21.442191
57.791857	21.442191
57.791857	21.753678
59.148986	21.753678
59.148986	21.917171
60.318742	21.917171
60.318742	22.023064
62.097657	22.023064
62.097657	22.094546
63.677799	22.094546
63.677799	22.138490
65.122544	22.138490
& cycle # 5, chisq = 329654.079141, e = 39.783752
0.000000	4.334868
0.286557	4.334868
0.286557	5.040680
0.588382	5.040680
0.588382	5.397134
0.787747	5.397134
0.787747	5.750958
1.172322	5.750958
1.172322	6.155009
1.532903	6.155009
1.532903	6.476467
1.823280	6.476467
1.823280	6.903089
2.480747	6.903089
2.480747	7.426245
3.101005	7.426245
3.101005	7.847793
3.616416	7.847793
3.616416	8.395159
4.753808	8.395159
4.753808	9.032017
5.809179	9.032017
5.809179	9.518022
6.698432	9.518022
6.698432	10.095455
8.609495	10.095455
8.609495	10.686337
10.379419	10.686337
10.379419	11.061160
11.890804	11.061160
11.890804	11.386380
15.050262	11.386380
15.050262	11.631138
17.793319	11.631138
17.793319	11.798828
19.969548	11.798828
19.969548	12.082540
23.655017	12.082540
23.655017	12.633191
26.008314	12.633191
26.008314	13.382434
27.496147	13.382434
27.496147	14.817027
29.505466	14.817027
29.505466	16.749041
30.756038	16.749041
30.756038	17.732962
31.728232	17.732962
31.728232	18.255525
33.515572	18.255525
33.515572	18.560430
35.047738	18.560430
35.047738	18.729228
36.402651	18.729228
36.402651	18.882025
38.964835	18.882025
38.964835	19.003786
41.161912	19.003786
41.161912	19.080239
43.044388	19.080239
43.044388	19.173140
46.149057	19.173140
46.149057	19.303859
48.526548	19.303859
48.526548	19.451671
50.388163	19.451671
50.388163	19.696796
52.963350	19.696796
52.963350	20.085050
54.752882	20.085050
54.752882	20.505088
56.068303	20.505088
56.068303	21.034515
57.831257	21.034515
57.831257	21.560235
59.191011	21.560235
59.191011	21.881933
60.356375	21.881933
60.356375	22.126233
62.100086	22.126233
62.100086	22.314196
63.649495	22.314196
63.649495	22.438937
65.068002	22.438937
& cycle # 1, chisq = 322916.240516, e = 38.797318
0.000000	1.258158
0.286557	1.258158
0.286557	2.198612
0.588382	2.198612
0.588382	2.738624
0.787747	2.738624
0.787747	3.273955
1.172322	3.273955
1.172322	3.881384
1.532903	3.881384
1.532903	4.360643
1.823280	4.360643
1.823280	4.990182
2.480747	4.990182
2.480747	5.753486
3.101005	5.753486
3.101005	6.361453
3.616416	6.361453
3.616416	7.141470
4.753808	7.141470
4.753808	8.038508
5.809179	8.038508
5.809179	8.715611
6.698432	8.715611
6.698432	9.511915
8.609495	9.511915
8.609495	10.319057
10.379419	10.319057
10.379419	10.825809
11.890804	10.825809
11.890804	11.257789
15.050262	11.257789
15.050262	11.570555
17.793319	11.570555
17.793319	11.773717
19.969548	11.773717
19.969548	12.108774
23.655017	12.108774
23.655017	12.753814
26.008314	12.753814
26.008314	13.627857
27.496147	13.627857
27.496147	15.294306
29.505466	15.294306
29.505466	17.524306
30.756038	17.524306
30.756038	18.644202
31.728232	18.644202
31.728232	19.218075
33.515572	19.218075
33.515572	19.534734
35.047738	19.534734
35.047738	19.701548
36.402651	19.701548
36.402651	19.843880
38.964835	19.843880
38.964835	19.945097
41.161912	19.945097
41.161912	19.996949
43.044388	19.996949
43.044388	20.047798
46.149057	20.047798
46.149057	20.110924
48.526548	20.110924
48.526548	20.178308
50.388163	20.178308
50.388163	20.286654
52.963350	20.286654
52.963350	20.454410
54.752882	20.454410
54.752882	20.632041
56.068303	20.632041
56.068303	20.850044
57.831257	20.850044
57.831257	21.058443
59.191011	21.058443
59.191011	21.178504
60.356375	21.178504
60.356375	21.262321
62.100086	21.262321
62.100086	21.321518
63.649495	21.321518
63.649495	21.358665
65.068002	21.358665
& cycle # 2, chisq = 294499.904482, e = 38.797318
0.000000	4.944686
0.286557	4.944686
0.286557	5.637504
0.588382	5.637504
0.588382	5.967664
0.787747	5.967664
0.787747	6.289504
1.172322	6.289504
1.172322	6.652993
1.532903	6.652993
1.532903	6.940025
1.823280	6.940025
1.823280	7.319224
2.480747	7.319224
2.480747	7.783462
3.101005	7.783462
3.101005	8.157947
3.616416	8.157947
3.616416	8.646324
4.753808	8.646324
4.753808	9.218562
5.809179	9.218562
5.809179	9.659118
6.698432	9.659118
6.698432	10.187774
8.609495	10.187774
8.609495	10.734022
10.379419	10.734022
10.379419	11.084025
11.890804	11.084025
11.890804	11.392457
15.050262	11.392457
15.050262	11.631858
17.793319	11.631858
17.793319	11.802193
19.969548	11.802193
19.969548	12.094727
23.655017	12.094727
23.655017	12.663950
26.008314	12.663950
26.008314	13.438037
27.496147	13.438037
27.496147	14.916702
29.505466	14.916702
29.505466	16.898700
30.756038	16.898700
30.756038	17.896398
31.728232	17.896398
31.728232	18.409411
33.515572	18.409411
33.515572	18.692911
35.047738	18.692911
35.047738	18.841796
36.402651	18.841796
36.402651	18.967940
38.964835	18.967940
38.964835	19.056324
41.161912	19.056324
41.161912	19.100229
43.044388	19.100229
43.044388	19.141605
46.149057	19.141605
46.149057	19.191612
48.526548	19.191612
48.526548	19.244328
50.388163	19.244328
50.388163	19.328567
52.963350	19.328567
52.963350	19.458460
54.752882	19.458460
54.752882	19.595506
56.068303	19.595506
56.068303	19.762974
57.831257	19.762974
57.831257	19.922064
59.191011	19.922064
59.191011	20.012763
60.356375	20.012763
60.356375	20.075075
62.100086	20.075075
62.100086	20.118276
63.649495	20.118276
63.649495	20.145002
65.068002	20.145002
& cycle # 3, chisq = 317757.804385, e = 38.797318
0.000000	7.355115
0.286557	7.355115
0.286557	7.983798
0.588382	7.983798
0.588382	8.216463
0.787747	8.216463
0.787747	8.427328
1.172322	8.427328
1.172322	8.653726
1.532903	8.653726
1.532903	8.825365
1.823280	8.825365
1.823280	9.044352
2.480747	9.044352
2.480747	9.304812
3.101005	9.304812
3.101005	9.510149
3.616416	9.510149
3.616416	9.773504
4.753808	9.773504
4.753808	10.079090
5.809179	10.079090
5.809179	10.313690
6.698432	10.313690
6.698432	10.596933
8.609495	10.596933
8.609495	10.894763
10.379419	10.894763
10.379419	11.092688
11.890804	11.092688
11.890804	11.282915
15.050262	11.282915
15.050262	11.458776
17.793319	11.458776
17.793319	11.610345
19.969548	11.610345
19.969548	11.893467
23.655017	11.893467
23.655017	12.461683
26.008314	12.461683
26.008314	13.248536
27.496147	13.248536
27.496147	14.780677
29.505466	14.780677
29.505466	16.891238
30.756038	16.891238
30.756038	18.014389
31.728232	18.014389
31.728232	18.666508
33.515572	18.666508
33.515572	19.083280
35.047738	19.083280
35.047738	19.319882
36.402651	19.319882
36.402651	19.527891
38.964835	19.527891
38.964835	19.680784
41.161912	19.680784
41.161912	19.763247
43.044388	19.763247
43.044388	19.848314
46.149057	19.848314
46.149057	19.956525
48.526548	19.956525
48.526548	20.072801
50.388163	20.072801
50.388163	20.259913
52.963350	20.259913
52.963350	20.549455
54.752882	20.549455
54.752882	20.855689
56.068303	20.855689
56.068303	21.230858
57.831257	21.230858
57.831257	21.588552
59.191011	21.588552
59.191011	21.793754
60.356375	21.793754
60.356375	21.936162
62.100086	21.936162
62.100086	22.036169
63.649495	22.036169
63.649495	22.098778
65.068002	22.098778
& cycle # 4, chisq = 326010.148302, e = 38.797318
0.000000	4.305399
0.286557	4.305399
0.286557	5.083031
0.588382	5.083031
0.588382	5.465820
0.787747	5.465820
0.787747	5.835192
1.172322	5.835192
1.172322	6.248918
1.532903	6.248918
1.532903	6.572979
1.823280	6.572979
1.823280	6.997097
2.480747	6.997097
2.480747	7.510631
3.101005	7.510631
3.101005	7.919625
3.616416	7.919625
3.616416	8.444661
4.753808	8.444661
4.753808	9.048850
5.809179	9.048850
5.809179	9.505153
6.698432	9.505153
6.698432	10.042307
8.609495	10.042307
8.609495	10.588308
10.379419	10.588308
10.379419	10.933618
11.890804	10.933618
11.890804	11.234403
15.050262	11.234403
15.050262	11.464973
17.793319	11.464973
17.793319	11.628582
19.969548	11.628582
19.969548	11.913595
23.655017	11.913595
23.655017	12.477811
26.008314	12.477811
26.008314	13.258496
27.496147	13.258496
27.496147	14.785649
29.505466	14.785649
29.505466	16.909138
30.756038	16.909138
30.756038	18.062553
31.728232	18.062553
31.728232	18.761713
33.515572	18.761713
33.515572	19.229253
35.047738	19.229253
35.047738	19.499841
36.402651	19.499841
36.402651	19.737631
38.964835	19.737631
38.964835	19.909947
41.161912	19.909947
41.161912	19.999601
43.044388	19.999601
43.044388	20.087475
46.149057	20.087475
46.149057	20.194933
48.526548	20.194933
48.526548	20.307832
50.388163	20.307832
50.388163	20.487110
52.963350	20.487110
52.963350	20.761835
54.752882	20.761835
54.752882	21.049780
56.068303	21.049780
56.068303	21.398603
57.831257	21.398603
57.831257	21.725704
59.191011	21.725704
59.191011	21.908108
60.356375	21.908108
60.356375	22.029131
62.100086	22.029131
62.100086	22.109617
63.649495	22.109617
63.649495	22.157830
65.068002	22.157830
& cycle # 5, chisq = 308585.715313, e = 38.797318
0.000000	4.523328
0.252637	4.523328
0.252637	5.163070
0.533209	5.163070
0.533209	5.493568
0.716712	5.493568
0.716712	5.827983
1.080239	5.827983
1.080239	6.215113
1.421265	6.215113
1.421265	6.523259
1.694787	6.523259
1.694787	6.939448
2.332881	6.939448
2.332881	7.452340
2.934167	7.452340
2.934167	7.862412
3.431682	7.862412
3.431682	8.400073
4.561146	8.400073
4.561146	9.025310
5.606590	9.025310
5.606590	9.497489
6.483779	9.497489
6.483779	10.063997
8.420575	10.063997
8.420575	10.645202
10.209629	10.645202
10.209629	11.011469
11.731120	11.011469
11.731120	11.330687
14.996343	11.330687
14.996343	11.567065
17.815116	11.567065
17.815116	11.726679
20.031382	11.726679
20.031382	12.006257
23.820673	12.006257
23.820673	12.571424
26.158198	12.571424
26.158198	13.360086
27.591310	13.360086
27.591310	14.898656
29.521015	14.898656
29.521015	16.892503
30.715168	16.892503
30.715168	17.800689
31.654801	17.800689
31.654801	18.271850
33.437779	18.271850
33.437779	18.567168
34.961287	18.567168
34.961287	18.734683
36.304378	18.734683
36.304378	18.885090
38.902841	18.885090
38.902841	18.999964
41.118685	18.999964
41.118685	19.066689
43.008651	19.066689
43.008651	19.144085
46.175913	19.144085
46.175913	19.251492
48.568652	19.251492
48.568652	19.372352
50.420119	19.372352
50.420119	19.575336
52.994723	19.575336
52.994723	19.899105
54.749871	19.899105
54.749871	20.243193
56.028431	20.243193
56.028431	20.664134
57.774193	20.664134
57.774193	21.060106
59.127393	21.060106
59.127393	21.286877
60.294053	21.286877
60.294053	21.454324
62.076628	21.454324
62.076628	21.581591
63.657576	21.581591
63.657576	21.664281
65.099820	21.664281
& cycle # 1, chisq = 332676.285732, e = 40.174398
0.000000	0.746487
0.252637	0.746487
0.252637	1.551977
0.533209	1.551977
0.533209	2.029599
0.716712	2.029599
0.716712	2.522682
1.080239	2.522682
1.080239	3.100225
1.421265	3.100225
1.421265	3.564310
1.694787	3.564310
1.694787	4.197359
2.332881	4.197359
2.332881	4.986336
2.934167	4.986336
2.934167	5.625297
3.431682	5.625297
3.431682	6.476128
4.561146	6.476128
4.561146	7.482176
5.606590	7.482176
5.606590	8.254394
6.483779	8.254394
6.483779	9.193681
8.420575	9.193681
8.420575	10.164688
10.209629	10.164688
10.209629	10.775327
11.731120	10.775327
11.731120	11.294933
14.996343	11.294933
14.996343	11.652471
17.815116	11.652471
17.815116	11.865611
20.031382	11.865611
20.031382	12.211729
23.820673	12.211729
23.820673	12.889762
26.158198	12.889762
26.158198	13.818950
27.591310	13.818950
27.591310	15.599603
29.521015	15.599603
29.521015	17.851126
30.715168	17.851126
30.715168	18.823749
31.654801	18.823749
31.654801	19.271059
33.437779	19.271059
33.437779	19.516284
34.961287	19.516284
34.961287	19.646314
36.304378	19.646314
36.304378	19.758198
38.902841	19.758198
38.902841	19.838057
41.118685	19.838057
41.118685	19.879177
43.008651	19.879177
43.008651	19.921090
46.175913	19.921090
46.175913	19.975064
48.568652	19.975064
48.568652	20.033748
50.420119	20.033748
50.420119	20.130383
52.994723	20.130383
52.994723	20.282077
54.749871	20.282077
54.749871	20.440692
56.028431	20.440692
56.028431	20.630681
57.774193	20.630681
57.774193	20.803975
59.127393	20.803975
59.127393	20.898435
60.294053	20.898435
60.294053	20.963721
62.076628	20.963721
62.076628	21.010282
63.657576	21.010282
63.657576	21.039214
65.099820	21.039214
& cycle # 2, chisq = 307053.418577, e = 40.174398
0.000000	4.953580
0.252637	4.953580
0.252637	5.591157
0.533209	5.591157
0.533209	5.891570
0.716712	5.891570
0.716712	6.184285
1.080239	6.184285
1.080239	6.516503
1.421265	6.516503
1.421265	6.778129
1.694787	6.778129
1.694787	7.130594
2.332881	7.130594
2.332881	7.567203
2.934167	7.567203
2.934167	7.920426
3.431682	7.920426
3.431682	8.392681
4.561146	8.392681
4.561146	8.955620
5.606590	8.955620
5.606590	9.392468
6.483779	9.392468
6.483779	9.931333
8.420575	9.931333
8.420575	10.498065
10.209629	10.498065
10.209629	10.863344
11.731120	10.863344
11.731120	11.191118
14.996343	11.191118
14.996343	11.447282
17.815116	11.447282
17.815116	11.631309
20.031382	11.631309
20.031382	11.959719
23.820673	11.959719
23.820673	12.623014
26.158198	12.623014
26.158198	13.544352
27.591310	13.544352
27.591310	15.327834
29.521015	15.327834
29.521015	17.609249
30.715168	17.609249
30.715168	18.617129
31.654801	18.617129
31.654801	19.102564
33.437779	19.102564
33.437779	19.380601
34.961287	19.380601
34.961287	19.529391
36.304378	19.529391
36.304378	19.655962
38.902841	19.655962
38.902841	19.743586
41.118685	19.743586
41.118685	19.785792
43.008651	19.785792
43.008651	19.825235
46.175913	19.825235
46.175913	19.873196
48.568652	19.873196
48.568652	19.924000
50.420119	19.924000
50.420119	20.006594
52.994723	20.006594
52.994723	20.135133
54.749871	20.135133
54.749871	20.268516
56.028431	20.268516
56.028431	20.426839
57.774193	20.426839
57.774193	20.569397
59.127393	20.569397
59.127393	20.645485
60.294053	20.645485
60.294053	20.696548
62.076628	20.696548
62.076628	20.731895
63.657576	20.731895
63.657576	20.753396
65.099820	20.753396
& cycle # 3, chisq = 318541.147149, e = 40.174398
0.000000	4.893841
0.252637	4.893841
0.252637	5.507431
0.533209	5.507431
0.533209	5.801737
0.716712	5.801737
0.716712	6.092453
1.080239	6.092453
1.080239	6.425441
1.421265	6.425441
1.421265	6.689563
1.694787	6.689563
1.694787	7.047571
2.332881	7.047571
2.332881	7.493311
2.934167	7.493311
2.934167	7.855410
3.431682	7.855410
3.431682	8.341102
4.561146	8.341102
4.561146	8.921365
5.606590	8.921365
5.606590	9.372253
6.483779	9.372253
6.483779	9.928592
8.420575	9.928592
8.420575	10.513220
10.209629	10.513220
10.209629	10.889151
11.731120	10.889151
11.731120	11.224384
14.996343	11.224384
14.996343	11.482671
17.815116	11.482671
17.815116	11.664924
20.031382	11.664924
20.031382	11.987740
23.820673	11.987740
23.820673	12.638644
26.158198	12.638644
26.158198	13.542667
27.591310	13.542667
27.591310	15.293959
29.521015	15.293959
29.521015	17.538356
30.715168	17.538356
30.715168	18.535180
31.654801	18.535180
31.654801	19.022944
33.437779	19.022944
33.437779	19.309154
34.961287	19.309154
34.961287	19.465579
36.304378	19.465579
36.304378	19.602048
38.902841	19.602048
38.902841	19.701397
41.118685	19.701397
41.118685	19.754458
43.008651	19.754458
43.008651	19.810913
46.175913	19.810913
46.175913	19.885605
48.568652	19.885605
48.568652	19.967917
50.420119	19.967917
50.420119	20.104617
52.994723	20.104617
52.994723	20.320818
54.749871	20.320818
54.749871	20.548738
56.028431	20.548738
56.028431	20.824850
57.774193	20.824850
57.774193	21.081181
59.127393	21.081181
59.127393	21.225254
60.294053	21.225254
60.294053	21.329587
62.076628	21.329587
62.076628	21.408221
63.657576	21.408221
63.657576	21.459844
65.099820	21.459844
& cycle # 4, chisq = 320314.614206, e = 40.174398
0.000000	6.264480
0.252637	6.264480
0.252637	6.989268
0.533209	6.989268
0.533209	7.284966
0.716712	7.284966
0.716712	7.549663
1.080239	7.549663
1.080239	7.833175
1.421265	7.833175
1.421265	8.046276
1.694787	8.046276
1.694787	8.321915
2.332881	8.321915
2.332881	8.651546
2.934167	8.651546
2.934167	8.910348
3.431682	8.910348
3.431682	9.247624
4.561146	9.247624
4.561146	9.641503
5.606590	9.641503
5.606590	9.942506
6.483779	9.942506
6.483779	10.310478
8.420575	10.310478
8.420575	10.697158
10.209629	10.697158
10.209629	10.949093
11.731120	10.949093
11.731120	11.183834
14.996343	11.183834
14.996343	11.383975
17.815116	11.383975
17.815116	11.543822
20.031382	11.543822
20.031382	11.843828
23.820673	11.843828
23.820673	12.462743
26.158198	12.462743
26.158198	13.334842
27.591310	13.334842
27.591310	15.051876
29.521015	15.051876
29.521015	17.306023
30.715168	17.306023
30.715168	18.362270
31.654801	18.362270
31.654801	18.944499
33.437779	18.944499
33.437779	19.331388
34.961287	19.331388
34.961287	19.555666
36.304378	19.555666
36.304378	19.756267
38.902841	19.756267
38.902841	19.905239
41.118685	19.905239
41.118685	19.986171
43.008651	19.986171
43.008651	20.072150
46.175913	20.072150
46.175913	20.183960
48.568652	20.183960
48.568652	20.304864
50.420119	20.304864
50.420119	20.502173
52.994723	20.502173
52.994723	20.808916
54.749871	20.808916
54.749871	21.126153
56.028431	21.126153
56.028431	21.500530
57.774193	21.500530
57.774193	21.834454
59.127393	21.834454
59.127393	22.009772
60.294053	22.009772
60.294053	22.124612
62.076628	22.124612
62.076628	22.202170
63.657576	22.202170
63.657576	22.248635
65.099820	22.248635
& cycle # 5, chisq = 337670.041694, e = 40.174398
0.000000	3.774669
0.271980	3.774669
0.271980	4.458877
0.564775	4.458877
0.564775	4.815495
0.757389	4.815495
0.757389	5.174054
1.133030	5.174054
1.133030	5.588115
1.485311	5.588115
1.485311	5.919663
1.768531	5.919663
1.768531	6.366332
2.417732	6.366332
2.417732	6.920302
3.029903	6.920302
3.029903	7.369883
3.537697	7.369883
3.537697	7.963031
4.671433	7.963031
4.671433	8.661734
5.722354	8.661734
5.722354	9.199150
6.606319	9.199150
6.606319	9.847188
8.527275	9.847188
8.527275	10.516207
10.304457	10.516207
10.304457	10.940877
11.819541	10.940877
11.819541	11.307895
15.021855	11.307895
15.021855	11.576021
17.796960	11.576021
17.796960	11.752184
19.991429	11.752184
19.991429	12.048845
23.724122	12.048845
23.724122	12.630766
26.074386	12.630766
26.074386	13.429418
27.540850	13.429418
27.540850	14.968307
29.515935	14.968307
29.515935	16.997094
30.740469	16.997094
30.740469	17.962911
31.697525	17.962911
31.697525	18.446106
33.481469	18.446106
33.481469	18.723307
35.009145	18.723307
35.009145	18.875673
36.358441	18.875673
36.358441	19.011798
38.934484	19.011798
38.934484	19.116706
41.139173	19.116706
41.139173	19.178978
43.025346	19.178978
43.025346	19.251836
46.158103	19.251836
46.158103	19.353048
48.544801	19.353048
48.544801	19.467123
50.404864	19.467123
50.404864	19.657491
52.983186	19.657491
52.983186	19.960576
54.759682	19.960576
54.759682	20.287002
56.059431	20.287002
56.059431	20.694316
57.812895	20.694316
57.812895	21.089983
59.167395	21.089983
59.167395	21.325018
60.331333	21.325018
60.331333	21.501090
62.088709	21.501090
62.088709	21.636206
63.649545	21.636206
63.649545	21.725712
65.076570	21.725712
& cycle # 1, chisq = 316641.175779, e = 39.363641
0.000000	1.031799
0.271980	1.031799
0.271980	1.890057
0.564775	1.890057
0.564775	2.388451
0.757389	2.388451
0.757389	2.893130
1.133030	2.893130
1.133030	3.476160
1.485311	3.476160
1.485311	3.941977
1.768531	3.941977
1.768531	4.566862
2.417732	4.566862
2.417732	5.337575
3.029903	5.337575
3.029903	5.959179
3.537697	5.959179
3.537697	6.773565
4.671433	6.773565
4.671433	7.725935
5.722354	7.725935
5.722354	8.453214
6.606319	8.453214
6.606319	9.323966
8.527275	9.323966
8.527275	10.216579
10.304457	10.216579
10.304457	10.778502
11.819541	10.778502
11.819541	11.256599
15.021855	11.256599
15.021855	11.593124
17.796960	11.593124
17.796960	11.802086
19.991429	11.802086
19.991429	12.143692
23.724122	12.143692
23.724122	12.807050
26.074386	12.807050
26.074386	13.712845
27.540850	13.712845
27.540850	15.449599
29.515935	15.449599
29.515935	17.722832
30.740469	17.722832
30.740469	18.787736
31.697525	18.787736
31.697525	19.299011
33.481469	19.299011
33.481469	19.575546
35.009145	19.575546
35.009145	19.721107
36.358441	19.721107
36.358441	19.845569
38.934484	19.845569
38.934484	19.933819
41.139173	19.933819
41.139173	19.978687
43.025346	19.978687
43.025346	20.022991
46.158103	20.022991
46.158103	20.078688
48.544801	20.078688
48.544801	20.138670
50.404864	20.138670
50.404864	20.236321
52.983186	20.236321
52.983186	20.388891
54.759682	20.388891
54.759682	20.550201
56.059431	20.550201
56.059431	20.746752
57.812895	20.746752
57.812895	20.931129
59.167395	20.931129
59.167395	21.034607
60.331333	21.034607
60.331333	21.106173
62.088709	21.106173
62.088709	21.156765
63.649545	21.156765
63.649545	21.188329
65.076570	21.188329
& cycle # 2, chisq = 298636.697968, e = 39.363641
0.000000	4.737414
0.271980	4.737414
0.271980	5.423949
0.564775	5.423949
0.564775	5.755868
0.757389	5.755868
0.757389	6.079750
1.133030	6.079750
1.133030	6.446447
1.485311	6.446447
1.485311	6.735685
1.768531	6.735685
1.768531	7.120698
2.417732	7.120698
2.417732	7.593913
3.029903	7.593913
3.029903	7.975576
3.537697	7.975576
3.537697	8.477425
4.671433	8.477425
4.671433	9.068126
5.722354	9.068126
5.722354	9.523043
6.606319	9.523043
6.606319	10.073343
8.527275	10.073343
8.527275	10.644208
10.304457	10.644208
10.304457	11.009369
11.819541	11.009369
11.819541	11.330490
15.021855	11.330490
15.021855	11.574968
17.796960	11.574968
17.796960	11.745210
19.991429	11.745210
19.991429	12.040177
23.724122	12.040177
23.724122	12.623825
26.074386	12.623825
26.074386	13.427387
27.540850	13.427387
27.540850	14.978032
29.515935	14.978032
29.515935	17.023946
30.740469	17.023946
30.740469	17.997756
31.697525	17.997756
31.697525	18.482041
33.481469	18.482041
33.481469	18.754606
35.009145	18.754606
35.009145	18.900148
36.358441	18.900148
36.358441	19.024271
38.934484	19.024271
38.934484	19.111183
41.139173	19.111183
41.139173	19.154097
43.025346	19.154097
43.025346	19.194829
46.158103	19.194829
46.158103	19.244662
48.544801	19.244662
48.544801	19.297638
50.404864	19.297638
50.404864	19.383322
52.983186	19.383322
52.983186	19.516607
54.759682	19.516607
54.759682	19.656981
56.059431	19.656981
56.059431	19.827218
57.812895	19.827218
57.812895	19.985815
59.167395	19.985815
59.167395	20.073805
60.331333	20.073805
60.331333	20.133626
62.088709	20.133626
62.088709	20.175129
63.649545	20.175129
63.649545	20.200660
65.076570	20.200660
& cycle # 3, chisq = 320920.946208, e = 39.363641
0.000000	4.953356
0.271980	4.953356
0.271980	5.579105
0.564775	5.579105
0.564775	5.878454
0.757389	5.878454
0.757389	6.174001
1.133030	6.174001
1.133030	6.511659
1.485311	6.511659
1.485311	6.780132
1.768531	6.780132
1.768531	7.140359
2.417732	7.140359
2.417732	7.586660
3.029903	7.586660
3.029903	7.949523
3.537697	7.949523
3.537697	8.430855
4.671433	8.430855
4.671433	9.002693
5.722354	9.002693
5.722354	9.447293
6.606319	9.447293
6.606319	9.990302
8.527275	9.990302
8.527275	10.558673
10.304457	10.558673
10.304457	10.925534
11.819541	10.925534
11.819541	11.252542
15.021855	11.252542
15.021855	11.508048
17.796960	11.508048
17.796960	11.691389
19.991429	11.691389
19.991429	12.012405
23.724122	12.012405
23.724122	12.648592
26.074386	12.648592
26.074386	13.524486
27.540850	13.524486
27.540850	15.214058
29.515935	15.214058
29.515935	17.442037
30.740469	17.442037
30.740469	18.501714
31.697525	18.501714
31.697525	19.028597
33.481469	19.028597
33.481469	19.326075
35.009145	19.326075
35.009145	19.486132
36.358441	19.486132
36.358441	19.624641
38.934484	19.624641
38.934484	19.724822
41.139173	19.724822
41.139173	19.777795
43.025346	19.777795
43.025346	19.832687
46.158103	19.832687
46.158103	19.903901
48.544801	19.903901
48.544801	19.981787
50.404864	19.981787
50.404864	20.109742
52.983186	20.109742
52.983186	20.311160
54.759682	20.311160
54.759682	20.525787
56.059431	20.525787
56.059431	20.790102
57.812895	20.790102
57.812895	21.042164
59.167395	21.042164
59.167395	21.187730
60.331333	21.187730
60.331333	21.292981
62.088709	21.292981
62.088709	21.371443
63.649545	21.371443
63.649545	21.422882
65.076570	21.422882
& cycle # 4, chisq = 311059.663462, e = 39.363641
0.000000	5.969860
0.271980	5.969860
0.271980	6.696059
0.564775	6.696059
0.564775	6.998650
0.757389	6.998650
0.757389	7.274010
1.133030	7.274010
1.133030	7.572074
1.485311	7.572074
1.485311	7.799350
1.768531	7.799350
1.768531	8.093884
2.417732	8.093884
2.417732	8.448577
3.029903	8.448577
3.029903	8.730496
3.537697	8.730496
3.537697	9.097940
4.671433	9.097940
4.671433	9.529051
5.722354	9.529051
5.722354	9.861585
6.606319	9.861585
6.606319	10.266537
8.527275	10.266537
8.527275	10.691547
10.304457	10.691547
10.304457	10.968828
11.819541	10.968828
11.819541	11.223619
15.021855	11.223619
15.021855	11.436694
17.796960	11.436694
17.796960	11.602760
19.991429	11.602760
19.991429	11.905064
23.724122	11.905064
23.724122	12.513505
26.074386	12.513505
26.074386	13.359586
27.540850	13.359586
27.540850	15.010870
29.515935	15.010870
29.515935	17.228146
30.740469	17.228146
30.740469	18.326190
31.697525	18.326190
31.697525	18.926601
33.481469	18.926601
33.481469	19.306544
35.009145	19.306544
35.009145	19.523719
36.358441	19.523719
36.358441	19.717182
38.934484	19.717182
38.934484	19.861565
41.139173	19.861565
41.139173	19.941134
43.025346	19.941134
43.025346	20.025885
46.158103	20.025885
46.158103	20.135933
48.544801	20.135933
48.544801	20.255060
50.404864	20.255060
50.404864	20.448330
52.983186	20.448330
52.983186	20.748532
54.759682	20.748532
54.759682	21.063519
56.059431	21.063519
56.059431	21.443106
57.812895	21.443106
57.812895	21.793127
59.167395	21.793127
59.167395	21.983852
60.331333	21.983852
60.331333	22.109948
62.088709	22.109948
62.088709	22.194724
63.649545	22.194724
63.649545	22.245703
65.076570	22.245703
& cycle # 5, chisq = 325791.531576, e = 39.363641
0.000000	4.542085
0.256109	4.542085
0.256109	5.165838
0.538870	5.165838
0.538870	5.482876
0.724007	5.482876
0.724007	5.803045
1.089687	5.803045
1.089687	6.173807
1.432713	6.173807
1.432713	6.469826
1.707961	6.469826
1.707961	6.870888
2.347952	6.870888
2.347952	7.368390
2.951105	7.368390
2.951105	7.770043
3.450400	7.770043
3.450400	8.302024
4.580340	8.302024
4.580340	8.928446
5.626512	8.928446
5.626512	9.408038
6.504721	9.408038
6.504721	9.989519
8.437947	9.989519
8.437947	10.591400
10.224242	10.591400
10.224242	10.973203
11.744158	10.973203
11.744158	11.305654
14.997517	11.305654
14.997517	11.549986
17.809629	11.549986
17.809629	11.713325
20.023935	11.713325
20.023935	11.997796
23.806769	11.997796
23.806769	12.571746
26.148058	12.571746
26.148058	13.373693
27.586381	13.373693
27.586381	14.939354
29.519317	14.939354
29.519317	16.967986
30.715400	16.967986
30.715400	17.883301
31.656664	17.883301
31.656664	18.342641
33.438639	18.342641
33.438639	18.623034
34.962362	18.623034
34.962362	18.781461
36.306219	18.781461
36.306219	18.923989
38.900328	18.923989
38.900328	19.033417
41.115201	19.033417
41.115201	19.097667
43.006478	19.097667
43.006478	19.173159
46.172483	19.173159
46.172483	19.278997
48.569097	19.278997
48.569097	19.398984
50.426081	19.398984
50.426081	19.601522
53.005360	19.601522
53.005360	19.926537
54.764911	19.926537
54.764911	20.274815
56.045989	20.274815
56.045989	20.703902
57.789571	20.703902
57.789571	21.109862
59.140520	21.109862
59.140520	21.343349
60.305532	21.343349
60.305532	21.516413
62.083244	21.516413
62.083244	21.648724
63.661629	21.648724
63.661629	21.734509
65.103546	21.734509
& cycle # 1, chisq = 329884.039661, e = 40.021057
0.000000	0.902220
0.256109	0.902220
0.256109	1.751577
0.538870	1.751577
0.538870	2.248870
0.724007	2.248870
0.724007	2.755712
1.089687	2.755712
1.089687	3.343572
1.432713	3.343572
1.432713	3.812378
1.707961	3.812378
1.707961	4.445628
2.347952	4.445628
2.347952	5.228010
2.951105	5.228010
2.951105	5.856855
3.450400	5.856855
3.450400	6.685567
4.580340	6.685567
4.580340	7.656078
5.626512	7.656078
5.626512	8.394769
6.504721	8.394769
6.504721	9.284418
8.437947	9.284418
8.437947	10.197939
10.224242	10.197939
10.224242	10.770840
11.744158	10.770840
11.744158	11.257322
14.997517	11.257322
14.997517	11.593063
17.809629	11.593063
17.809629	11.796693
20.023935	11.796693
20.023935	12.133981
23.806769	12.133981
23.806769	12.803268
26.148058	12.803268
26.148058	13.730699
27.586381	13.730699
27.586381	15.526898
29.519317	15.526898
29.519317	17.827143
30.715400	17.827143
30.715400	18.837612
31.656664	18.837612
31.656664	19.312780
33.438639	19.312780
33.438639	19.581030
34.962362	19.581030
34.962362	19.725524
36.306219	19.725524
36.306219	19.849859
38.900328	19.849859
38.900328	19.937725
41.115201	19.937725
41.115201	19.981884
43.006478	19.981884
43.006478	20.025607
46.172483	20.025607
46.172483	20.081102
48.569097	20.081102
48.569097	20.141264
50.426081	20.141264
50.426081	20.240368
53.005360	20.240368
53.005360	20.396430
54.764911	20.396430
54.764911	20.560544
56.045989	20.560544
56.045989	20.757817
57.789571	20.757817
57.789571	20.937749
59.140520	20.937749
59.140520	21.035254
60.305532	21.035254
60.305532	21.101989
62.083244	21.101989
62.083244	21.149421
63.661629	21.149421
63.661629	21.178858
65.103546	21.178858
& cycle # 2, chisq = 307045.470284, e = 40.021057
0.000000	4.702287
0.256109	4.702287
0.256109	5.355470
0.538870	5.355470
0.538870	5.668938
0.724007	5.668938
0.724007	5.975993
1.089687	5.975993
1.089687	6.325480
1.432713	6.325480
1.432713	6.601491
1.707961	6.601491
1.707961	6.973271
2.347952	6.973271
2.347952	7.433898
2.951105	7.433898
2.951105	7.806812
3.450400	7.806812
3.450400	8.304292
4.580340	8.304292
4.580340	8.896256
5.626512	8.896256
5.626512	9.355141
6.504721	9.355141
6.504721	9.919161
8.437947	9.919161
8.437947	10.510671
10.224242	10.510671
10.224242	10.890885
11.744158	10.890885
11.744158	11.228635
14.997517	11.228635
14.997517	11.487141
17.809629	11.487141
17.809629	11.668858
20.023935	11.668858
20.023935	11.991029
23.806769	11.991029
23.806769	12.642144
26.148058	12.642144
26.148058	13.550330
27.586381	13.550330
27.586381	15.316368
29.519317	15.316368
29.519317	17.588049
30.715400	17.588049
30.715400	18.594558
31.656664	18.594558
31.656664	19.076009
33.438639	19.076009
33.438639	19.351647
34.962362	19.351647
34.962362	19.500130
36.306219	19.500130
36.306219	19.626866
38.900328	19.626866
38.900328	19.714776
41.115201	19.714776
41.115201	19.757215
43.006478	19.757215
43.006478	19.797087
46.172483	19.797087
46.172483	19.846001
48.569097	19.846001
48.569097	19.898246
50.426081	19.898246
50.426081	19.983727
53.005360	19.983727
53.005360	20.117765
54.764911	20.117765
54.764911	20.258213
56.045989	20.258213
56.045989	20.426325
57.789571	20.426325
57.789571	20.578718
59.140520	20.578718
59.140520	20.660459
60.305532	20.660459
60.305532	20.715614
62.083244	20.715614
62.083244	20.754292
63.661629	20.754292
63.661629	20.778120
65.103546	20.778120
& cycle # 3, chisq = 316440.324644, e = 40.021057
0.000000	4.860512
0.256109	4.860512
0.256109	5.479282
0.538870	5.479282
0.538870	5.777156
0.724007	5.777156
0.724007	6.071477
1.089687	6.071477
1.089687	6.408447
1.432713	6.408447
1.432713	6.675814
1.707961	6.675814
1.707961	7.037405
2.347952	7.037405
2.347952	7.486978
2.951105	7.486978
2.951105	7.852047
3.450400	7.852047
3.450400	8.340398
4.580340	8.340398
4.580340	8.922923
5.626512	8.922923
5.626512	9.375472
6.504721	9.375472
6.504721	9.932768
8.437947	9.932768
8.437947	10.518123
10.224242	10.518123
10.224242	10.894829
11.744158	10.894829
11.744158	11.229821
14.997517	11.229821
14.997517	11.486540
17.809629	11.486540
17.809629	11.667120
20.023935	11.667120
20.023935	11.987133
23.806769	11.987133
23.806769	12.633724
26.148058	12.633724
26.148058	13.535713
27.586381	13.535713
27.586381	15.290719
29.519317	15.290719
29.519317	17.551155
30.715400	17.551155
30.715400	18.556454
31.656664	18.556454
31.656664	19.042904
33.438639	19.042904
33.438639	19.326533
34.962362	19.326533
34.962362	19.481854
36.306219	19.481854
36.306219	19.617168
38.900328	19.617168
38.900328	19.715020
41.115201	19.715020
41.115201	19.766554
43.006478	19.766554
43.006478	19.820611
46.172483	19.820611
46.172483	19.891795
48.569097	19.891795
48.569097	19.970326
50.426081	19.970326
50.426081	20.100984
53.005360	20.100984
53.005360	20.308383
54.764911	20.308383
54.764911	20.528281
56.045989	20.528281
56.045989	20.795566
57.789571	20.795566
57.789571	21.043584
59.140520	21.043584
59.140520	21.182014
60.305532	21.182014
60.305532	21.280945
62.083244	21.280945
62.083244	21.354563
63.661629	21.354563
63.661629	21.401989
65.103546	21.401989
& cycle # 4, chisq = 318655.995836, e = 40.021057
0.000000	6.149789
0.256109	6.149789
0.256109	6.856782
0.538870	6.856782
0.538870	7.152019
0.724007	7.152019
0.724007	7.420878
1.089687	7.420878
1.089687	7.712148
1.432713	7.712148
1.432713	7.933275
1.707961	7.933275
1.707961	8.221050
2.347952	8.221050
2.347952	8.567109
2.951105	8.567109
2.951105	8.840182
3.450400	8.840182
3.450400	9.196412
4.580340	9.196412
4.580340	9.612481
5.626512	9.612481
5.626512	9.930285
6.504721	9.930285
6.504721	10.317001
8.437947	10.317001
8.437947	10.721084
10.224242	10.721084
10.224242	10.982203
11.744158	10.982203
11.744158	11.220127
14.997517	11.220127
14.997517	11.414465
17.809629	11.414465
17.809629	11.563617
20.023935	11.563617
20.023935	11.841070
23.806769	11.841070
23.806769	12.415888
26.148058	12.415888
26.148058	13.233840
27.586381	13.233840
27.586381	14.867646
29.519317	14.867646
29.519317	17.062158
30.715400	17.062158
30.715400	18.135332
31.656664	18.135332
31.656664	18.773192
33.438639	18.773192
33.438639	19.227684
34.962362	19.227684
34.962362	19.498597
36.306219	19.498597
36.306219	19.740086
38.900328	19.740086
38.900328	19.914523
41.115201	19.914523
41.115201	20.003523
43.006478	20.003523
43.006478	20.090980
46.172483	20.090980
46.172483	20.199287
48.569097	20.199287
48.569097	20.314045
50.426081	20.314045
50.426081	20.499827
53.005360	20.499827
53.005360	20.788177
54.764911	20.788177
54.764911	21.086986
56.045989	21.086986
56.045989	21.439284
57.789571	21.439284
57.789571	21.751213
59.140520	21.751213
59.140520	21.911709
60.305532	21.911709
60.305532	22.013310
62.083244	22.013310
62.083244	22.079834
63.661629	22.079834
63.661629	22.118929
65.103546	22.118929
& cycle # 5, chisq = 330941.138336, e = 40.021057
