25.000000	377.716412
24.872500	373.687033
24.787500	369.671308
24.717500	365.669761
24.655000	361.666901
24.595000	357.513704
24.540000	353.513535
24.485000	349.392205
24.432500	345.389165
24.380000	341.362341
24.327500	337.358928
24.272500	333.234600
24.217500	329.214580
24.160000	325.152014
24.100000	321.098554
24.035000	316.959379
23.965000	312.825129
23.890000	308.780913
23.805000	304.685786
23.707500	300.633899
23.590000	296.631920
23.432500	292.599345
23.170000	288.586994
20.992500	284.580163
20.485000	280.558612
20.217500	276.547375
20.015000	272.507557
19.847500	268.485078
19.700000	264.468960
19.565000	260.453629
19.437500	256.396245
19.317500	252.368568
19.202500	248.354569
19.090000	244.329054
18.977500	240.254963
18.865000	236.172629
18.752500	232.112233
18.640000	228.102615
18.525000	224.094765
18.405000	220.061564
18.277500	215.997548
18.142500	211.984061
17.995000	207.963789
17.830000	203.948245
17.635000	199.924148
17.382500	195.912587
16.970000	191.903797
14.887500	187.898975
14.125000	183.888181
13.145000	179.886282
10.777500	175.882660
7.957500	171.880707
5.717500	167.872439
5.305000	163.840230
5.120000	159.780874
4.990000	155.697124
4.887500	151.609185
4.802500	147.566735
4.727500	143.467561
4.660000	139.323628
4.600000	135.257847
4.545000	131.198559
4.492500	127.013580
4.445000	122.955623
4.400000	118.865268
4.357500	114.776485
4.317500	110.723760
4.277500	106.469606
4.240000	102.296248
0.000000	0.000000
& cycle # 1, chisq = 329142.684094, e = 40.085320
25.000000	480.990020
24.982500	476.513271
24.965000	472.221231
24.947500	468.112109
24.927500	463.627852
24.907500	459.355505
24.887500	455.287051
24.865000	450.945755
24.842500	446.841448
24.817500	442.540287
24.792500	438.494047
24.765000	434.321152
24.735000	430.083259
24.702500	425.837312
24.667500	421.631366
24.630000	417.507208
24.590000	413.505558
24.545000	409.451232
24.495000	405.443003
24.437500	401.392342
24.370000	397.287059
24.290000	393.190342
24.192500	389.101125
24.072500	385.088332
23.915000	381.041714
23.710000	377.036780
23.452500	373.018064
23.175000	368.991266
22.920000	364.950012
22.702500	360.931721
22.517500	356.910337
22.355000	352.853143
22.212500	348.835736
22.082500	344.766641
21.965000	340.761904
21.855000	336.734590
21.752500	332.734316
21.655000	328.707422
21.562500	324.698185
21.472500	320.637153
21.385000	316.550843
21.300000	312.458377
21.217500	308.375246
21.137500	304.318409
21.060000	300.308154
20.982500	296.233779
20.905000	292.110656
20.830000	288.086285
20.755000	284.036682
20.680000	279.968062
20.605000	275.887045
20.530000	271.802917
20.455000	267.728238
20.380000	263.677460
20.305000	259.664379
20.227500	255.568685
20.150000	251.532907
20.070000	247.435454
19.990000	243.413392
19.907500	239.353515
19.822500	235.277251
19.735000	231.210329
19.645000	227.178879
19.550000	223.100186
19.450000	219.006226
19.345000	214.928182
19.235000	210.903600
19.117500	206.899015
18.987500	202.840641
18.842500	198.776663
18.680000	194.771095
18.487500	190.733448
18.245000	186.706700
17.895000	182.705632
15.962500	178.705611
12.292500	174.705405
9.850000	170.701654
6.265000	166.701411
2.700000	162.698218
1.967500	158.683009
1.577500	154.678183
1.325000	150.657742
1.142500	146.617364
1.002500	142.586385
0.890000	138.583163
0.795000	134.539451
0.712500	130.423125
0.642500	126.422542
0.580000	122.398686
0.522500	118.262085
0.470000	114.078027
0.422500	109.928010
0.380000	105.893625
0.340000	101.789809
0.000000	0.000000
& cycle # 2, chisq = 308165.440245, e = 40.085320
25.000000	443.385144
24.985000	439.241241
24.967500	434.780576
24.950000	430.703107
24.930000	426.478582
24.907500	422.233263
24.882500	418.093400
24.852500	413.851000
24.817500	409.776307
24.772500	405.703547
24.707500	401.673687
24.552500	397.651012
23.925000	393.635490
23.720000	389.614132
23.527500	385.607880
23.290000	381.583103
22.275000	377.574786
21.950000	373.561974
21.780000	369.494196
21.652500	365.415045
21.547500	361.379407
21.455000	357.332268
21.370000	353.222293
21.292500	349.159868
21.220000	345.097534
21.150000	340.947109
21.085000	336.906566
21.022500	332.867410
20.962500	328.862844
20.902500	324.748396
20.845000	320.714653
20.787500	316.602869
20.730000	312.422721
20.675000	308.369030
20.620000	304.270106
20.565000	300.135618
20.510000	295.976380
20.455000	291.804128
20.400000	287.630955
20.345000	283.468588
20.290000	279.327721
20.235000	275.217612
20.180000	271.146042
20.125000	267.119631
20.067500	262.965007
20.010000	258.873175
19.952500	254.851549
19.892500	250.738753
19.832500	246.721138
19.770000	242.647823
19.705000	238.542880
19.637500	234.430844
19.567500	230.335413
19.495000	226.278799
19.417500	222.152519
19.337500	218.122418
19.252500	214.099063
19.160000	210.029810
19.060000	205.999804
18.947500	201.923890
18.820000	197.868607
18.670000	193.808801
18.485000	189.769247
18.227500	185.744715
17.700000	181.735481
12.085000	177.730465
6.542500	173.720820
6.062500	169.703863
5.822500	165.682640
5.650000	161.644278
5.512500	157.595378
5.397500	153.584095
5.295000	149.500125
5.205000	145.497962
5.122500	141.468345
5.045000	137.351957
4.975000	133.347117
4.907500	129.220956
4.845000	125.166492
4.785000	121.062355
4.727500	116.935184
4.672500	112.810370
4.620000	108.711601
4.570000	104.660931
4.520000	100.465948
0.000000	0.000000
& cycle # 3, chisq = 318367.627704, e = 40.085320
25.000000	326.894349
24.925000	322.877635
24.825000	318.802301
24.672500	314.754802
23.497500	310.754675
21.702500	306.739319
21.420000	302.711316
21.220000	298.708958
21.057500	294.702267
20.915000	290.647769
20.787500	286.623310
20.670000	282.599395
20.560000	278.572019
20.455000	274.516598
20.355000	270.493938
20.257500	266.451272
20.162500	262.420167
20.067500	258.314663
19.975000	254.261415
19.882500	250.173752
19.790000	246.078213
19.697500	242.003325
19.605000	237.973780
19.510000	233.901091
19.412500	229.804478
19.312500	225.705342
19.210000	221.633011
19.105000	217.625542
18.992500	213.547001
18.875000	209.546564
18.747500	205.513546
18.607500	201.457599
18.452500	197.440305
18.272500	193.430786
18.050000	189.419696
17.745000	185.418206
17.075000	181.417426
13.305000	177.416953
6.470000	173.414520
5.872500	169.396315
5.632500	165.378595
5.467500	161.346634
5.337500	157.295400
5.230000	153.295110
5.135000	149.221382
5.050000	145.110655
4.975000	141.092930
4.905000	136.996551
4.840000	132.883753
4.780000	128.817860
4.722500	124.675114
4.667500	120.483993
4.617500	116.477298
4.567500	112.280495
4.520000	108.114669
4.475000	104.004983
0.000000	0.000000
& cycle # 4, chisq = 319462.020729, e = 40.085320
25.000000	356.067415
24.962500	351.821018
24.915000	347.768221
24.842500	343.734703
24.385000	339.733117
22.982500	335.731536
22.757500	331.704659
22.610000	327.640614
22.492500	323.570188
22.392500	319.552318
22.302500	315.524925
22.220000	311.513826
22.142500	307.495626
22.067500	303.409016
21.995000	299.306187
21.925000	295.231024
21.857500	291.218410
21.790000	287.144717
21.722500	283.030728
21.655000	278.899519
21.587500	274.776456
21.520000	270.687461
21.452500	266.656520
21.382500	262.559145
21.310000	258.423151
21.237500	254.412819
21.162500	250.412635
21.082500	246.331804
20.997500	242.230189
20.907500	238.174791
20.810000	234.133616
20.702500	230.108370
20.580000	226.063715
20.435000	222.006655
20.252500	217.986505
19.982500	213.981049
17.977500	209.980665
15.435000	205.970379
14.960000	201.958465
14.595000	197.954112
14.250000	193.930117
13.907500	189.928896
13.497500	185.921425
12.887500	181.919657
8.755000	177.919583
7.790000	173.907660
7.480000	169.900481
7.260000	165.865003
7.082500	161.825073
6.932500	157.818612
6.797500	153.742803
6.675000	149.679499
6.562500	145.662141
6.455000	141.578088
6.355000	137.568562
6.257500	133.471619
6.165000	129.427836
6.075000	125.366595
5.987500	121.319237
5.902500	117.311649
5.817500	113.242277
5.732500	109.120685
5.650000	105.079113
5.567500	101.008239
0.000000	0.000000
& cycle # 5, chisq = 331240.687983, e = 40.085320
25.000000	377.716412
24.742500	373.675000
24.645000	369.588239
24.570000	365.542163
24.505000	361.519496
24.445000	357.466453
24.387500	353.346888
24.332500	349.262316
24.277500	345.102541
24.222500	340.919977
24.167500	336.759302
24.112500	332.665428
24.055000	328.505068
23.995000	324.338437
23.932500	320.221317
23.867500	316.206081
23.795000	312.075852
23.715000	307.974841
23.625000	303.946433
23.517500	299.914165
23.380000	295.897891
23.170000	291.875712
21.112500	287.873378
20.407500	283.853360
20.125000	279.820017
19.920000	275.764768
19.752500	271.723236
19.605000	267.667162
19.472500	263.662844
19.347500	259.597080
19.230000	255.552739
19.117500	251.523673
19.007500	247.484684
18.900000	243.483399
18.792500	239.459649
18.685000	235.440626
18.575000	231.366818
18.462500	227.286263
18.347500	223.256074
18.227500	219.248567
18.100000	215.244307
17.962500	211.242935
17.810000	207.226816
17.632500	203.177285
17.415000	199.176530
17.105000	195.154391
15.372500	191.150595
14.357500	187.150432
13.512500	183.143859
11.017500	179.141471
7.990000	175.140774
5.905000	171.128551
5.607500	167.124337
5.447500	163.107628
5.330000	159.036597
5.235000	154.927670
5.155000	150.826298
5.085000	146.706099
5.022500	142.572750
4.967500	138.557005
4.915000	134.375880
4.867500	130.287885
4.822500	126.138520
4.780000	121.965530
4.740000	117.806805
4.702500	113.699760
4.667500	109.680897
4.632500	105.479245
4.600000	101.410937
0.000000	0.000000
& cycle # 1, chisq = 333148.990499, e = 40.543190
25.000000	480.990020
24.980000	476.831132
24.960000	472.803218
24.937500	468.429997
24.915000	464.212799
24.892500	460.145279
24.867500	455.800279
24.842500	451.633270
24.815000	447.242651
24.787500	443.043186
24.760000	439.028736
24.730000	434.854743
24.697500	430.563843
24.665000	426.497412
24.630000	422.352391
24.592500	418.166743
24.552500	413.980201
24.510000	409.828009
24.465000	405.736688
24.417500	401.727932
24.365000	397.638377
24.307500	393.540536
24.245000	389.495294
24.175000	385.406112
24.097500	381.352618
24.010000	377.303052
23.910000	373.251957
23.795000	369.199034
23.662500	365.175101
23.507500	361.122474
23.332500	357.121560
23.135000	353.072799
22.927500	349.051770
22.717500	345.015205
22.517500	341.001546
22.330000	336.991064
22.155000	332.930836
21.995000	328.899916
21.847500	324.899563
21.710000	320.893509
21.580000	316.844745
21.457500	312.808066
21.340000	308.743762
21.227500	304.673196
21.120000	300.618726
21.017500	296.614059
20.917500	292.595383
20.820000	288.586896
20.722500	284.497858
20.627500	280.440922
20.535000	276.429863
20.442500	272.373995
20.350000	268.293445
20.257500	264.207202
20.165000	260.128447
20.072500	256.065054
19.980000	252.024543
19.887500	248.019169
19.792500	243.961084
19.695000	239.877198
19.595000	235.793242
19.492500	231.728872
19.387500	227.699222
19.277500	223.631842
19.162500	219.567459
19.042500	215.558610
18.912500	211.506794
18.772500	207.486350
18.617500	203.440904
18.442500	199.393582
18.237500	195.381671
17.977500	191.359139
17.600000	187.353657
15.190000	183.353342
11.795000	179.351038
10.212500	175.346531
8.800000	171.343721
4.150000	167.339365
3.347500	163.331801
2.812500	159.314009
2.365000	155.306431
1.967500	151.297441
1.622500	147.281510
1.340000	143.241003
1.120000	139.189556
0.950000	135.122020
0.817500	131.101508
0.710000	127.057281
0.620000	122.974541
0.545000	118.961666
0.480000	114.931456
0.422500	110.870219
0.370000	106.693811
0.322500	102.468071
0.000000	0.000000
& cycle # 2, chisq = 313341.248001, e = 40.543190
25.000000	443.385144
24.987500	439.245277
24.972500	434.596047
24.957500	430.280037
24.940000	425.643389
24.922500	421.405239
24.902500	417.013730
24.880000	412.608885
24.855000	408.324733
24.827500	404.277488
24.792500	400.008614
24.750000	395.961425
24.687500	391.833230
24.555000	387.815848
23.957500	383.785262
23.775000	379.732731
23.620000	375.685552
23.462500	371.625470
23.280000	367.591958
22.997500	363.588220
21.960000	359.560404
21.737500	355.555894
21.590000	351.552380
21.470000	347.471204
21.367500	343.411951
21.275000	339.306620
21.192500	335.302201
21.115000	331.260959
21.042500	327.253884
20.972500	323.197443
20.905000	319.130612
20.840000	315.086725
20.775000	310.931680
20.712500	306.843508
20.650000	302.675720
20.590000	298.611312
20.530000	294.497655
20.470000	290.348915
20.410000	286.180157
20.352500	282.180149
20.292500	278.014411
20.232500	273.868885
20.172500	269.753676
20.112500	265.677395
20.052500	261.647980
19.990000	257.509272
19.927500	253.440299
19.862500	249.294429
19.797500	245.248846
19.730000	241.166878
19.660000	237.074052
19.587500	232.995263
19.512500	228.953702
19.432500	224.845940
19.350000	220.832637
19.262500	216.828326
19.167500	212.783354
19.065000	208.782334
18.950000	204.745633
18.820000	200.740365
18.665000	196.684965
18.472500	192.649091
18.200000	188.639457
17.547500	184.639159
12.182500	180.636510
7.322500	176.636477
5.917500	172.621762
5.647500	168.594165
5.465000	164.577103
5.320000	160.504354
5.200000	156.485358
5.095000	152.442994
5.002500	148.442861
4.917500	144.384313
4.840000	140.354736
4.767500	136.297245
4.700000	132.267954
4.635000	128.156987
4.572500	123.988003
4.515000	119.962528
4.460000	115.939104
4.407500	111.939099
4.355000	107.782800
4.305000	103.679899
0.000000	0.000000
& cycle # 3, chisq = 319158.724742, e = 40.543190
25.000000	326.894349
24.937500	322.771776
24.860000	318.694637
24.755000	314.662878
24.575000	310.630939
21.982500	306.625722
21.492500	302.599519
21.235000	298.558263
21.042500	294.529514
20.880000	290.462751
20.737500	286.426721
20.607500	282.375248
20.487500	278.341617
20.375000	274.337634
20.265000	270.251700
20.160000	266.221033
20.057500	262.181168
19.957500	258.156393
19.857500	254.072752
19.760000	250.063961
19.662500	246.057997
19.562500	241.976864
19.462500	237.940333
19.360000	233.862793
19.255000	229.766911
19.147500	225.685759
19.037500	221.659140
18.922500	217.638082
18.800000	213.581258
18.670000	209.536742
18.530000	205.494005
18.377500	201.491209
18.202500	197.441819
17.997500	193.406372
17.745000	189.399880
17.382500	185.385906
16.470000	181.384113
7.012500	177.383215
6.125000	173.374026
5.860000	169.339462
5.682500	165.321048
5.545000	161.286438
5.430000	157.202436
5.332500	153.189022
5.245000	149.126913
5.165000	145.006622
5.092500	140.916098
5.025000	136.786219
4.962500	132.674096
4.905000	128.638926
4.850000	124.548878
4.797500	120.432198
4.747500	116.317056
4.700000	112.230790
4.655000	108.199502
4.610000	104.011126
0.000000	0.000000
& cycle # 4, chisq = 323313.788673, e = 40.543190
25.000000	356.067415
24.965000	352.003913
24.917500	347.854997
24.845000	343.806797
24.295000	339.805849
23.172500	335.802481
22.735000	331.798109
22.557500	327.749348
22.425000	323.675368
22.315000	319.632083
22.217500	315.573444
22.127500	311.468547
22.045000	307.446793
21.965000	303.352725
21.887500	299.240509
21.812500	295.154333
21.740000	291.132100
21.667500	287.068003
21.595000	282.994380
21.522500	278.945086
21.447500	274.815725
21.372500	270.776674
21.295000	266.723624
21.215000	262.692142
21.130000	258.604667
21.040000	254.528938
20.942500	250.443636
20.835000	246.372192
20.712500	242.305646
20.567500	238.274399
20.377500	234.235986
20.050000	230.226205
18.615000	226.221302
18.242500	222.188662
17.975000	218.168082
17.740000	214.135039
17.520000	210.107169
17.302500	206.084540
17.075000	202.072070
16.825000	198.042205
16.532500	194.021321
16.130000	190.002327
14.902500	186.001908
10.182500	181.996614
9.432500	177.996238
7.450000	173.995236
6.370000	169.977029
5.990000	165.966894
5.702500	161.946119
5.460000	157.939245
5.240000	153.916890
5.032500	149.881035
4.835000	145.863161
4.642500	141.861862
4.450000	137.846724
4.257500	133.832175
4.062500	129.806309
3.865000	125.805789
3.665000	121.799080
3.462500	117.774036
3.260000	113.743263
3.062500	109.707695
2.872500	105.665632
2.695000	101.647221
0.000000	0.000000
& cycle # 5, chisq = 328150.608923, e = 40.543190
25.000000	377.716412
24.940000	373.601484
24.880000	369.535703
24.817500	365.391323
24.755000	361.356799
24.690000	357.314115
24.622500	353.295093
24.550000	349.199871
24.472500	345.103106
24.390000	341.056364
24.300000	337.021115
24.200000	333.000197
24.085000	328.931468
23.950000	324.872231
23.787500	320.869312
23.575000	316.830891
23.280000	312.815274
22.850000	308.802697
22.340000	304.789975
21.922500	300.788041
21.610000	296.765889
21.365000	292.737421
21.162500	288.731690
20.987500	284.719429
20.830000	280.682974
20.685000	276.617918
20.552500	272.608178
20.427500	268.583147
20.307500	264.530356
20.192500	260.501357
20.080000	256.439203
19.970000	252.365275
19.862500	248.307995
19.757500	244.303363
19.652500	240.290183
19.545000	236.199481
19.437500	232.145114
19.330000	228.142988
19.220000	224.125366
19.105000	220.044420
18.987500	216.039192
18.862500	211.990655
18.730000	207.953942
18.587500	203.920345
18.430000	199.870627
18.250000	195.821496
18.035000	191.797914
17.755000	187.790030
17.262500	183.786328
14.780000	179.783924
13.412500	175.780442
10.845000	171.777531
7.765000	167.773711
5.270000	163.771650
4.850000	159.765266
4.647500	155.764462
4.500000	151.688511
4.382500	147.606321
4.285000	143.586981
4.200000	139.581159
4.122500	135.502920
4.052500	131.457815
3.987500	127.383919
3.927500	123.342707
3.870000	119.209211
3.817500	115.206876
3.767500	111.189266
3.720000	107.185120
3.672500	102.998400
0.000000	0.000000
& cycle # 1, chisq = 311665.635435, e = 39.504840
25.000000	480.990020
24.982500	476.484504
24.965000	472.168258
24.947500	468.039198
24.927500	463.537003
24.907500	459.251488
24.887500	455.174259
24.865000	450.827895
24.842500	446.723142
24.817500	442.426361
24.792500	438.389090
24.765000	434.230740
24.735000	430.013573
24.702500	425.794956
24.667500	421.623172
24.630000	417.540043
24.587500	413.351911
24.540000	409.172217
24.487500	405.096977
24.427500	401.038809
24.357500	396.988170
24.272500	392.897299
24.167500	388.823869
24.035000	384.814498
23.857500	380.784251
23.622500	376.771523
23.340000	372.759788
23.057500	368.726166
22.812500	364.688085
22.607500	360.658730
22.432500	356.619576
22.280000	352.592965
22.145000	348.584755
22.022500	344.578434
21.907500	340.504347
21.800000	336.418552
21.700000	332.372272
21.605000	328.314712
21.515000	324.293105
21.427500	320.232338
21.342500	316.154693
21.260000	312.076684
21.180000	308.013959
21.102500	303.984908
21.025000	299.876890
20.950000	295.840637
20.875000	291.757954
20.800000	287.639055
20.727500	283.629741
20.655000	279.598590
20.582500	275.552155
20.510000	271.499759
20.437500	267.453471
20.365000	263.426524
20.290000	259.293974
20.215000	255.205384
20.140000	251.167533
20.062500	247.053409
19.985000	243.004083
19.905000	238.900669
19.825000	234.886950
19.742500	230.855923
19.657500	226.830900
19.567500	222.720562
19.475000	218.662456
19.377500	214.568564
19.275000	210.471381
19.167500	206.412864
19.052500	202.358454
18.927500	198.300305
18.790000	194.248557
18.637500	190.232984
18.462500	186.223605
18.250000	182.205941
17.970000	178.196382
17.517500	174.195662
14.385000	170.193732
9.935000	166.191224
2.875000	162.189140
2.052500	158.186440
1.677500	154.174852
1.435000	150.158063
1.257500	146.143860
1.117500	142.133578
1.002500	138.120279
0.905000	134.113577
0.820000	130.090022
0.745000	126.056375
0.677500	121.991540
0.615000	117.823955
0.560000	113.796138
0.507500	109.599796
0.460000	105.483608
0.415000	101.286314
0.000000	0.000000
& cycle # 2, chisq = 298889.794603, e = 39.504840
25.000000	443.385144
24.985000	439.205531
24.967500	434.708234
24.950000	430.599223
24.930000	426.344413
24.907500	422.071739
24.882500	417.909008
24.852500	413.648393
24.817500	409.563281
24.772500	405.490899
24.707500	401.481021
24.545000	397.473704
23.945000	393.449474
23.757500	389.417095
23.590000	385.403673
23.407500	381.373888
23.157500	377.345932
22.112500	373.345784
21.852500	369.340958
21.695000	365.302469
21.572500	361.233705
21.470000	357.207625
21.377500	353.102172
21.295000	349.073101
21.217500	344.982207
21.145000	340.898776
21.077500	336.888619
21.012500	332.853282
20.950000	328.828416
20.887500	324.676946
20.827500	320.585393
20.770000	316.577173
20.712500	312.492845
20.655000	308.341504
20.600000	304.317078
20.545000	300.250207
20.490000	296.151854
20.435000	292.033779
20.380000	287.907904
20.325000	283.785583
20.270000	279.677014
20.215000	275.590952
20.160000	271.534801
20.105000	267.515021
20.047500	263.358044
19.990000	259.254744
19.932500	255.213073
19.872500	251.070820
19.812500	247.015512
19.750000	242.894456
19.687500	238.888436
19.622500	234.852342
19.555000	230.807449
19.485000	226.774099
19.412500	222.772263
19.335000	218.694633
19.252500	214.585993
19.165000	210.497438
19.072500	206.484732
18.970000	202.413547
18.857500	198.390033
18.730000	194.363113
18.580000	190.301250
18.397500	186.281861
18.147500	182.258114
17.700000	178.256470
11.907500	174.254505
6.492500	170.252077
6.052500	166.251129
5.817500	162.217659
5.647500	158.182930
5.512500	154.176488
5.397500	150.145425
5.295000	146.044471
5.205000	142.027775
5.122500	137.984992
5.045000	133.856199
4.975000	129.839961
4.907500	125.702473
4.845000	121.637077
4.785000	117.521898
4.727500	113.383502
4.672500	109.247228
4.620000	105.136730
4.570000	101.074052
0.000000	0.000000
& cycle # 3, chisq = 312377.299759, e = 39.504840
25.000000	326.894349
24.965000	322.695424
24.925000	318.529861
24.877500	314.347257
24.820000	310.247859
24.745000	306.187406
24.632500	302.176805
24.317500	298.172803
21.902500	294.171484
21.585000	290.132119
21.362500	286.118796
21.180000	282.112819
21.020000	278.089079
20.875000	274.085282
20.737500	270.023362
20.607500	265.971162
20.482500	261.908987
20.362500	257.898572
20.242500	253.824017
20.125000	249.802012
20.007500	245.766144
19.890000	241.737638
19.770000	237.665221
19.647500	233.591359
19.522500	229.549919
19.392500	225.483384
19.257500	221.419431
19.117500	217.404545
18.967500	213.367961
18.805000	209.322713
18.627500	205.278142
18.430000	201.235848
18.202500	197.207838
17.930000	193.193313
17.582500	189.184201
17.070000	185.168894
16.005000	181.168798
12.432500	177.166987
8.317500	173.166335
7.005000	169.159358
6.640000	165.140314
6.400000	161.107939
6.217500	157.063999
6.067500	152.993141
5.940000	148.956141
5.827500	144.919531
5.725000	140.820479
5.632500	136.749413
5.547500	132.680464
5.467500	128.555591
5.392500	124.425130
5.322500	120.338251
5.255000	116.182978
5.192500	112.144497
5.132500	108.090861
5.075000	104.040041
5.020000	100.010510
0.000000	0.000000
& cycle # 4, chisq = 319725.416684, e = 39.504840
25.000000	356.067415
24.975000	351.974680
24.945000	347.817851
24.907500	343.616106
24.860000	339.595888
24.787500	335.585914
24.525000	331.584593
22.960000	327.575574
22.752500	323.529558
22.610000	319.454253
22.495000	315.393112
22.395000	311.340174
22.305000	307.310143
22.220000	303.202559
22.140000	299.105396
22.065000	295.099493
21.990000	290.973442
21.917500	286.905225
21.845000	282.788767
21.772500	278.651877
21.700000	274.523261
21.627500	270.434240
21.555000	266.417856
21.480000	262.373150
21.402500	258.342728
21.320000	254.246927
21.232500	250.147339
21.140000	246.112568
21.037500	242.032624
20.922500	237.981939
20.787500	233.962719
20.615000	229.947609
20.345000	225.928691
18.982500	221.926366
18.587500	217.916408
18.322500	213.900220
18.100000	209.881696
17.892500	205.841232
17.690000	201.818228
17.485000	197.806937
17.265000	193.777832
17.012500	189.742531
16.697500	185.717118
16.170000	181.707704
11.047500	177.704645
8.280000	173.702714
7.400000	169.679676
7.085000	165.679670
6.857500	161.639419
6.672500	157.610113
6.510000	153.553301
6.365000	149.536037
6.230000	145.466926
6.105000	141.443230
5.985000	137.388775
5.870000	133.362092
5.757500	129.311911
5.647500	125.261242
5.540000	121.235747
5.432500	117.173471
5.325000	113.109190
5.217500	109.072908
5.107500	104.991445
4.997500	100.971702
0.000000	0.000000
& cycle # 5, chisq = 324507.735885, e = 39.504840
25.000000	377.716412
24.905000	373.713666
24.832500	369.667676
24.770000	365.573174
24.712500	361.390534
24.660000	357.289641
24.610000	353.179764
24.562500	349.140939
24.515000	345.018851
24.467500	340.849814
24.420000	336.665292
24.372500	332.500128
24.325000	328.390722
24.277500	324.367624
24.227500	320.249922
24.175000	316.076763
24.120000	311.894641
24.062500	307.758287
24.002500	303.723235
23.937500	299.688766
23.865000	295.604307
23.782500	291.489711
23.687500	287.448646
23.570000	283.417900
23.407500	279.370300
23.097500	275.358927
20.432500	271.346535
20.070000	267.340668
19.832500	263.296203
19.645000	259.283856
19.482500	255.266115
19.335000	251.209963
19.200000	247.192083
19.072500	243.185016
18.947500	239.114106
18.825000	235.031540
18.705000	230.974977
18.585000	226.897578
18.465000	222.848390
18.342500	218.801529
18.215000	214.734489
18.082500	210.700117
17.942500	206.678115
17.790000	202.624033
17.620000	198.580364
17.422500	194.569796
17.175000	190.551207
16.807500	186.542412
14.527500	182.540394
11.857500	178.537408
10.732500	174.527858
9.795000	170.523529
5.757500	166.521581
5.120000	162.521473
4.912500	158.514970
4.770000	154.458272
4.660000	150.455928
4.567500	146.427196
4.487500	142.403482
4.415000	138.287915
4.350000	134.193771
4.290000	130.058542
4.235000	125.956999
4.182500	121.757124
4.135000	117.712578
4.090000	113.662617
4.047500	109.639337
4.005000	105.420148
3.965000	101.267199
0.000000	0.000000
& cycle # 1, chisq = 326338.841511, e = 39.784169
25.000000	480.990020
24.982500	476.524768
24.965000	472.254893
24.947500	468.177742
24.927500	463.741017
24.907500	459.526877
24.887500	455.526251
24.865000	451.271503
24.842500	447.263335
24.817500	443.078822
24.790000	438.779975
24.760000	434.430961
24.730000	430.415488
24.697500	426.413253
24.660000	422.202609
24.620000	418.143732
24.575000	414.058778
24.525000	410.055316
24.467500	406.055114
24.400000	402.050430
24.317500	397.995876
24.215000	393.980795
24.080000	389.937629
23.895000	385.923756
23.637500	381.903049
23.325000	377.895308
23.027500	373.880435
22.780000	369.839515
22.577500	365.788629
22.407500	361.756996
22.260000	357.736558
22.127500	353.667541
22.007500	349.605985
21.897500	345.575508
21.795000	341.552488
21.697500	337.483260
21.605000	333.410916
21.517500	329.383349
21.432500	325.322282
21.350000	321.250428
21.270000	317.184827
21.192500	313.141106
21.117500	309.136870
21.042500	305.054766
20.970000	301.048151
20.897500	296.994995
20.825000	292.905859
20.752500	288.788324
20.680000	284.648165
20.610000	280.635092
20.540000	276.614350
20.470000	272.596199
20.400000	268.592602
20.327500	264.474005
20.255000	260.394741
20.182500	256.362587
20.107500	252.246345
20.032500	248.190477
19.955000	244.068976
19.877500	240.027317
19.797500	235.951408
19.715000	231.864128
19.630000	227.787995
19.542500	223.742145
19.452500	219.741751
19.357500	215.696723
19.257500	211.639777
19.152500	207.612685
19.040000	203.577621
18.917500	199.521931
18.782500	195.450855
18.632500	191.390596
18.462500	187.358934
18.260000	183.339373
18.000000	179.314503
17.617500	175.297069
15.002500	171.296464
9.327500	167.294986
2.350000	163.286970
1.740000	159.284508
1.437500	155.273073
1.237500	151.259123
1.087500	147.229151
0.967500	143.165060
0.867500	139.087237
0.782500	135.024248
0.707500	130.904795
0.642500	126.882556
0.582500	122.752475
0.527500	118.568748
0.477500	114.401741
0.432500	110.334712
0.390000	106.197847
0.350000	102.017849
0.000000	0.000000
& cycle # 2, chisq = 301738.592139, e = 39.784169
25.000000	443.385144
24.987500	439.076541
24.975000	435.030756
24.960000	430.508085
24.945000	426.330865
24.927500	421.863821
24.910000	417.802935
24.890000	413.624399
24.867500	409.469066
24.842500	405.466751
24.812500	401.419961
24.775000	397.363083
24.722500	393.230961
24.632500	389.213942
24.082500	385.193618
23.895000	381.147954
23.752500	377.081072
23.620000	373.021370
23.482500	368.971897
23.325000	364.968855
23.102500	360.967721
22.102500	356.949749
21.840000	352.946579
21.682500	348.898511
21.560000	344.820134
21.457500	340.792381
21.365000	336.694899
21.282500	332.683834
21.205000	328.622467
21.132500	324.580834
21.062500	320.474616
20.995000	316.345313
20.930000	312.230825
20.867500	308.163597
20.805000	304.002165
20.745000	299.930607
20.685000	295.795049
20.627500	291.782131
20.570000	287.731631
20.512500	283.655723
20.455000	279.567639
20.397500	275.481011
20.340000	271.408998
20.282500	267.363487
20.225000	263.354640
20.165000	259.219691
20.105000	255.141945
20.045000	251.128847
19.982500	247.025511
19.920000	243.010044
19.855000	238.938221
19.787500	234.834777
19.717500	230.726583
19.645000	226.640800
19.570000	222.603024
19.490000	218.511920
19.405000	214.410493
19.315000	210.344221
19.217500	206.263553
19.112500	202.252992
18.995000	198.240134
18.860000	194.230806
18.697500	190.191245
18.490000	186.149711
18.180000	182.136734
15.890000	178.134872
8.795000	174.134368
6.182500	170.129844
5.830000	166.102144
5.615000	162.091235
5.452500	158.055605
5.320000	154.050175
5.205000	150.015602
5.102500	145.949910
5.010000	141.874472
4.925000	137.772906
4.847500	133.728369
4.775000	129.679768
4.705000	125.527877
4.640000	121.458692
4.577500	117.350488
4.517500	113.224100
4.460000	109.099675
4.405000	104.997505
4.352500	100.938388
0.000000	0.000000
& cycle # 3, chisq = 313567.217325, e = 39.784169
25.000000	326.894349
24.957500	322.709285
24.910000	318.673056
24.852500	314.578869
24.780000	310.476284
24.682500	306.462533
24.515000	302.441913
22.012500	298.436842
21.525000	294.413271
21.267500	290.366936
21.075000	286.349337
20.912500	282.300350
20.770000	278.293978
20.640000	274.287210
20.517500	270.222932
20.402500	266.185893
20.292500	262.162773
20.185000	258.110072
20.080000	254.056820
19.977500	250.026864
19.875000	245.947682
19.772500	241.850624
19.670000	237.769170
19.567500	233.730279
19.462500	229.655104
19.355000	225.562213
19.245000	221.476393
19.132500	217.433754
19.015000	213.392465
18.890000	209.323190
18.757500	205.278841
18.615000	201.241099
18.460000	197.234670
18.285000	193.230399
18.077500	189.192180
17.822500	185.181968
17.462500	181.166558
16.652500	177.162199
7.055000	173.161608
6.165000	169.150388
5.895000	165.120101
5.712500	161.080327
5.572500	157.070578
5.455000	153.002280
5.355000	148.991126
5.265000	144.922109
5.185000	140.918097
5.110000	136.813667
5.040000	132.660269
4.975000	128.512726
4.915000	124.428328
4.857500	120.279498
4.802500	116.094196
4.750000	111.900437
4.700000	107.725390
4.652500	103.594887
0.000000	0.000000
& cycle # 4, chisq = 317081.051125, e = 39.784169
25.000000	356.067415
24.972500	351.862072
24.940000	347.767019
24.897500	343.608244
24.837500	339.555134
24.712500	335.534398
23.220000	331.534281
22.812500	327.526221
22.640000	323.467848
22.512500	319.408641
22.405000	315.310854
22.310000	311.204922
22.225000	307.173392
22.145000	303.103506
22.070000	299.082124
21.997500	295.041664
21.927500	291.029335
21.857500	286.935529
21.790000	282.934893
21.722500	278.906189
21.655000	274.875339
21.587500	270.870384
21.517500	266.774758
21.447500	262.766548
21.375000	258.733269
21.300000	254.709824
21.220000	250.606661
21.137500	246.601696
21.047500	242.522801
20.950000	238.477877
20.840000	234.410559
20.712500	230.363690
20.555000	226.321536
20.332500	222.290785
19.152500	218.288133
18.457500	214.275939
18.110000	210.258271
17.810000	206.242443
17.512500	202.241111
17.177500	198.238127
16.700000	194.231045
14.487500	190.229957
13.697500	186.225071
12.862500	182.218426
9.427500	178.218388
7.995000	174.196421
7.662500	170.166245
7.437500	166.151031
7.257500	162.109445
7.105000	158.067326
6.972500	154.058300
6.852500	150.016595
6.742500	145.977414
6.640000	141.940388
6.542500	137.865977
6.450000	133.793598
6.362500	129.757835
6.277500	125.670649
6.195000	121.555305
6.115000	117.438110
6.037500	113.345486
5.962500	109.300879
5.887500	105.184796
5.815000	101.145914
0.000000	0.000000
& cycle # 5, chisq = 329096.572864, e = 39.784169
25.000000	377.716412
24.870000	373.686839
24.790000	369.558105
24.727500	365.513298
24.672500	361.437460
24.622500	357.363583
24.575000	353.221907
24.530000	349.106485
24.487500	345.087081
24.445000	340.969969
24.402500	336.786883
24.360000	332.572822
24.317500	328.362337
24.275000	324.184904
24.232500	320.063910
24.190000	316.019283
24.145000	311.841717
24.100000	307.795370
24.052500	303.690676
24.002500	299.575817
23.950000	295.497756
23.892500	291.327117
23.832500	287.314145
23.765000	283.224213
23.690000	279.211912
23.600000	275.112866
23.490000	271.080261
23.337500	267.059826
23.025000	263.050068
20.160000	259.045243
19.780000	255.043172
19.540000	251.033196
19.347500	246.977659
19.182500	242.932370
19.032500	238.870534
18.892500	234.820984
18.760000	230.805837
18.630000	226.733995
18.502500	222.666083
18.375000	218.592011
18.247500	214.575654
18.115000	210.511071
17.977500	206.447370
17.832500	202.380100
17.677500	198.354102
17.505000	194.343845
17.302500	190.300673
17.052500	186.287792
16.675000	182.275610
14.382500	178.273025
11.777500	174.270944
10.600000	170.262856
9.762500	166.252088
6.537500	162.251387
5.737500	158.229643
5.470000	154.227429
5.290000	150.162989
5.152500	146.131502
5.040000	142.128804
4.942500	138.079698
4.857500	134.072060
4.780000	130.008275
4.710000	125.988021
4.645000	121.947013
4.585000	117.944461
4.527500	113.854785
4.472500	109.702862
4.420000	105.514643
4.370000	101.317294
0.000000	0.000000
& cycle # 1, chisq = 327124.477418, e = 38.878756
25.000000	480.990020
24.982500	476.533621
24.965000	472.255884
24.947500	468.155367
24.927500	463.674411
24.907500	459.398863
24.887500	455.321170
24.865000	450.962814
24.842500	446.834964
24.817500	442.500708
24.792500	438.414754
24.765000	434.191332
24.735000	429.891107
24.705000	425.890830
24.672500	421.868314
24.637500	417.866668
24.597500	413.677405
24.555000	409.638540
24.507500	405.578428
24.452500	401.401327
24.392500	397.396571
24.322500	393.351517
24.240000	389.312243
24.140000	385.246036
24.017500	381.208191
23.862500	377.156457
23.670000	373.138789
23.440000	369.103526
23.197500	365.102056
22.967500	361.090251
22.762500	357.087120
22.582500	353.069343
22.422500	349.030368
22.280000	345.021029
22.150000	340.984391
22.030000	336.931759
21.917500	332.855916
21.812500	328.808942
21.712500	324.731925
21.617500	320.661898
21.527500	316.642777
21.440000	312.597977
21.355000	308.549226
21.272500	304.512033
21.192500	300.500319
21.112500	296.401074
21.035000	292.358674
20.957500	288.261054
20.882500	284.256540
20.807500	280.223859
20.732500	276.169974
20.657500	272.100410
20.582500	268.021883
20.507500	263.944176
20.432500	259.880138
20.357500	255.843821
20.280000	251.715494
20.202500	247.640548
20.125000	243.625484
20.045000	239.548620
19.965000	235.546545
19.882500	231.507390
19.797500	227.453081
19.710000	223.408861
19.620000	219.399149
19.525000	215.339358
19.425000	211.259330
19.320000	207.189788
19.210000	203.169433
19.092500	199.165654
18.962500	195.102409
18.820000	191.088435
18.657500	187.041762
18.467500	182.993614
18.232500	178.984480
17.900000	174.962729
17.135000	170.962234
13.852500	166.958700
9.895000	162.955214
3.440000	158.952532
2.327500	154.944517
1.897500	150.917872
1.625000	146.893623
1.425000	142.865047
1.267500	138.817319
1.137500	134.759924
1.027500	130.696303
0.932500	126.643264
0.847500	122.530688
0.772500	118.457585
0.705000	114.390614
0.642500	110.257099
0.585000	106.110432
0.532500	102.002723
0.000000	0.000000
& cycle # 2, chisq = 291986.003738, e = 38.878756
25.000000	443.385144
24.985000	438.792483
24.970000	434.548144
24.952500	430.014544
24.935000	425.901243
24.915000	421.671717
24.892500	417.464971
24.867500	413.415781
24.837500	409.329829
24.800000	405.240479
24.750000	401.237006
24.662500	397.174036
24.105000	393.168987
23.897500	389.153036
23.735000	385.131426
23.572500	381.117190
23.375000	377.092830
22.922500	373.092236
22.107500	369.085931
21.932500	365.075482
21.805000	361.040179
21.700000	356.977305
21.610000	352.964582
21.527500	348.873250
21.452500	344.830085
21.382500	340.794126
21.315000	336.675332
21.252500	332.673748
21.192500	328.672963
21.132500	324.528522
21.075000	320.435538
21.020000	316.423162
20.965000	312.329283
20.910000	308.167152
20.857500	304.141887
20.805000	300.075363
20.752500	295.976341
20.700000	291.853055
20.647500	287.713744
20.595000	283.567142
20.542500	279.422756
20.490000	275.290839
20.437500	271.182072
20.385000	267.107029
20.332500	263.075591
20.277500	258.908435
20.222500	254.807072
20.167500	250.778278
20.110000	246.649989
20.052500	242.612784
19.992500	238.503310
19.930000	234.342230
19.867500	230.311772
19.802500	226.268200
19.735000	222.238542
19.662500	218.111375
19.587500	214.066447
19.507500	210.004755
19.422500	205.972276
19.330000	201.910205
19.230000	197.897109
19.117500	193.849704
18.987500	189.778720
18.832500	185.724866
18.637500	181.716976
18.352500	177.702714
16.725000	173.702370
8.922500	169.702088
6.445000	165.684055
6.120000	161.674044
5.910000	157.628990
5.750000	153.624212
5.617500	149.608859
5.502500	145.559160
5.400000	141.486086
5.307500	137.426000
5.222500	133.365529
5.142500	129.246093
5.067500	125.112573
4.997500	121.010794
4.932500	116.988059
4.870000	112.925668
4.810000	108.848458
4.752500	104.780994
4.697500	100.746439
0.000000	0.000000
& cycle # 3, chisq = 304335.954437, e = 38.878756
25.000000	326.894349
24.955000	322.791542
24.897500	318.640471
24.820000	314.569788
24.692500	310.519057
23.482500	306.517163
22.745000	302.503422
22.467500	298.485478
22.262500	294.451330
22.092500	290.431333
21.940000	286.373975
21.800000	282.334051
21.667500	278.269437
21.542500	274.268992
21.420000	270.250809
21.297500	266.179839
21.177500	262.167586
21.057500	258.161995
20.935000	254.124442
20.810000	250.101042
20.680000	246.044333
20.545000	241.982164
20.405000	237.957480
20.255000	233.897391
20.095000	229.871198
19.922500	225.865207
19.732500	221.851653
19.517500	217.826065
19.272500	213.825115
18.985000	209.814927
18.637500	205.814142
18.212500	201.801891
17.697500	197.795494
17.105000	193.791817
16.470000	189.789864
15.797500	185.776471
15.012500	181.769819
10.367500	177.769144
9.050000	173.757066
8.697500	169.722516
8.460000	165.686301
8.277500	161.657320
8.125000	157.610533
7.992500	153.570544
7.875000	149.554022
7.767500	145.494021
7.670000	141.474771
7.580000	137.473558
7.495000	133.439429
7.415000	129.420620
7.337500	125.326050
7.265000	121.317706
7.195000	117.283578
7.127500	113.239044
7.062500	109.199353
7.000000	105.180644
6.937500	101.031796
0.000000	0.000000
& cycle # 4, chisq = 326510.894264, e = 38.878756
25.000000	356.067415
24.935000	351.992346
24.850000	347.889294
24.732500	343.871476
24.542500	339.867095
24.182500	335.858607
23.740000	331.834199
23.437500	327.798004
23.225000	323.787001
23.057500	319.771869
22.915000	315.715151
22.790000	311.674885
22.677500	307.649507
22.572500	303.573877
22.475000	299.543528
22.382500	295.525991
22.292500	291.451840
22.205000	287.350407
22.120000	283.256324
22.037500	279.206878
21.955000	275.109766
21.872500	270.986512
21.792500	266.979012
21.712500	262.977787
21.630000	258.878369
21.547500	254.831357
21.462500	250.743378
21.375000	246.644903
21.285000	242.562312
21.192500	238.520394
21.095000	234.446653
20.992500	230.396279
20.882500	226.343918
20.762500	222.291042
20.630000	218.263373
20.477500	214.202783
20.295000	210.157240
20.055000	206.124114
19.660000	202.114294
17.037500	198.109698
14.092500	194.106286
13.467500	190.105379
12.995000	186.090618
12.535000	182.079745
12.222500	178.056977
11.925000	174.044182
11.545000	170.027364
11.047500	166.025607
6.952500	162.023920
5.962500	158.011536
5.622500	153.982879
5.390000	149.938196
5.207500	145.921757
5.052500	141.871570
4.917500	137.818317
4.797500	133.788243
4.687500	129.743209
4.585000	125.674204
4.490000	121.640727
4.400000	117.581076
4.315000	113.532254
4.232500	109.407569
4.155000	105.366286
4.080000	101.310291
0.000000	0.000000
& cycle # 5, chisq = 313656.155991, e = 38.878756
25.000000	377.716412
24.905000	373.610721
24.832500	369.580983
24.770000	365.571349
24.712500	361.523775
24.657500	357.399044
24.605000	353.280116
24.555000	349.247086
24.505000	345.156347
24.455000	341.044303
24.405000	336.943979
24.355000	332.892758
24.302500	328.731589
24.250000	324.696110
24.195000	320.626175
24.137500	316.566552
24.075000	312.410040
24.010000	308.398264
23.937500	304.312652
23.857500	300.279072
23.765000	296.230000
23.652500	292.170242
23.505000	288.137532
23.267500	284.122251
20.820000	280.117420
20.327500	276.108958
20.062500	272.086139
19.862500	268.040658
19.695000	263.992124
19.547500	259.976188
19.412500	255.959460
19.285000	251.891972
19.165000	247.860484
19.047500	243.773479
18.932500	239.687668
18.820000	235.643602
18.707500	231.580259
18.595000	227.528566
18.480000	223.441890
18.362500	219.375400
18.240000	215.301568
18.112500	211.274779
17.977500	207.271578
17.830000	203.237961
17.665000	199.208307
17.470000	195.163993
17.225000	191.150760
16.852500	187.136994
14.675000	183.134285
13.555000	179.133664
11.002500	175.126206
9.722500	171.121923
5.825000	167.120727
5.122500	163.098311
4.915000	159.043572
4.775000	155.002926
4.665000	150.943769
4.572500	146.850542
4.492500	142.757400
4.422500	138.719359
4.357500	134.562874
4.300000	130.543295
4.245000	126.386504
4.195000	122.335822
4.147500	118.242845
4.102500	114.141257
4.060000	110.064001
4.020000	106.043000
3.980000	101.841079
0.000000	0.000000
& cycle # 1, chisq = 326110.121733, e = 39.783752
25.000000	480.990020
24.982500	476.579843
24.965000	472.352595
24.947500	468.306465
24.927500	463.892046
24.907500	459.687312
24.887500	455.684271
24.865000	451.413958
24.842500	447.377936
24.817500	443.149594
24.790000	438.788707
24.762500	434.714434
24.732500	430.578440
24.700000	426.436070
24.665000	422.333987
24.627500	418.313122
24.585000	414.182377
24.537500	410.052475
24.485000	406.016914
24.425000	401.987881
24.355000	397.954700
24.270000	393.867243
24.167500	389.866072
24.035000	385.801074
23.862500	381.794705
23.635000	377.783853
23.360000	373.774272
23.080000	369.754465
22.832500	365.724164
22.622500	361.682554
22.445000	357.680445
22.287500	353.621726
22.147500	349.558998
22.022500	345.558781
21.905000	341.484397
21.795000	337.390084
21.692500	333.325759
21.595000	329.242843
21.502500	325.189185
21.412500	321.091657
21.327500	317.091211
21.242500	312.968305
21.160000	308.854926
21.080000	304.770968
21.002500	300.738913
20.925000	296.647284
20.850000	292.643234
20.775000	288.604207
20.700000	284.536187
20.625000	280.444864
20.550000	276.338146
20.475000	272.227304
20.400000	268.126111
20.325000	264.048465
20.250000	260.005920
20.172500	255.873990
20.095000	251.793764
20.017500	247.770106
19.937500	243.683044
19.857500	239.673968
19.775000	235.635069
19.690000	231.589594
19.602500	227.559372
19.510000	223.453251
19.415000	219.403080
19.315000	215.324486
19.210000	211.254001
19.100000	207.238097
18.980000	203.163356
18.850000	199.112760
18.707500	195.089535
18.547500	191.068504
18.360000	187.020565
18.130000	183.003937
17.817500	178.977546
17.240000	174.974945
13.510000	170.972845
8.522500	166.972664
2.450000	162.968346
1.842500	158.950742
1.530000	154.920911
1.320000	150.883175
1.162500	146.852742
1.037500	142.847240
0.932500	138.800728
0.842500	134.750999
0.762500	130.615102
0.692500	126.523914
0.630000	122.460809
0.572500	118.340895
0.520000	114.220711
0.472500	110.171987
0.427500	106.037458
0.385000	101.846200
0.000000	0.000000
& cycle # 2, chisq = 302285.859933, e = 39.783752
25.000000	443.385144
24.987500	439.084538
24.975000	435.044152
24.960000	430.524826
24.945000	426.347859
24.927500	421.877642
24.910000	417.810305
24.890000	413.620958
24.867500	409.449823
24.842500	405.426370
24.812500	401.350561
24.775000	397.253914
24.725000	393.228183
24.640000	389.184323
24.095000	385.157783
23.895000	381.110839
23.747500	377.040615
23.612500	373.024982
23.470000	368.962954
23.305000	364.949280
23.060000	360.934385
22.047500	356.922293
21.810000	352.905258
21.660000	348.894838
21.540000	344.810870
21.437500	340.719235
21.347500	336.685211
21.265000	332.637692
21.187500	328.543888
21.115000	324.474375
21.045000	320.344299
20.977500	316.195155
20.912500	312.064286
20.850000	307.983293
20.790000	303.978032
20.730000	299.898331
20.670000	295.754976
20.612500	291.735068
20.555000	287.678347
20.497500	283.597287
20.440000	279.505309
20.382500	275.416033
20.325000	271.342397
20.267500	267.295926
20.210000	263.286386
20.150000	259.150673
20.090000	255.071985
20.030000	251.057866
19.967500	246.953688
19.905000	242.937997
19.840000	238.866935
19.772500	234.765473
19.702500	230.660406
19.630000	226.578501
19.555000	222.544807
19.475000	218.457702
19.390000	214.360208
19.300000	210.298480
19.202500	206.224267
19.097500	202.223059
18.980000	198.222855
18.842500	194.160564
18.680000	190.151608
18.472500	186.151049
18.155000	182.133213
15.775000	178.131709
8.840000	174.128408
6.160000	170.117883
5.805000	166.095571
5.587500	162.041853
5.425000	158.001058
5.292500	153.992332
5.177500	149.952754
5.075000	145.878381
4.982500	141.791569
4.897500	137.677965
4.820000	133.622459
4.747500	129.564132
4.680000	125.555756
4.615000	121.485398
4.552500	117.374862
4.492500	113.244706
4.435000	109.115255
4.380000	105.007319
4.327500	100.942343
0.000000	0.000000
& cycle # 3, chisq = 313461.869408, e = 39.783752
25.000000	326.894349
24.960000	322.833262
24.912500	318.705712
24.855000	314.581972
24.782500	310.532807
24.680000	306.526450
24.477500	302.525096
21.900000	298.513244
21.515000	294.499592
21.275000	290.467909
21.087500	286.441863
20.927500	282.415408
20.782500	278.345039
20.650000	274.301106
20.525000	270.222609
20.407500	266.190088
20.295000	262.189580
20.185000	258.178645
20.075000	254.090809
19.967500	250.039093
19.860000	245.955794
19.752500	241.874308
19.645000	237.828588
19.535000	233.751512
19.422500	229.662857
19.307500	225.581637
19.190000	221.536964
19.067500	217.488693
18.937500	213.413690
18.800000	209.366513
18.652500	205.324194
18.492500	201.298359
18.312500	197.250717
18.105000	193.224729
17.855000	189.193887
17.527500	185.168347
17.007500	181.163507
12.482500	177.162713
7.255000	173.161442
6.457500	169.142254
6.165000	165.118423
5.967500	161.077432
5.815000	157.068868
5.687500	153.021658
5.577500	148.953044
5.480000	144.862146
5.392500	140.783370
5.312500	136.704466
5.237500	132.566009
5.167500	128.417815
5.102500	124.308810
5.042500	120.288084
4.985000	116.223887
4.930000	112.139606
4.877500	108.059851
4.827500	104.009631
0.000000	0.000000
& cycle # 4, chisq = 320338.914448, e = 39.783752
25.000000	356.067415
24.972500	351.973089
24.937500	347.726337
24.892500	343.579163
24.825000	339.485675
24.617500	335.483845
23.112500	331.482075
22.767500	327.444819
22.602500	323.420098
22.477500	319.358129
22.372500	315.291789
22.280000	311.237332
22.195000	307.147886
22.117500	303.147641
22.042500	299.065349
21.970000	294.955829
21.900000	290.864837
21.832500	286.829362
21.765000	282.727409
21.697500	278.582741
21.632500	274.575859
21.565000	270.426010
21.497500	266.315259
21.430000	262.268986
21.360000	258.163589
21.287500	254.029134
21.212500	249.897257
21.135000	245.803386
21.055000	241.788264
20.970000	237.782964
20.877500	233.754925
20.775000	229.711531
20.660000	225.702992
20.525000	221.695748
20.355000	217.690207
20.100000	213.662738
18.550000	209.655864
17.685000	205.655143
15.515000	201.651558
14.625000	197.644703
14.132500	193.632900
13.690000	189.627138
13.197500	185.617494
12.427500	181.610705
9.235000	177.609399
8.137500	173.604662
7.792500	169.602710
7.557500	165.602652
7.370000	161.561502
7.210000	157.501678
7.070000	153.463463
6.945000	149.456055
6.830000	145.436452
6.722500	141.407355
6.620000	137.340166
6.522500	133.280030
6.430000	129.262167
6.340000	125.202619
6.252500	121.121579
6.167500	117.043356
6.085000	112.994619
6.002500	108.875023
5.922500	104.828433
5.842500	100.743023
0.000000	0.000000
& cycle # 5, chisq = 329654.079141, e = 39.783752
25.000000	377.716412
24.905000	373.671387
24.835000	369.639261
24.775000	365.542098
24.722500	361.535493
24.672500	357.413771
24.625000	353.262164
24.580000	349.160309
24.535000	344.940239
24.492500	340.880481
24.450000	336.775206
24.407500	332.650546
24.365000	328.535676
24.322500	324.459708
24.280000	320.447068
24.235000	316.287800
24.190000	312.237683
24.142500	308.099951
24.092500	303.919589
24.040000	299.747108
23.985000	295.632439
23.927500	291.620833
23.865000	287.600861
23.795000	283.524069
23.715000	279.418402
23.622500	275.385335
23.507500	271.349339
23.347500	267.307127
23.030000	263.302014
20.205000	259.299440
19.845000	255.298285
19.605000	251.254454
19.412500	247.225526
19.245000	243.168955
19.095000	239.156752
18.952500	235.086677
18.817500	231.052815
18.687500	227.041558
18.560000	223.028470
18.432500	218.995767
18.302500	214.930239
18.170000	210.889012
18.032500	206.841744
17.890000	202.841533
17.737500	198.840570
17.567500	194.804256
17.372500	190.777644
17.137500	186.770893
16.812500	182.766866
15.860000	178.766009
13.167500	174.764179
10.760000	170.758846
9.900000	166.748423
8.487500	162.748368
5.382500	158.739511
5.092500	154.710744
4.905000	150.656169
4.762500	146.600235
4.645000	142.536971
4.545000	138.515063
4.455000	134.411412
4.375000	130.350109
4.302500	126.315768
4.235000	122.247769
4.172500	118.208269
4.112500	114.080898
4.057500	110.080801
4.005000	106.067094
3.955000	102.064858
0.000000	0.000000
& cycle # 1, chisq = 322916.240516, e = 38.797318
25.000000	480.990020
24.982500	476.764427
24.965000	472.689705
24.945000	468.217259
24.925000	463.930407
24.905000	459.817826
24.882500	455.393326
24.860000	451.176720
24.837500	447.157334
24.812500	442.907590
24.787500	438.872169
24.760000	434.669331
24.730000	430.353756
24.700000	426.302271
24.667500	422.188167
24.632500	418.051586
24.595000	413.933094
24.555000	409.873120
24.510000	405.682814
24.462500	401.647189
24.410000	397.595165
24.352500	393.594993
24.287500	389.561792
24.212500	385.457195
24.127500	381.387455
24.030000	377.343913
23.917500	373.335453
23.785000	369.265925
23.635000	365.262910
23.467500	361.258148
23.287500	357.226703
23.105000	353.203974
22.927500	349.164876
22.760000	345.137118
22.605000	341.121611
22.460000	337.072415
22.325000	333.026264
22.200000	329.009585
22.082500	324.985742
21.970000	320.917298
21.862500	316.837691
21.760000	312.769069
21.662500	308.736668
21.567500	304.666275
21.475000	300.585695
21.385000	296.517974
21.297500	292.478130
21.212500	288.477378
21.127500	284.408357
21.045000	280.406019
20.962500	276.367646
20.880000	272.309118
20.797500	268.242466
20.715000	264.175356
20.632500	260.113910
20.550000	256.066612
20.467500	252.046386
20.382500	247.949736
20.297500	243.916229
20.210000	239.843640
20.120000	235.747401
20.027500	231.641110
19.932500	227.541491
19.835000	223.472681
19.735000	219.465458
19.630000	215.457842
19.517500	211.402146
19.397500	207.347896
19.270000	203.347102
19.130000	199.331264
18.972500	195.308760
18.790000	191.296500
18.567500	187.269453
18.270000	183.265697
17.720000	179.258540
14.847500	175.253834
12.015000	171.252502
10.560000	167.248155
9.657500	163.240742
8.600000	159.233979
3.465000	155.230441
2.562500	151.222181
2.135000	147.216739
1.842500	143.188271
1.620000	139.140631
1.442500	135.134828
1.295000	131.130883
1.167500	127.087272
1.057500	123.070929
0.960000	119.030555
0.872500	114.973987
0.792500	110.851238
0.720000	106.723727
0.655000	102.678259
0.000000	0.000000
& cycle # 2, chisq = 294499.904482, e = 38.797318
25.000000	443.385144
24.982500	439.384693
24.962500	435.186071
24.940000	430.913872
24.915000	426.678149
24.887500	422.584615
24.855000	418.441916
24.815000	414.249259
24.765000	410.192383
24.692500	406.180136
24.512500	402.179662
23.847500	398.174921
23.640000	394.157193
23.452500	390.124120
23.247500	386.082900
22.957500	382.061612
21.825000	378.058305
21.567500	374.037365
21.405000	369.997988
21.277500	365.952535
21.170000	361.923110
21.075000	357.893376
20.987500	353.808281
20.907500	349.778265
20.832500	345.759434
20.760000	341.664917
20.690000	337.525793
20.622500	333.371391
20.557500	329.230607
20.495000	325.131846
20.435000	321.101964
20.375000	316.992323
20.317500	312.991100
20.260000	308.939053
20.202500	304.845409
20.145000	300.718248
20.087500	296.565031
20.030000	292.393314
19.975000	288.393314
19.920000	284.392201
19.862500	280.217930
19.805000	276.063436
19.747500	271.939660
19.690000	267.856700
19.632500	263.823219
19.572500	259.674679
19.512500	255.593874
19.452500	251.585926
19.390000	247.493657
19.327500	243.491633
19.262500	239.432728
19.195000	235.338406
19.125000	231.233006
19.052500	227.142408
18.977500	223.092062
18.897500	218.979927
18.815000	214.965118
18.727500	210.955312
18.632500	206.889003
18.530000	202.838271
18.417500	198.799412
18.290000	194.736413
18.142500	190.688314
17.965000	186.656773
17.735000	182.642052
17.367500	178.627674
12.415000	174.624488
11.250000	170.619721
9.572500	166.617842
6.287500	162.607653
5.940000	158.580248
5.720000	154.562528
5.555000	150.555855
5.420000	146.531210
5.305000	142.523408
5.202500	138.468174
5.110000	134.387473
5.027500	130.386830
4.950000	126.301661
4.877500	122.183515
4.810000	118.087137
4.747500	114.066886
4.687500	110.000664
4.630000	105.912309
4.575000	101.824226
0.000000	0.000000
& cycle # 3, chisq = 317757.804385, e = 38.797318
25.000000	326.894349
24.952500	322.723321
24.892500	318.612245
24.810000	314.592736
24.665000	310.584326
23.232500	306.583005
22.735000	302.569196
22.480000	298.531566
22.287500	294.519995
22.125000	290.505326
21.980000	286.497424
21.845000	282.469115
21.717500	278.438772
21.595000	274.400115
21.475000	270.341331
21.357500	266.318181
21.240000	262.277717
21.122500	258.244992
21.002500	254.171433
20.880000	250.105648
20.755000	246.087374
20.625000	242.063023
20.487500	237.992343
20.342500	233.939263
20.187500	229.911492
20.020000	225.908720
19.835000	221.885511
19.627500	217.875631
19.387500	213.863437
19.105000	209.848301
18.757500	205.823160
18.327500	201.820708
17.790000	197.814408
17.162500	193.806193
16.495000	189.794918
15.805000	185.791367
15.010000	181.786706
10.352500	177.785712
9.142500	173.767731
8.797500	169.738241
8.565000	165.733666
8.385000	161.721605
8.235000	157.679202
8.105000	153.637470
7.990000	149.632136
7.885000	145.603623
7.787500	141.524887
7.697500	137.456360
7.612500	133.339891
7.532500	129.222975
7.457500	125.153754
7.385000	121.031920
7.317500	117.031016
7.252500	113.030572
7.187500	108.884848
7.125000	104.760544
7.065000	100.673177
0.000000	0.000000
& cycle # 4, chisq = 326010.148302, e = 38.797318
25.000000	356.067415
24.930000	351.942985
24.840000	347.934524
24.707500	343.904581
24.472500	339.900665
23.980000	335.899458
23.517500	331.878706
23.237500	327.858501
23.037500	323.857545
22.875000	319.804101
22.737500	315.788955
22.615000	311.744590
22.502500	307.661940
22.400000	303.661353
22.302500	299.622207
22.210000	295.591530
22.120000	291.504604
22.032500	287.402947
21.947500	283.324024
21.865000	279.295512
21.782500	275.213140
21.700000	271.092435
21.620000	267.079592
21.540000	263.073444
21.457500	258.973766
21.375000	254.926840
21.290000	250.828070
21.205000	246.813906
21.117500	242.785490
21.027500	238.773087
20.932500	234.708067
20.832500	230.642023
20.727500	226.622356
20.615000	222.605784
20.492500	218.582687
20.355000	214.524115
20.197500	210.488047
20.007500	206.452987
19.760000	202.440481
19.345000	198.433938
16.017500	194.433721
13.565000	190.431201
12.972500	186.430570
12.475000	182.418904
12.165000	178.416066
11.852500	174.387924
11.470000	170.365387
10.985000	166.362520
9.532500	162.361971
5.645000	158.349627
5.307500	154.317978
5.082500	150.316960
4.905000	146.257654
4.757500	142.212685
4.630000	138.209594
4.515000	134.182606
4.410000	130.143932
4.312500	126.073973
4.222500	122.044075
4.137500	118.004270
4.057500	114.001830
3.980000	109.943486
3.905000	105.847627
3.832500	101.731175
0.000000	0.000000
& cycle # 5, chisq = 308585.715313, e = 38.797318
25.000000	377.716412
24.880000	373.631442
24.797500	369.509205
24.730000	365.440138
24.670000	361.396689
24.612500	357.213058
24.560000	353.196077
24.507500	349.055195
24.457500	345.040907
24.407500	340.996409
24.357500	336.964109
24.305000	332.789134
24.252500	328.711786
24.197500	324.574313
24.140000	320.424422
24.080000	316.319550
24.015000	312.167235
23.945000	308.060707
23.867500	303.962914
23.780000	299.905324
23.675000	295.825467
23.542500	291.812805
23.345000	287.803731
21.195000	283.802664
20.430000	279.794798
20.145000	275.784721
19.937500	271.750689
19.767500	267.728419
19.617500	263.694699
19.480000	259.642824
19.352500	255.612116
19.230000	251.528091
19.112500	247.466961
18.997500	243.410744
18.885000	239.409552
18.772500	235.408726
18.657500	231.350401
18.540000	227.277373
18.420000	223.247886
18.295000	219.247421
18.160000	215.199310
18.015000	211.195401
17.852500	207.163227
17.662500	203.124772
17.422500	199.124756
17.052500	195.123763
15.037500	191.115159
14.232500	187.106503
13.267500	183.105080
11.077500	179.100415
10.100000	175.095853
7.560000	171.089418
6.620000	167.083430
5.247500	163.055344
5.042500	159.036183
4.907500	154.997461
4.802500	150.917434
4.715000	146.810142
4.640000	142.731408
4.572500	138.586894
4.512500	134.501765
4.457500	130.407006
4.407500	126.380670
4.360000	122.277782
4.315000	118.133915
4.272500	113.985655
4.232500	109.869752
4.195000	105.822345
4.157500	101.590458
0.000000	0.000000
& cycle # 1, chisq = 332676.285732, e = 40.174398
25.000000	480.990020
24.977500	476.646918
24.955000	472.498451
24.930000	468.111600
24.905000	463.940274
24.877500	459.590686
24.850000	455.482534
24.820000	451.256821
24.787500	446.956815
24.755000	442.929310
24.720000	438.880773
24.682500	434.850414
24.640000	430.630059
24.595000	426.527428
24.545000	422.374997
24.490000	418.251906
24.430000	414.215333
24.362500	410.172508
24.285000	406.098709
24.195000	402.001551
24.092500	397.992484
23.970000	393.930243
23.825000	389.866295
23.657500	385.851158
23.467500	381.827947
23.265000	377.818025
23.060000	373.775142
22.865000	369.739882
22.685000	365.723039
22.520000	361.692365
22.367500	357.636716
22.227500	353.590557
22.097500	349.527404
21.977500	345.518109
21.862500	341.445037
21.755000	337.424360
21.652500	333.394353
21.555000	329.391443
21.460000	325.346512
21.367500	321.280998
21.277500	317.208450
21.190000	313.140105
21.105000	309.090979
21.022500	305.080846
20.940000	301.006148
20.860000	297.005640
20.780000	292.964867
20.700000	288.888574
20.620000	284.781003
20.542500	280.778614
20.465000	276.763790
20.387500	272.749512
20.310000	268.748674
20.230000	264.643586
20.150000	260.570567
20.070000	256.533775
19.987500	252.413381
19.905000	248.344043
19.822500	244.337556
19.737500	240.289813
19.650000	236.221642
19.560000	232.150931
19.467500	228.091168
19.372500	224.053977
19.272500	219.953783
19.170000	215.921997
19.062500	211.896696
18.947500	207.835576
18.825000	203.790290
18.692500	199.729594
18.550000	195.719137
18.390000	191.667655
18.207500	187.639187
17.990000	183.601447
17.717500	179.580796
17.317500	175.564931
15.777500	171.564813
4.292500	167.564030
2.222500	163.556187
1.625000	159.552278
1.310000	155.527370
1.105000	151.506910
0.955000	147.468868
0.837500	143.432908
0.740000	139.325384
0.657500	135.196386
0.587500	131.143466
0.525000	127.022223
0.470000	122.948820
0.420000	118.846556
0.375000	114.795443
0.332500	110.620644
0.292500	106.352398
0.257500	102.330419
0.000000	0.000000
& cycle # 2, chisq = 307053.418577, e = 40.174398
25.000000	443.385144
24.985000	439.240169
24.967500	434.782789
24.950000	430.712862
24.930000	426.501391
24.907500	422.275433
24.882500	418.161647
24.852500	413.955108
24.817500	409.926161
24.772500	405.914605
24.705000	401.854340
24.520000	397.854257
23.915000	393.827830
23.712500	389.825812
23.515000	385.823279
23.255000	381.799514
22.207500	377.791049
21.950000	373.772215
21.795000	369.752021
21.675000	365.721225
21.572500	361.633342
21.482500	357.569276
21.400000	353.471242
21.325000	349.449287
21.252500	345.303900
21.185000	341.227972
21.120000	337.118854
21.057500	333.012259
20.997500	328.941846
20.940000	324.937586
20.882500	320.845268
20.825000	316.676794
20.770000	312.628169
20.715000	308.528319
20.660000	304.385847
20.605000	300.209933
20.552500	296.201990
20.500000	292.182638
20.447500	288.162299
20.395000	284.151537
20.340000	279.971083
20.285000	275.822761
20.230000	271.715577
20.175000	267.657031
20.120000	263.653463
20.062500	259.532938
20.005000	255.485379
19.945000	251.347349
19.885000	247.305432
19.822500	243.207413
19.757500	239.077914
19.690000	234.942982
19.620000	230.828490
19.547500	226.758784
19.472500	222.756277
19.392500	218.719883
19.307500	214.695229
19.215000	210.627531
19.115000	206.601238
19.002500	202.534642
18.875000	198.502237
18.725000	194.486975
18.537500	190.465451
18.272500	186.454641
17.655000	182.448362
12.067500	178.448131
6.540000	174.447207
6.095000	170.437108
5.857500	166.401774
5.685000	162.362772
5.547500	158.340190
5.430000	154.276279
5.327500	150.232482
5.235000	146.166021
5.150000	142.062965
5.072500	138.000744
5.000000	133.911551
4.932500	129.846256
4.867500	125.693304
4.807500	121.652173
4.750000	117.593424
4.695000	113.541980
4.642500	109.521093
4.590000	105.350260
4.540000	101.238216
0.000000	0.000000
& cycle # 3, chisq = 318541.147149, e = 40.174398
25.000000	326.894349
24.940000	322.792140
24.865000	318.688181
24.765000	314.667263
24.597500	310.640555
22.105000	306.635661
21.575000	302.629267
21.317500	298.612229
21.125000	294.567921
20.965000	290.509515
20.825000	286.475188
20.697500	282.433204
20.580000	278.411883
20.467500	274.319284
20.360000	270.222367
20.257500	266.180778
20.157500	262.135632
20.060000	258.111607
19.962500	254.025572
19.867500	250.006841
19.772500	245.979179
19.677500	241.971556
19.580000	237.904267
19.482500	233.900689
19.382500	229.873860
19.280000	225.845768
19.172500	221.754190
19.062500	217.739726
18.945000	213.673651
18.820000	209.616666
18.685000	205.550012
18.537500	201.488833
18.372500	197.448110
18.180000	193.426680
17.942500	189.419623
17.612500	185.411031
16.870000	181.408467
11.182500	177.406446
6.220000	173.405036
5.862500	169.368965
5.657500	165.340926
5.507500	161.314215
5.385000	157.233903
5.282500	153.218087
5.192500	149.202662
5.110000	145.088865
5.035000	140.965218
4.967500	136.924742
4.905000	132.895145
4.845000	128.759555
4.790000	124.735220
4.737500	120.683423
4.687500	116.631829
4.640000	112.606978
4.592500	108.408888
4.547500	104.269980
4.505000	100.214721
0.000000	0.000000
& cycle # 4, chisq = 320314.614206, e = 40.174398
25.000000	356.067415
24.975000	351.698626
24.947500	347.557627
24.915000	343.451280
24.875000	339.389071
24.820000	335.262219
24.732500	331.212384
23.305000	327.205334
22.880000	323.199380
22.695000	319.191083
22.557500	315.167899
22.442500	311.150861
22.340000	307.111804
22.245000	303.017404
22.157500	298.986013
22.072500	294.877047
21.990000	290.754902
21.910000	286.673271
21.830000	282.544018
21.752500	278.529356
21.672500	274.404145
21.592500	270.336285
21.510000	266.243273
21.425000	262.175212
21.335000	258.068863
21.240000	253.989203
21.137500	249.911579
21.025000	245.861948
20.897500	241.856415
20.742500	237.847395
20.532500	233.844621
20.077500	229.837387
18.740000	225.816684
18.420000	221.790831
18.175000	217.759138
17.960000	213.746744
17.755000	209.714983
17.552500	205.666947
17.347500	201.658020
17.125000	197.619445
16.875000	193.607959
16.570000	189.590928
16.110000	185.581107
9.130000	181.578698
8.240000	177.556244
7.892500	173.529863
7.647500	169.485318
7.452500	165.439268
7.285000	161.382758
7.137500	157.367907
7.002500	153.317866
6.877500	149.248778
6.760000	145.164725
6.650000	141.140990
6.545000	137.140400
6.442500	133.096560
6.342500	129.027313
6.245000	124.952716
6.150000	120.898591
6.057500	116.894050
5.965000	112.856333
5.872500	108.804503
5.780000	104.751619
5.687500	100.706975
0.000000	0.000000
& cycle # 5, chisq = 337670.041694, e = 40.174398
25.000000	377.716412
24.955000	373.715769
24.910000	369.606244
24.865000	365.414902
24.820000	361.180603
24.777500	357.158748
24.735000	353.143033
24.690000	348.926596
24.645000	344.762433
24.600000	340.668189
24.552500	336.449186
24.505000	332.358015
24.455000	328.202222
24.402500	324.016486
24.347500	319.846000
24.290000	315.740687
24.227500	311.582337
24.160000	307.444651
24.087500	303.410256
24.005000	299.337770
23.910000	295.301675
23.795000	291.268893
23.645000	287.268291
23.407500	283.244438
21.330000	279.242162
20.585000	275.233972
20.277500	271.233729
20.052500	267.196654
19.870000	263.186398
19.710000	259.152228
19.565000	255.126385
19.430000	251.090873
19.302500	247.046426
19.180000	242.981835
19.062500	238.964887
18.945000	234.877637
18.830000	230.841939
18.715000	226.794784
18.600000	222.762566
18.482500	218.697078
18.362500	214.650225
18.237500	210.592899
18.107500	206.574095
17.970000	202.565434
17.820000	198.507767
17.655000	194.484006
17.465000	190.477350
17.232500	186.463536
16.912500	182.447165
16.085000	178.445628
13.640000	174.444694
10.735000	170.439896
7.225000	166.439069
4.760000	162.424445
4.485000	158.381201
4.310000	154.324220
4.177500	150.280866
4.067500	146.206206
3.972500	142.114234
3.890000	138.093817
3.815000	134.035630
3.745000	129.883298
3.682500	125.868182
3.622500	121.735063
3.567500	117.703657
3.515000	113.636757
3.465000	109.562727
3.417500	105.508646
3.372500	101.500552
0.000000	0.000000
& cycle # 1, chisq = 316641.175779, e = 39.363641
25.000000	480.990020
24.982500	476.622978
24.965000	472.427273
24.947500	468.401801
24.927500	463.998570
24.907500	459.792719
24.887500	455.777188
24.865000	451.480330
24.842500	447.405680
24.817500	443.121572
24.792500	439.077106
24.765000	434.890184
24.735000	430.619881
24.702500	426.321041
24.667500	422.040131
24.630000	417.817912
24.590000	413.694735
24.545000	409.486815
24.495000	405.291687
24.440000	401.185793
24.377500	397.077890
24.305000	392.955005
24.220000	388.852498
24.120000	384.817842
23.997500	380.773064
23.845000	376.718829
23.657500	372.672111
23.440000	368.671487
23.207500	364.659163
22.982500	360.620259
22.780000	356.618484
22.600000	352.606397
22.440000	348.605245
22.295000	344.587717
22.162500	340.548981
22.040000	336.494294
21.925000	332.416224
21.817500	328.365580
21.715000	324.283349
21.617500	320.204974
21.525000	316.173867
21.435000	312.116088
21.347500	308.053026
21.262500	303.999580
21.180000	299.969524
21.097500	295.853910
21.017500	291.794891
20.937500	287.684709
20.860000	283.667799
20.782500	279.625973
20.705000	275.565641
20.627500	271.492568
20.550000	267.414802
20.472500	263.344094
20.395000	259.294920
20.317500	255.281754
20.237500	251.189266
20.157500	247.156046
20.075000	243.064391
19.992500	239.046772
19.907500	234.993539
19.820000	230.925961
19.730000	226.869842
19.637500	222.851122
19.540000	218.789367
19.437500	214.714737
19.330000	210.657083
19.217500	206.653890
19.095000	202.594753
18.962500	198.574309
18.815000	194.549110
18.647500	190.520857
18.450000	186.478795
18.202500	182.470436
17.845000	178.463213
15.917500	174.462585
13.280000	170.462534
9.697500	166.461109
5.585000	162.460882
2.455000	158.458227
1.955000	154.434705
1.657500	150.412125
1.445000	146.382436
1.280000	142.326822
1.145000	138.255111
1.032500	134.213143
0.935000	130.147542
0.850000	126.117335
0.772500	121.981912
0.705000	117.975835
0.642500	113.901784
0.585000	109.812658
0.532500	105.760094
0.482500	101.591575
0.000000	0.000000
& cycle # 2, chisq = 298636.697968, e = 39.363641
25.000000	443.385144
24.982500	438.937834
24.965000	434.824948
24.945000	430.515725
24.922500	426.129117
24.897500	421.779696
24.870000	417.583249
24.837500	413.341037
24.800000	409.290278
24.752500	405.267020
24.682500	401.164002
24.530000	397.157357
23.877500	393.120421
23.685000	389.110497
23.522500	385.083353
23.362500	381.082119
23.185000	377.072392
22.947500	373.045236
21.867500	369.038939
21.522500	365.022610
21.340000	360.968287
21.202500	356.912808
21.087500	352.835784
20.987500	348.794047
20.897500	344.781856
20.812500	340.684473
20.732500	336.567749
20.657500	332.489687
20.585000	328.358118
20.517500	324.357317
20.450000	320.223484
20.385000	316.133167
20.322500	312.113585
20.260000	308.022269
20.197500	303.870612
20.137500	299.837501
20.077500	295.766155
20.017500	291.665047
19.957500	287.543671
19.897500	283.412878
19.837500	279.284687
19.777500	275.171609
19.717500	271.085726
19.657500	267.037831
19.597500	263.036912
19.535000	258.926945
19.472500	254.882245
19.407500	250.751282
19.342500	246.704143
19.275000	242.598605
19.205000	238.456439
19.135000	234.443573
19.062500	230.435369
18.985000	226.327628
18.905000	222.285891
18.820000	218.214972
18.730000	214.154707
18.635000	210.147279
18.532500	206.147270
18.417500	202.067101
18.290000	198.050055
18.142500	194.042303
17.962500	189.997176
17.727500	185.962342
17.345000	181.949296
13.950000	177.948199
11.155000	173.941576
9.237500	169.940782
6.107500	165.924228
5.760000	161.912758
5.537500	157.868043
5.370000	153.829196
5.232500	149.786554
5.115000	145.751969
5.012500	141.748742
4.920000	137.718282
4.835000	133.648541
4.757500	129.624472
4.685000	125.584604
4.617500	121.579403
4.552500	117.494792
4.490000	113.350812
4.432500	109.346253
4.377500	105.340498
4.322500	101.161960
0.000000	0.000000
& cycle # 3, chisq = 320920.946208, e = 39.363641
25.000000	326.894349
24.945000	322.804900
24.877500	318.675359
24.792500	314.653101
24.667500	310.597588
24.392500	306.588223
21.842500	302.574742
21.522500	298.548307
21.310000	294.539584
21.140000	290.507490
20.995000	286.484115
20.865000	282.453938
20.745000	278.406977
20.632500	274.343580
20.527500	270.333412
20.425000	266.243886
20.327500	262.225579
20.232500	258.217882
20.137500	254.139652
20.045000	250.116365
19.952500	246.057872
19.860000	241.986201
19.767500	237.928574
19.675000	233.912504
19.580000	229.854535
19.482500	225.776911
19.382500	221.699517
19.280000	217.646050
19.172500	213.556084
19.060000	209.484188
18.940000	205.404915
18.812500	201.383914
18.672500	197.340551
18.517500	193.322946
18.337500	189.289201
18.117500	185.276762
17.820000	181.266385
17.247500	177.257844
11.805000	173.256483
6.472500	169.255809
5.950000	165.235579
5.720000	161.199020
5.560000	157.151768
5.435000	153.132577
5.330000	149.110274
5.237500	145.038191
5.155000	140.957560
5.080000	136.855747
5.012500	132.826769
4.950000	128.799242
4.890000	124.656409
4.835000	120.616653
4.782500	116.542094
4.732500	112.461804
4.685000	108.403920
4.640000	104.395288
4.595000	100.225502
0.000000	0.000000
& cycle # 4, chisq = 311059.663462, e = 39.363641
25.000000	356.067415
24.980000	351.966671
24.957500	347.847115
24.932500	343.830682
24.902500	339.694812
24.867500	335.693981
24.822500	331.649326
24.760000	327.636972
24.645000	323.587836
23.090000	319.565634
22.815000	315.542015
22.647500	311.492261
22.517500	307.468518
22.405000	303.408130
22.305000	299.386790
22.212500	295.356107
22.125000	291.309538
22.040000	287.208877
21.957500	283.115217
21.877500	279.077356
21.797500	275.005321
21.717500	270.931351
21.637500	266.890950
21.555000	262.800389
21.470000	258.709884
21.382500	254.669909
21.290000	250.620631
21.190000	246.529308
21.082500	242.497045
20.962500	238.487876
20.820000	234.444320
20.640000	230.438408
20.360000	226.422369
18.950000	222.411720
18.540000	218.390047
18.267500	214.366094
18.040000	210.353269
17.830000	206.351534
17.625000	202.327060
17.420000	198.322200
17.202500	194.299938
16.960000	190.271136
16.675000	186.251287
16.282500	182.233046
15.145000	178.231821
8.047500	174.227143
7.605000	170.200882
7.340000	166.170716
7.135000	162.120845
6.965000	158.087191
6.817500	154.072898
6.682500	150.001023
6.557500	145.917221
6.442500	141.905736
6.332500	137.845434
6.227500	133.775518
6.127500	129.741599
6.030000	125.684671
5.935000	121.637433
5.842500	117.624381
5.750000	113.551337
5.660000	109.539744
5.570000	105.491798
5.480000	101.424504
0.000000	0.000000
& cycle # 5, chisq = 325791.531576, e = 39.363641
25.000000	377.716412
24.875000	373.709556
24.792500	369.682311
24.725000	365.660707
24.665000	361.632835
24.610000	357.627868
24.557500	353.591474
24.505000	349.410356
24.455000	345.339231
24.405000	341.221557
24.355000	337.101801
24.305000	333.023734
24.255000	329.022037
24.202500	324.930230
24.147500	320.792206
24.090000	316.661600
24.030000	312.597949
23.965000	308.505166
23.895000	304.469579
23.817500	300.457822
23.727500	296.407098
23.620000	292.402496
23.477500	288.350831
23.250000	284.323785
20.745000	280.319319
20.265000	276.294919
20.007500	272.285656
19.812500	268.253051
19.647500	264.194830
19.502500	260.184289
19.370000	256.182279
19.245000	252.142292
19.125000	248.069652
19.010000	244.041040
18.897500	240.025443
18.785000	235.969128
18.672500	231.901221
18.560000	227.857666
18.445000	223.797287
18.327500	219.777505
18.205000	215.770487
18.075000	211.754278
17.935000	207.726912
17.780000	203.672671
17.602500	199.623876
17.387500	195.609442
17.095000	191.600491
16.412500	187.599333
14.215000	183.595469
12.750000	179.594118
10.707500	175.593281
8.065000	171.590366
5.812500	167.586864
5.272500	163.548017
5.080000	159.515090
4.947500	155.453024
4.845000	151.434194
4.757500	147.322502
4.682500	143.255242
4.615000	139.135343
4.555000	135.084894
4.500000	131.033044
4.447500	126.848295
4.400000	122.784393
4.355000	118.682989
4.312500	114.579063
4.272500	110.508047
4.235000	106.505082
4.197500	102.319631
0.000000	0.000000
& cycle # 1, chisq = 329884.039661, e = 40.021057
25.000000	480.990020
24.982500	476.611338
24.965000	472.406786
24.947500	468.375140
24.927500	463.967966
24.907500	459.761321
24.887500	455.747972
24.865000	451.456921
24.842500	447.391403
24.817500	443.121082
24.792500	439.093962
24.765000	434.929903
24.735000	430.688658
24.702500	426.425660
24.667500	422.187874
24.630000	418.016446
24.590000	413.951948
24.545000	409.814667
24.495000	405.702661
24.440000	401.692608
24.375000	397.549202
24.300000	393.456962
24.212500	389.450649
24.105000	385.403944
23.970000	381.352146
23.800000	377.350457
23.585000	373.330638
23.335000	369.303038
23.080000	365.269010
22.847500	361.227373
22.645000	357.195079
22.470000	353.191181
22.312500	349.124419
22.172500	345.087548
22.045000	341.048842
21.927500	337.028263
21.817500	333.003261
21.712500	328.919297
21.615000	324.919104
21.520000	320.843521
21.430000	316.836077
21.342500	312.813395
21.257500	308.791000
21.175000	304.783656
21.092500	300.683955
21.012500	296.634354
20.932500	292.527977
20.855000	288.509534
20.777500	284.461154
20.700000	280.389501
20.622500	276.300820
20.545000	272.203820
20.467500	268.110953
20.390000	264.037289
20.312500	259.997710
20.232500	255.876230
20.152500	251.812548
20.072500	247.812312
19.990000	243.759382
19.905000	239.669772
19.817500	235.565490
19.727500	231.473061
19.635000	227.419059
19.537500	223.322775
19.437500	219.313022
19.332500	215.312619
19.220000	211.272027
19.100000	207.258825
18.967500	203.202088
18.820000	199.147616
18.652500	195.100449
18.457500	191.099644
18.210000	187.095926
17.847500	183.092112
15.582500	179.090612
12.982500	175.089023
9.955000	171.085504
8.015000	167.082728
2.852500	163.075663
2.045000	159.069618
1.642500	155.042232
1.385000	151.018634
1.200000	147.008645
1.055000	142.949995
0.937500	138.881215
0.840000	134.858249
0.755000	130.762887
0.680000	126.617653
0.615000	122.570345
0.555000	118.404866
0.502500	114.376410
0.452500	110.175367
0.407500	106.066506
0.365000	101.873037
0.000000	0.000000
& cycle # 2, chisq = 307045.470284, e = 40.021057
25.000000	443.385144
24.987500	439.160760
24.972500	434.417543
24.957500	430.015238
24.942500	425.936791
24.925000	421.559917
24.905000	417.024721
24.885000	412.953311
24.862500	408.885512
24.835000	404.581167
24.802500	400.328931
24.762500	396.163697
24.707500	392.023149
24.612500	388.000022
24.035000	383.978769
23.837500	379.931473
23.685000	375.877688
23.540000	371.828086
23.385000	367.812659
23.192500	363.793949
22.792500	359.790009
21.867500	355.765339
21.675000	351.704159
21.537500	347.648744
21.425000	343.609653
21.327500	339.595595
21.237500	335.477116
21.155000	331.366272
21.077500	327.230315
21.005000	323.141629
20.935000	319.013670
20.867500	314.884225
20.802500	310.784960
20.740000	306.742152
20.677500	302.611457
20.617500	298.574305
20.557500	294.478974
20.497500	290.339006
20.437500	286.169211
20.380000	282.159239
20.322500	278.148636
20.262500	273.975396
20.202500	269.825112
20.142500	265.707157
20.082500	261.629796
20.022500	257.601073
19.960000	253.465463
19.897500	249.402655
19.832500	245.266948
19.767500	241.235376
19.700000	237.171422
19.630000	233.099806
19.557500	229.044217
19.482500	225.026759
19.402500	220.944349
19.317500	216.840114
19.227500	212.763188
19.130000	208.668653
19.025000	204.643168
18.907500	200.609114
18.772500	196.561176
18.612500	192.516260
18.410000	188.476668
18.112500	184.470531
16.192500	180.470272
11.110000	176.469432
6.310000	172.467978
5.815000	168.459894
5.572500	164.422738
5.400000	160.378079
5.262500	156.354460
5.145000	152.297545
5.042500	148.249124
4.950000	144.158177
4.867500	140.143819
4.790000	136.052080
4.717500	131.940466
4.650000	127.863752
4.585000	123.708567
4.525000	119.669808
4.467500	115.613031
4.412500	111.559669
4.360000	107.531777
4.307500	103.349248
0.000000	0.000000
& cycle # 3, chisq = 316440.324644, e = 40.021057
25.000000	326.894349
24.937500	322.818357
24.860000	318.757723
24.755000	314.700066
24.582500	310.681834
22.095000	306.681823
21.587500	302.676315
21.332500	298.656180
21.142500	294.635827
20.985000	290.613538
20.845000	286.545278
20.717500	282.462449
20.600000	278.394485
20.490000	274.341018
20.385000	270.282197
20.285000	266.277246
20.187500	262.267120
20.090000	258.171338
19.995000	254.113922
19.900000	250.010809
19.807500	245.997346
19.715000	241.993996
19.620000	237.919405
19.525000	233.902063
19.427500	229.852832
19.327500	225.791563
19.225000	221.745391
19.117500	217.657597
19.005000	213.582446
18.887500	209.571354
18.760000	205.512110
18.622500	201.479950
18.470000	197.444297
18.295000	193.412597
18.085000	189.410904
17.810000	185.405293
17.347500	181.404435
13.640000	177.403512
6.510000	173.399419
5.912500	169.380078
5.672500	165.371072
5.507500	161.352009
5.377500	157.309052
5.267500	153.215173
5.172500	149.136605
5.087500	145.024297
5.012500	141.006694
4.942500	136.910238
4.877500	132.795820
4.817500	128.726316
4.760000	124.578037
4.707500	120.575769
4.657500	116.571416
4.607500	112.376756
4.560000	108.213112
4.515000	104.105697
4.472500	100.079083
0.000000	0.000000
& cycle # 4, chisq = 318655.995836, e = 40.021057
25.000000	356.067415
24.962500	351.863482
24.915000	347.840361
24.842500	343.815316
24.590000	339.814072
22.995000	335.784193
22.782500	331.735320
22.640000	327.685936
22.525000	323.611505
22.425000	319.513216
22.335000	315.410979
22.252500	311.329659
22.175000	307.242451
22.102500	303.226646
22.032500	299.203534
21.962500	295.066627
21.895000	290.994617
21.827500	286.862983
21.762500	282.847348
21.697500	278.815322
21.632500	274.788685
21.565000	270.637794
21.497500	266.543344
21.430000	262.528052
21.360000	258.467382
21.287500	254.389590
21.212500	250.323946
21.135000	246.302968
21.052500	242.244572
20.965000	238.214070
20.870000	234.179453
20.765000	230.146012
20.645000	226.079068
20.505000	222.044132
20.330000	218.034795
20.072500	214.014118
18.402500	210.011770
15.507500	206.009924
14.970000	201.995529
14.585000	197.980403
14.232500	193.976261
13.885000	189.973848
13.472500	185.958773
12.872500	181.954925
8.915000	177.954640
7.875000	173.943057
7.557500	169.934364
7.335000	165.907190
7.155000	161.864974
7.002500	157.849125
6.867500	153.823837
6.745000	149.802201
6.630000	145.730849
6.522500	141.682962
6.420000	137.613894
6.322500	133.559546
6.230000	129.557536
6.140000	125.534647
6.052500	121.521812
5.965000	117.429619
5.880000	113.395328
5.795000	109.315267
5.710000	105.198948
5.627500	101.178544
0.000000	0.000000
& cycle # 5, chisq = 330941.138336, e = 40.021057
