20.000000	478.351608
19.780000	474.328202
17.122000	470.328025
16.368000	466.322051
16.118000	462.309159
15.940000	458.267197
15.798000	454.253679
15.676000	450.247805
15.566000	446.191770
15.466000	442.129532
15.374000	438.080404
15.288000	434.042602
15.206000	429.985934
15.128000	425.954829
15.052000	421.873516
14.980000	417.872268
14.910000	413.863806
14.840000	409.751347
14.772000	405.673866
14.706000	401.656395
14.640000	397.595785
14.574000	393.504152
14.508000	389.389938
14.444000	385.385266
14.380000	381.373187
14.316000	377.364429
14.250000	373.249211
14.184000	369.171314
14.118000	365.148626
14.050000	361.076990
13.980000	356.973796
13.910000	352.966674
13.838000	348.950984
13.764000	344.944769
13.686000	340.871128
13.604000	336.777305
13.518000	332.716905
13.426000	328.655109
13.328000	324.651463
13.220000	320.616965
13.100000	316.599391
12.960000	312.560136
12.786000	308.524853
12.544000	304.506908
11.910000	300.504259
10.160000	296.501464
8.694000	292.478934
8.478000	288.458010
8.340000	284.452246
8.232000	280.394105
8.142000	276.301208
8.066000	272.268529
7.998000	268.159655
7.938000	264.108016
7.884000	260.100510
7.834000	256.073663
7.786000	251.914609
7.742000	247.844693
7.700000	243.725617
7.660000	239.585580
7.622000	235.451649
7.586000	231.349938
7.552000	227.305867
7.518000	223.091708
7.486000	218.965769
7.456000	214.953482
7.426000	210.798468
7.398000	206.789216
7.370000	202.651243
7.342000	198.382951
7.316000	194.301790
7.290000	190.106562
7.264000	185.796892
7.240000	181.717045
7.216000	177.539631
7.192000	173.264819
7.170000	169.260880
7.148000	165.175500
7.126000	161.008871
7.104000	156.761149
7.082000	152.432433
7.062000	148.426977
7.042000	144.354564
7.022000	140.215091
7.002000	136.008398
6.982000	131.734264
6.962000	127.392427
6.942000	122.982587
6.924000	118.955325
6.906000	114.872489
6.888000	110.733852
6.870000	106.539210
6.852000	102.288391
0.000000	0.000000
& cycle # 1, chisq = 117755.225213, e = 57.543338
20.000000	472.263610
19.410000	468.255812
16.500000	464.251614
16.140000	460.232502
15.940000	456.229318
15.790000	452.223714
15.664000	448.178559
15.554000	444.130287
15.456000	440.107897
15.366000	436.074382
15.282000	432.035558
15.202000	427.964478
15.126000	423.909879
15.054000	419.909772
14.984000	415.879339
14.916000	411.839288
14.850000	407.813369
14.784000	403.701536
14.720000	399.650678
14.656000	395.554404
14.592000	391.426753
14.530000	387.408071
14.468000	383.377295
14.406000	379.342162
14.344000	375.312726
14.282000	371.302349
14.218000	367.199617
14.154000	363.152692
14.088000	359.055005
14.022000	355.047348
13.954000	351.021244
13.884000	346.991920
13.812000	342.976003
13.736000	338.889998
13.658000	334.878319
13.574000	330.788498
13.486000	326.782395
13.390000	322.747539
13.284000	318.691802
13.166000	314.655156
13.030000	310.631657
12.862000	306.610653
12.628000	302.598160
12.104000	298.596232
10.184000	294.594719
8.526000	290.592994
8.266000	286.564624
8.092000	282.526185
7.958000	278.483928
7.848000	274.463243
7.752000	270.415578
7.666000	266.362216
7.588000	262.331148
7.516000	258.298025
7.448000	254.198928
7.384000	250.071703
7.324000	245.959261
7.268000	241.908265
7.214000	237.810866
7.162000	233.693215
7.112000	229.580202
7.064000	225.494220
7.018000	221.454788
6.972000	217.295540
6.928000	213.205121
6.886000	209.198032
6.844000	205.090310
6.804000	201.084699
6.764000	196.988726
6.724000	192.804247
6.686000	188.749695
6.648000	184.621327
6.610000	180.423207
6.574000	176.385744
6.538000	172.293568
6.502000	168.150398
6.466000	163.959599
6.430000	159.724051
6.396000	155.684841
6.362000	151.609387
6.328000	147.498973
6.294000	143.354734
6.260000	139.177823
6.226000	134.969590
6.192000	130.731731
6.160000	126.718024
6.128000	122.682207
6.096000	118.626907
6.064000	114.555108
6.032000	110.470059
6.000000	106.375155
5.968000	102.273804
0.000000	0.000000
& cycle # 2, chisq = 117516.952967, e = 57.543338
20.000000	403.756674
14.584000	399.747612
14.198000	395.746142
13.974000	391.742036
13.802000	387.700631
13.660000	383.683359
13.534000	379.634566
13.420000	375.617375
13.314000	371.594580
13.214000	367.552003
13.118000	363.465248
13.026000	359.396828
12.936000	355.316226
12.848000	351.264837
12.760000	347.173761
12.674000	343.149254
12.588000	339.113454
12.502000	335.093417
12.414000	331.037351
12.324000	326.995415
12.230000	322.926095
12.132000	318.867068
12.030000	314.845167
11.922000	310.826716
11.804000	306.770784
11.672000	302.731347
11.518000	298.718059
11.328000	294.688579
11.062000	290.674874
8.440000	286.673482
7.746000	282.646062
7.522000	278.639678
7.368000	274.588704
7.248000	270.514148
7.148000	266.444081
7.062000	262.434400
6.984000	258.376235
6.912000	254.258256
6.846000	250.154558
6.786000	246.140465
6.728000	241.998258
6.674000	237.909951
6.622000	233.765099
6.574000	229.762881
6.526000	225.597162
6.480000	221.456853
6.436000	217.365142
6.394000	213.342681
6.352000	209.208618
6.312000	205.169560
6.272000	201.033014
6.234000	197.015063
6.196000	192.913768
6.158000	188.732573
6.122000	184.701733
6.086000	180.607721
6.050000	176.455830
6.014000	172.251899
5.980000	168.239299
5.946000	164.191068
5.912000	160.112385
5.878000	156.008196
5.844000	151.883119
5.810000	147.741424
5.776000	143.587076
5.742000	139.423826
5.708000	135.255359
5.674000	131.085451
5.640000	126.918125
5.606000	122.757784
5.572000	118.609288
5.538000	114.477971
5.504000	110.369598
5.470000	106.290248
5.436000	102.246159
0.000000	0.000000
& cycle # 4, chisq = 131098.519077, e = 57.543338
20.000000	477.732354
17.394000	473.731485
16.274000	469.729214
16.052000	465.698179
15.896000	461.672820
15.770000	457.642977
15.662000	453.636352
15.564000	449.556551
15.476000	445.528840
15.394000	441.471357
15.318000	437.464191
15.244000	433.354505
15.174000	429.295427
15.106000	425.205050
15.040000	421.104687
14.976000	417.013569
14.914000	412.951635
14.854000	408.940399
14.794000	404.865182
14.734000	400.742657
14.676000	396.727918
14.618000	392.696945
14.560000	388.659793
14.502000	384.624317
14.444000	380.597565
14.386000	376.587487
14.326000	372.467481
14.266000	368.390173
14.206000	364.371391
14.144000	360.296802
14.080000	356.189568
14.014000	352.071317
13.946000	347.961003
13.876000	343.876000
13.804000	339.835306
13.728000	335.758529
13.648000	331.694547
13.562000	327.609210
13.470000	323.583203
13.368000	319.538899
13.254000	315.521306
13.122000	311.504527
12.960000	307.498911
12.732000	303.497020
12.190000	299.494552
10.448000	295.486874
8.686000	291.486229
8.310000	287.467081
8.098000	283.426368
7.942000	279.391418
7.816000	275.364737
7.708000	271.359664
7.610000	267.289644
7.522000	263.272873
7.440000	259.204023
7.364000	255.138227
7.292000	251.020771
7.224000	246.899915
7.160000	242.825555
7.098000	238.708122
7.038000	234.572236
6.980000	230.437562
6.924000	226.319604
6.870000	222.231546
6.818000	218.186106
6.766000	214.035176
6.716000	209.947638
6.668000	205.939834
6.620000	201.856552
6.572000	197.705405
6.526000	193.670853
6.480000	189.587702
6.434000	185.461397
6.388000	181.296098
6.344000	177.278142
6.300000	173.229083
6.256000	169.150589
6.212000	165.044663
6.168000	160.914128
6.124000	156.762927
6.080000	152.596190
6.036000	148.420027
5.992000	144.241114
5.948000	140.066142
5.904000	135.901267
5.860000	131.751683
5.816000	127.621407
5.772000	123.513327
5.728000	119.429490
5.684000	115.371573
5.640000	111.341400
5.594000	107.160357
5.548000	103.016150
0.000000	0.000000
& cycle # 5, chisq = 117305.481978, e = 57.543338
20.000000	423.836764
16.120000	419.828467
15.656000	415.806154
15.398000	411.776354
15.200000	407.753428
15.034000	403.742818
14.886000	399.734618
14.750000	395.731221
14.622000	391.692161
14.500000	387.626488
14.384000	383.616023
14.270000	379.577218
14.158000	375.529717
14.048000	371.486654
13.940000	367.478251
13.832000	363.473669
13.722000	359.434853
13.610000	355.376529
13.498000	351.372562
13.384000	347.368385
13.266000	343.340887
13.142000	339.279810
13.014000	335.279062
12.878000	331.222767
12.736000	327.215737
12.582000	323.197954
12.412000	319.180162
12.224000	315.172273
12.008000	311.153978
11.742000	307.143335
11.394000	303.142784
10.732000	299.140468
9.200000	295.138097
8.880000	291.133687
8.664000	287.095153
8.502000	283.062403
8.370000	279.036216
8.256000	275.020667
8.154000	270.981289
8.062000	266.929674
7.978000	262.849740
7.902000	258.821681
7.832000	254.821296
7.766000	250.795339
7.704000	246.790844
7.644000	242.709949
7.586000	238.568719
7.532000	234.532680
7.480000	230.473744
7.430000	226.404033
7.382000	222.337498
7.336000	218.290255
7.292000	214.280195
7.248000	210.134843
7.206000	206.053234
7.164000	201.851952
7.124000	197.741462
7.086000	193.739189
7.048000	189.642886
7.010000	185.452623
6.974000	181.395653
6.938000	177.252721
6.902000	173.022440
6.868000	168.945624
6.834000	164.788421
6.800000	160.549997
6.768000	156.486355
6.736000	152.350584
6.704000	148.143325
6.674000	144.135082
6.644000	140.066243
6.614000	135.938316
6.584000	131.752963
6.554000	127.511903
6.526000	123.504790
6.498000	119.451841
6.470000	115.354127
6.442000	111.212518
6.414000	107.027670
6.386000	102.800027
0.000000	0.000000
& cycle # 6, chisq = 124744.267666, e = 57.543338
20.000000	478.351608
19.454000	474.321953
19.214000	470.316502
18.846000	466.316003
16.344000	462.305372
16.054000	458.299351
15.880000	454.274479
15.746000	450.223146
15.634000	446.188288
15.536000	442.162645
15.448000	438.149442
15.366000	434.079884
15.290000	430.042685
15.218000	426.002816
15.148000	421.891500
15.082000	417.861028
15.018000	413.818729
14.956000	409.785910
14.896000	405.784776
14.836000	401.701251
14.778000	397.691781
14.720000	393.638257
14.662000	389.556647
14.604000	385.460658
14.546000	381.361296
14.488000	377.267585
14.430000	373.188107
14.372000	369.132660
14.314000	365.113334
14.254000	361.008744
14.194000	356.975443
14.132000	352.900102
14.068000	348.807576
14.002000	344.720904
13.934000	340.660496
13.864000	336.645569
13.790000	332.590465
13.712000	328.539626
13.628000	324.454195
13.538000	320.419315
13.438000	316.366689
13.326000	312.356116
13.194000	308.305209
13.032000	304.285346
12.800000	300.261693
12.014000	296.261318
10.172000	292.258894
8.866000	288.245456
8.608000	284.206666
8.438000	280.199444
8.304000	276.199392
8.188000	272.130304
8.086000	268.048742
7.996000	264.013805
7.914000	259.961092
7.838000	255.882258
7.768000	251.859632
7.702000	247.843918
7.638000	243.750435
7.578000	239.736485
7.520000	235.692301
7.464000	231.631069
7.410000	227.566353
7.358000	223.513580
7.308000	219.490308
7.258000	215.347600
7.210000	211.264386
7.164000	207.260279
7.118000	203.173567
7.072000	199.010047
7.028000	194.959952
6.984000	190.846631
6.940000	186.671766
6.898000	182.630081
6.856000	178.533680
6.814000	174.383378
6.774000	170.381983
6.734000	166.335264
6.694000	162.246375
6.654000	158.119384
6.614000	153.959062
6.574000	149.770566
6.536000	145.770091
6.498000	141.752935
6.460000	137.722647
6.422000	133.682075
6.384000	129.633344
6.346000	125.577942
6.308000	121.516912
6.270000	117.451113
6.232000	113.381500
6.194000	109.309390
6.156000	105.236658
6.118000	101.165830
0.000000	0.000000
& cycle # 1, chisq = 101646.411031, e = 56.365625
20.000000	472.263610
19.544000	468.252613
16.786000	464.248253
16.268000	460.241758
16.046000	456.223915
15.886000	452.185526
15.756000	448.147757
15.644000	444.127979
15.544000	440.110751
15.452000	436.053842
15.366000	431.957278
15.286000	427.901722
15.210000	423.850976
15.138000	419.850852
15.068000	415.819937
15.000000	411.777221
14.934000	407.741759
14.870000	403.734852
14.806000	399.650985
14.744000	395.638375
14.682000	391.587032
14.620000	387.511346
14.558000	383.422417
14.496000	379.328591
14.434000	375.237332
14.372000	371.157508
14.310000	367.100987
14.248000	363.082738
14.184000	358.992623
14.120000	354.978386
14.054000	350.932933
13.986000	346.875583
13.916000	342.822960
13.844000	338.791243
13.768000	334.694525
13.690000	330.674880
13.608000	326.672766
13.520000	322.656271
13.424000	318.618407
13.318000	314.572632
13.200000	310.558295
13.062000	306.507018
12.892000	302.483083
12.652000	298.470536
12.048000	294.469501
10.034000	290.466991
8.562000	286.455109
8.320000	282.446245
8.152000	278.432627
8.020000	274.428417
7.910000	270.418200
7.814000	266.384277
7.728000	262.347368
7.650000	258.343709
7.576000	254.241177
7.508000	250.200839
7.444000	246.150850
7.384000	242.128285
7.326000	238.028734
7.272000	234.026463
7.220000	230.007645
7.170000	225.996685
7.120000	221.848129
7.072000	217.741388
7.026000	213.695366
6.980000	209.543510
6.936000	205.474061
6.892000	201.308900
6.850000	197.243871
6.808000	193.092229
6.768000	189.058999
6.728000	184.950610
6.688000	180.770304
6.650000	176.736265
6.612000	172.645471
6.574000	168.502622
6.536000	164.312503
6.500000	160.303452
6.464000	156.259567
6.428000	152.183838
6.392000	148.078717
6.356000	143.946167
6.320000	139.787799
6.284000	135.605061
6.248000	131.399462
6.212000	127.172796
6.178000	123.163627
6.144000	119.140053
6.110000	115.104946
6.076000	111.061635
6.042000	107.013808
6.008000	102.965369
0.000000	0.000000
& cycle # 2, chisq = 101535.150794, e = 56.365625
20.000000	403.756674
16.530000	399.755197
15.670000	395.737637
15.374000	391.726508
15.158000	387.689176
14.982000	383.685693
14.826000	379.671236
14.684000	375.669543
14.550000	371.616279
14.422000	367.558504
14.298000	363.526049
14.176000	359.503493
14.054000	355.454833
13.932000	351.432035
13.806000	347.385261
13.674000	343.335498
13.534000	339.289121
13.384000	335.281192
13.214000	331.263620
13.008000	327.262707
12.724000	323.262426
11.394000	319.260472
10.980000	315.254912
10.774000	311.248199
10.628000	307.218359
10.510000	303.211626
10.406000	299.205557
10.310000	295.131035
10.224000	291.097746
10.146000	287.002462
10.078000	282.982460
10.016000	278.876073
9.960000	274.767422
9.908000	270.603474
9.860000	266.471828
9.816000	262.461083
9.774000	258.456302
9.732000	254.303977
9.692000	250.234603
9.652000	246.072598
9.614000	242.046746
9.576000	237.959852
9.538000	233.816360
9.500000	229.616468
9.464000	225.582509
9.428000	221.489664
9.392000	217.331432
9.356000	213.100943
9.322000	209.033413
9.288000	204.891514
9.254000	200.672506
9.222000	196.630381
9.190000	192.519891
9.158000	188.343246
9.126000	184.103894
9.096000	180.076445
9.066000	176.001814
9.036000	171.884222
9.006000	167.727737
8.976000	163.536016
8.946000	159.312081
8.916000	155.058177
8.886000	150.775693
8.858000	146.753410
8.830000	142.706537
8.802000	138.634414
8.774000	134.536026
8.746000	130.410156
8.718000	126.255554
8.690000	122.071093
8.662000	117.855926
8.634000	113.609604
8.606000	109.332173
8.578000	105.024226
8.552000	100.997660
0.000000	0.000000
& cycle # 4, chisq = 129532.571318, e = 56.365625
20.000000	477.732354
18.240000	473.729313
16.430000	469.710236
16.168000	465.690410
15.998000	461.673059
15.866000	457.671148
15.754000	453.656351
15.654000	449.599270
15.564000	445.567236
15.480000	441.477872
15.402000	437.405694
15.328000	433.313193
15.258000	429.255393
15.190000	425.157239
15.124000	421.045446
15.060000	416.941173
14.998000	412.862615
14.938000	408.827677
14.878000	404.717162
14.820000	400.685223
14.762000	396.611082
14.704000	392.510261
14.646000	388.396882
14.588000	384.282477
14.530000	380.175911
14.472000	376.084415
14.414000	372.015246
14.356000	367.977273
14.296000	363.844935
14.236000	359.772965
14.174000	355.645378
14.112000	351.614892
14.048000	347.569232
13.982000	343.528360
13.914000	339.509835
13.842000	335.419570
13.768000	331.399319
13.690000	327.376616
13.606000	323.311363
13.516000	319.284177
13.416000	315.218654
13.304000	311.163067
13.176000	307.137263
13.022000	303.127968
12.814000	299.117995
12.436000	295.114621
10.478000	291.114443
8.726000	287.109110
8.394000	283.078383
8.192000	279.069858
8.036000	275.038103
7.908000	270.999452
7.798000	266.968794
7.700000	262.954133
7.610000	258.927030
7.526000	254.871580
7.448000	250.837889
7.374000	246.762914
7.304000	242.683873
7.238000	238.644158
7.174000	234.558310
7.112000	230.454169
7.052000	226.355924
6.994000	222.282668
6.938000	218.248906
6.882000	214.117006
6.828000	210.040292
6.776000	206.030396
6.724000	201.941471
6.674000	197.940861
6.624000	193.880082
6.574000	189.767786
6.524000	185.612938
6.476000	181.591933
6.428000	177.545365
6.380000	173.477724
6.332000	169.392106
6.284000	165.290737
6.236000	161.175729
6.188000	157.049864
6.140000	152.917203
6.092000	148.783354
6.044000	144.655313
5.996000	140.540939
5.948000	136.448176
5.900000	132.384246
5.852000	128.355024
5.802000	124.199388
5.752000	120.089103
5.702000	116.026126
5.652000	112.012169
5.600000	107.892195
5.548000	103.831890
0.000000	0.000000
& cycle # 5, chisq = 101360.967748, e = 56.365625
20.000000	423.836764
19.440000	419.828632
18.302000	415.826668
16.390000	411.822129
16.026000	407.811751
15.744000	403.803774
15.458000	399.781113
15.056000	395.779583
13.816000	391.768343
13.572000	387.755683
13.408000	383.734543
13.276000	379.696808
13.162000	375.632521
13.060000	371.579050
12.966000	367.550932
12.876000	363.484918
12.790000	359.447706
12.706000	355.389519
12.624000	351.345679
12.542000	347.256934
12.460000	343.172525
12.378000	339.149451
12.294000	335.147820
12.206000	331.131977
12.112000	327.075545
12.012000	323.053515
11.902000	319.026614
11.776000	315.020327
11.616000	310.997317
11.366000	306.986994
10.336000	302.962743
10.108000	298.950759
9.938000	294.920905
9.788000	290.873867
9.662000	286.855892
9.556000	282.823969
9.464000	278.805862
9.380000	274.781616
9.300000	270.726779
9.222000	266.645316
9.146000	262.597655
9.070000	258.504490
8.996000	254.486729
8.922000	250.452854
8.848000	246.434910
8.772000	242.378431
8.694000	238.358895
8.610000	234.271555
8.520000	230.239533
8.420000	226.228230
8.304000	222.221319
8.158000	218.214999
7.910000	214.198461
7.114000	210.190354
6.968000	206.153112
6.874000	202.132361
6.800000	198.014717
6.740000	193.982136
6.688000	189.942613
6.642000	185.923448
6.600000	181.872990
6.560000	177.666443
6.524000	173.581682
6.490000	169.457877
6.458000	165.335782
6.428000	161.255176
6.400000	157.254579
6.372000	153.065500
6.346000	149.004266
6.320000	144.775616
6.296000	140.721728
6.272000	136.521670
6.248000	132.173980
6.226000	128.057828
6.204000	123.815773
6.182000	119.447216
6.162000	115.365697
6.142000	111.179175
6.122000	106.887672
6.102000	102.491366
0.000000	0.000000
& cycle # 6, chisq = 118522.129170, e = 56.365625
20.000000	478.351608
19.944000	474.247609
19.890000	470.092277
19.838000	465.987267
19.786000	461.838057
19.734000	457.715870
19.682000	453.661013
19.628000	449.577902
19.572000	445.530702
19.512000	441.435250
19.448000	437.386691
19.378000	433.375931
19.298000	429.330329
19.204000	425.319791
19.084000	421.309063
18.904000	417.287513
17.070000	413.286096
16.488000	409.266717
16.268000	405.251509
16.110000	401.197526
15.984000	397.185869
15.876000	393.168094
15.780000	389.157175
15.692000	385.134472
15.610000	381.098751
15.532000	377.008307
15.458000	372.908322
15.388000	368.846481
15.320000	364.748077
15.254000	360.646263
15.190000	356.569948
15.128000	352.541944
15.066000	348.446616
15.006000	344.427949
14.946000	340.364130
14.886000	336.267100
14.826000	332.151977
14.766000	328.036155
14.706000	323.937347
14.646000	319.871427
14.586000	315.851043
14.524000	311.754418
14.462000	307.724507
14.398000	303.643128
14.332000	299.529359
14.266000	295.527482
14.196000	291.424789
14.124000	287.377312
14.048000	283.311786
13.968000	279.271565
13.882000	275.204329
13.790000	271.170170
13.690000	267.164819
13.576000	263.102666
13.444000	259.084804
13.280000	255.058035
13.054000	251.034080
12.542000	247.031724
9.722000	243.030749
9.010000	239.018401
8.746000	235.013879
8.560000	231.011026
8.412000	226.964443
8.286000	222.941285
8.172000	218.866602
8.070000	214.852364
7.976000	210.819687
7.888000	206.748928
7.806000	202.713422
7.728000	198.681541
7.652000	194.593150
7.580000	190.586395
7.510000	186.569963
7.442000	182.553650
7.376000	178.548097
7.310000	174.442230
7.246000	170.376084
7.184000	166.372259
7.122000	162.320798
7.060000	158.236386
6.998000	154.130180
6.936000	150.009084
6.874000	145.876803
6.814000	141.869855
6.754000	137.859266
6.694000	133.852362
6.632000	129.727244
6.570000	125.632083
6.508000	121.581587
6.444000	117.460334
6.380000	113.408909
6.314000	109.308813
6.248000	105.289802
6.180000	101.236018
0.000000	0.000000
& cycle # 1, chisq = 131940.153428, e = 46.168682
20.000000	472.263610
19.914000	468.255166
19.798000	464.208636
19.620000	460.201378
19.154000	456.196604
17.608000	452.186798
17.232000	448.162312
17.002000	444.124752
16.830000	440.120689
16.686000	436.060508
16.562000	432.030587
16.452000	428.014870
16.352000	423.997742
16.258000	419.916513
16.170000	415.840180
16.088000	411.821907
16.010000	407.801579
15.934000	403.701759
15.862000	399.661665
15.792000	395.602455
15.724000	391.548530
15.658000	387.518653
15.592000	383.400209
15.528000	379.325345
15.466000	375.306027
15.404000	371.223732
15.342000	367.089708
15.282000	363.052424
15.222000	358.991190
15.162000	354.915755
15.102000	350.832903
15.042000	346.747126
14.982000	342.662413
14.922000	338.584266
14.862000	334.520997
14.802000	330.483689
14.740000	326.352336
14.678000	322.275012
14.616000	318.261810
14.552000	314.193119
14.486000	310.079877
14.420000	306.053554
14.352000	302.001420
14.282000	297.941980
14.210000	293.899576
14.134000	289.796086
14.056000	285.773086
13.974000	281.755821
13.886000	277.684234
13.792000	273.604724
13.692000	269.575497
13.582000	265.533312
13.458000	261.486649
13.314000	257.442694
13.140000	253.403421
12.910000	249.392032
12.500000	245.385090
9.268000	241.376913
8.808000	237.356823
8.572000	233.329789
8.406000	229.279451
8.272000	225.215175
8.158000	221.174528
8.058000	217.136387
7.968000	213.061423
7.886000	208.963741
7.812000	204.949716
7.742000	200.884255
7.676000	196.819577
7.614000	192.799679
7.554000	188.722090
7.496000	184.600859
7.442000	180.600579
7.390000	176.596642
7.338000	172.443229
7.288000	168.310916
7.240000	164.220598
7.194000	160.193121
7.148000	156.066659
7.104000	152.032734
7.060000	147.918784
7.016000	143.728638
6.974000	139.660353
6.932000	135.526588
6.890000	131.328334
6.850000	127.270898
6.810000	123.156997
6.770000	118.988524
6.732000	114.980513
6.694000	110.929151
6.656000	106.838589
6.618000	102.713626
0.000000	0.000000
& cycle # 2, chisq = 131728.444198, e = 46.168682
20.000000	346.191454
15.388000	342.181169
15.040000	338.167383
14.816000	334.162558
14.640000	330.156369
14.488000	326.105765
14.354000	322.070850
14.232000	318.033725
14.118000	313.994278
14.010000	309.971744
13.906000	305.939711
13.806000	301.928800
13.708000	297.894156
13.612000	293.881651
13.516000	289.855254
13.420000	285.851065
13.322000	281.807356
13.222000	277.741783
13.120000	273.684866
13.014000	269.614467
12.904000	265.606817
12.786000	261.595693
12.658000	257.592038
12.516000	253.582658
12.350000	249.547250
12.140000	245.543338
11.822000	241.527284
10.108000	237.525482
8.184000	233.509560
7.950000	229.477626
7.808000	225.416581
7.702000	221.391632
7.614000	217.320944
7.538000	213.211207
7.472000	209.147224
7.412000	205.016587
7.358000	200.918282
7.308000	196.784664
7.262000	192.682868
7.220000	188.680738
7.180000	184.636429
7.142000	180.580465
7.106000	176.542752
7.070000	172.312043
7.036000	168.136092
7.004000	164.042811
6.972000	159.788363
6.942000	155.650477
6.912000	151.365114
6.884000	147.229802
6.856000	142.961157
6.830000	138.876127
6.804000	134.672699
6.778000	130.349535
6.754000	126.251716
6.730000	122.050330
6.706000	117.744972
6.684000	113.706888
6.662000	109.581279
6.640000	105.368275
6.618000	101.068118
0.000000	0.000000
& cycle # 3, chisq = 135192.078580, e = 46.168682
20.000000	403.756674
19.474000	399.752130
19.256000	395.737898
18.934000	391.736194
17.470000	387.734804
16.226000	383.710244
16.010000	379.691842
15.862000	375.686340
15.742000	371.658689
15.638000	367.617332
15.544000	363.533083
15.458000	359.447214
15.378000	355.366076
15.302000	351.266129
15.230000	347.210089
15.160000	343.131031
15.092000	339.059454
15.026000	335.019782
14.960000	330.908283
14.896000	326.869487
14.832000	322.799951
14.768000	318.722956
14.704000	314.662378
14.640000	310.639772
14.574000	306.549551
14.508000	302.532517
14.440000	298.482721
14.370000	294.421999
14.298000	290.378119
14.222000	286.280420
14.142000	282.185161
14.058000	278.151363
13.968000	274.147185
13.868000	270.085796
13.756000	266.018362
13.628000	262.001713
13.470000	257.986937
13.248000	253.958552
12.742000	249.958239
9.776000	245.949552
9.324000	241.937981
9.082000	237.916746
8.904000	233.890694
8.754000	229.879005
8.622000	225.820541
8.506000	221.802567
8.400000	217.790921
8.300000	213.766204
8.204000	209.724516
8.112000	205.700200
8.022000	201.618427
7.936000	197.588293
7.852000	193.550270
7.770000	189.545740
7.688000	185.516984
7.606000	181.493984
7.524000	177.493590
7.440000	173.426359
7.356000	169.397326
7.270000	165.329212
7.182000	161.257398
7.092000	157.227060
6.998000	153.196089
6.898000	149.125567
6.792000	145.057590
6.680000	141.039949
6.558000	137.021310
6.420000	132.973097
6.260000	128.944271
6.066000	124.923779
5.806000	120.908961
5.360000	116.900727
4.006000	112.899560
3.396000	108.879089
3.122000	104.877734
2.932000	100.829840
0.000000	0.000000
& cycle # 4, chisq = 132944.045236, e = 46.168682
20.000000	477.732354
19.988000	473.564118
19.974000	469.174161
19.958000	464.735880
19.940000	460.407400
19.920000	456.327141
19.896000	452.318602
19.864000	448.240712
19.816000	444.213373
19.510000	440.211931
19.236000	436.197764
19.064000	432.184774
18.828000	428.169731
18.006000	424.142312
17.808000	420.139080
17.662000	416.119885
17.532000	412.065609
17.408000	408.040240
17.282000	404.026996
17.144000	400.010731
16.976000	395.994946
16.708000	391.989489
15.762000	387.979903
15.566000	383.949886
15.436000	379.947039
15.332000	375.944977
15.242000	371.898978
15.162000	367.855034
15.088000	363.758420
15.020000	359.716853
14.956000	355.694622
14.894000	351.617233
14.834000	347.519384
14.776000	343.430638
14.720000	339.377266
14.664000	335.234491
14.610000	331.170711
14.556000	327.056978
14.502000	322.912645
14.450000	318.911435
14.396000	314.763920
14.342000	310.640758
14.288000	306.556167
14.234000	302.522020
14.178000	298.402942
14.122000	294.360900
14.064000	290.269094
14.004000	286.153942
13.942000	282.046911
13.878000	277.983097
13.810000	273.880997
13.738000	269.795709
13.662000	265.780064
13.578000	261.697709
13.486000	257.654373
13.382000	253.626472
13.258000	249.586366
13.098000	245.558298
12.850000	241.544317
11.382000	237.538460
10.704000	233.533664
9.798000	229.524879
6.858000	225.512502
6.586000	221.493397
6.420000	217.484684
6.294000	213.470698
6.190000	209.417973
6.102000	205.407231
6.024000	201.380724
5.954000	197.380405
5.888000	193.269015
5.828000	189.241132
5.772000	185.227448
5.718000	181.119304
5.668000	177.103048
5.620000	173.052692
5.574000	168.991449
5.530000	164.943444
5.488000	160.933017
5.446000	156.783212
5.406000	152.705446
5.366000	148.509343
5.328000	144.417140
5.290000	140.225037
5.254000	136.164031
5.218000	132.018114
5.182000	127.789278
5.148000	123.721033
5.114000	119.582452
5.080000	115.375721
5.048000	111.356573
5.016000	107.282108
4.984000	103.155505
0.000000	0.000000
& cycle # 5, chisq = 133554.191147, e = 46.168682
20.000000	478.351608
19.552000	474.319580
19.408000	470.263961
19.278000	466.210265
19.140000	462.169004
18.968000	458.138576
18.624000	454.130925
16.278000	450.129715
15.974000	446.125691
15.800000	442.110891
15.666000	438.057729
15.554000	434.006477
15.456000	429.954387
15.368000	425.920256
15.286000	421.846676
15.210000	417.824771
15.138000	413.815447
15.068000	409.745911
15.000000	405.642211
14.934000	401.530015
14.870000	397.436702
14.808000	393.390814
14.746000	389.286601
14.686000	385.278946
14.626000	381.253272
14.566000	377.223591
14.506000	373.201213
14.446000	369.196234
14.384000	365.087549
14.322000	361.023450
14.260000	357.021235
14.196000	352.974852
14.130000	348.913199
14.062000	344.865108
13.992000	340.856518
13.918000	336.802715
13.840000	332.741107
13.758000	328.714872
13.670000	324.689963
13.574000	320.674714
13.466000	316.648343
13.340000	312.598662
13.188000	308.574431
12.986000	304.571044
12.606000	300.567212
10.278000	296.565224
9.142000	292.543647
8.894000	288.541642
8.718000	284.519488
8.580000	280.488252
8.466000	276.481521
8.366000	272.460758
8.276000	268.454303
8.192000	264.386058
8.114000	260.311485
8.042000	256.280098
7.974000	252.223104
7.910000	248.180562
7.848000	244.061953
7.790000	240.037820
7.734000	236.005274
7.680000	231.987999
7.626000	227.849949
7.574000	223.753534
7.524000	219.711535
7.474000	215.567410
7.426000	211.492101
7.378000	207.322081
7.332000	203.238873
7.286000	199.074372
7.242000	195.019954
7.198000	190.902177
7.154000	186.727519
7.112000	182.695375
7.070000	178.622039
7.028000	174.511402
6.986000	170.366243
6.944000	166.188307
6.904000	162.179767
6.864000	158.142994
6.824000	154.078699
6.784000	149.988083
6.744000	145.873111
6.704000	141.736651
6.664000	137.582459
6.624000	133.414993
6.584000	129.239113
6.544000	125.059696
6.504000	120.881252
6.464000	116.707609
6.424000	112.541705
6.384000	108.385545
6.344000	104.240311
6.304000	100.106609
0.000000	0.000000
& cycle # 1, chisq = 137674.610764, e = 56.688647
20.000000	472.263610
19.706000	468.249862
19.440000	464.245715
18.998000	460.237160
16.368000	456.219420
16.086000	452.190437
15.902000	448.163622
15.758000	444.138073
15.636000	440.120803
15.528000	436.088909
15.430000	432.036188
15.340000	427.994055
15.256000	423.965984
15.176000	419.920970
15.100000	415.902997
15.026000	411.834679
14.954000	407.735863
14.884000	403.629226
14.816000	399.541094
14.750000	395.498846
14.684000	391.402350
14.620000	387.393783
14.556000	383.361185
14.492000	379.313071
14.428000	375.257141
14.364000	371.202880
14.300000	367.163278
14.236000	363.154755
14.170000	359.072532
14.104000	355.060754
14.036000	351.016005
13.966000	346.956548
13.894000	342.898180
13.820000	338.857417
13.744000	334.855951
13.664000	330.824998
13.580000	326.816969
13.490000	322.801475
13.392000	318.768971
13.284000	314.728534
13.164000	310.720194
13.024000	306.688651
12.850000	302.665991
12.604000	298.656150
11.912000	294.654261
9.176000	290.651889
8.506000	286.627514
8.274000	282.599286
8.110000	278.556581
7.982000	274.552082
7.874000	270.502993
7.780000	266.456110
7.696000	262.428946
7.618000	258.341782
7.546000	254.263953
7.480000	250.256940
7.418000	246.247635
7.358000	242.134474
7.302000	238.086532
7.248000	233.994222
7.196000	229.883027
7.146000	225.778111
7.098000	221.702740
7.052000	217.677475
7.006000	213.537762
6.962000	209.472247
6.918000	205.303643
6.876000	201.228273
6.834000	197.058934
6.794000	193.001359
6.754000	188.860558
6.716000	184.851948
6.678000	180.773482
6.640000	176.629002
6.602000	172.422956
6.566000	168.385819
6.530000	164.301793
6.494000	160.174744
6.458000	156.008135
6.422000	151.804922
6.388000	147.803797
6.354000	143.773838
6.320000	139.716432
6.286000	135.632855
6.252000	131.524440
6.218000	127.392743
6.184000	123.239696
6.150000	119.067698
6.116000	114.879661
6.082000	110.678980
6.048000	106.469452
6.014000	102.255128
0.000000	0.000000
& cycle # 2, chisq = 137050.267118, e = 56.688647
20.000000	403.756674
14.660000	399.747710
14.350000	395.715332
14.148000	391.679573
13.988000	387.644712
13.852000	383.610071
13.732000	379.572302
13.622000	375.499567
13.520000	371.445982
13.424000	367.418673
13.332000	363.381724
13.244000	359.367338
13.158000	355.315997
13.074000	351.264937
12.992000	347.256780
12.910000	343.231060
12.828000	339.214620
12.744000	335.126829
12.660000	331.077771
12.574000	326.989602
12.488000	322.989211
12.398000	318.940546
12.304000	314.909866
12.204000	310.878731
12.096000	306.833184
11.978000	302.777748
11.846000	298.723167
11.690000	294.682872
11.486000	290.662940
11.156000	286.653226
9.074000	282.651469
7.550000	278.625848
7.334000	274.621315
7.196000	270.579565
7.090000	266.535489
7.002000	262.495188
6.926000	258.463053
6.858000	254.393960
6.796000	250.278229
6.740000	246.211634
6.688000	242.129322
6.640000	238.094848
6.594000	233.986989
6.550000	229.836303
6.508000	225.672536
6.468000	221.523979
6.430000	217.417240
6.394000	213.377301
6.358000	209.191295
6.324000	205.102906
6.290000	200.882669
6.258000	196.789737
6.226000	192.579357
6.196000	188.525691
6.166000	184.369675
6.136000	180.112410
6.108000	176.049003
6.080000	171.900416
6.052000	167.668613
6.026000	163.666507
6.000000	159.596493
5.974000	155.460590
5.948000	151.260858
5.922000	146.999340
5.896000	142.678027
5.872000	138.637699
5.848000	134.549465
5.824000	130.414670
5.800000	126.234587
5.776000	122.010440
5.752000	117.743425
5.728000	113.434742
5.704000	109.085630
5.682000	105.064549
5.660000	101.011691
0.000000	0.000000
& cycle # 4, chisq = 146132.445829, e = 56.688647
20.000000	477.732354
19.436000	473.730649
16.824000	469.727831
16.272000	465.717992
16.058000	461.675995
15.906000	457.651260
15.782000	453.602415
15.676000	449.599896
15.580000	445.545130
15.492000	441.466662
15.412000	437.463753
15.336000	433.415232
15.264000	429.378179
15.194000	425.283680
15.128000	421.283512
15.062000	417.157488
14.998000	413.044166
14.936000	408.962705
14.876000	404.933558
14.816000	400.840739
14.758000	396.839451
14.700000	392.809587
14.642000	388.765059
14.584000	384.717183
14.526000	380.674685
14.468000	376.644775
14.410000	372.634822
14.350000	368.517261
14.290000	364.443541
14.230000	360.428737
14.168000	356.358697
14.104000	352.257511
14.038000	348.148327
13.970000	344.051527
13.900000	339.984970
13.828000	335.966671
13.752000	331.914664
13.672000	327.875218
13.586000	323.813194
13.494000	319.810022
13.392000	315.791725
13.276000	311.739390
13.142000	307.707507
12.978000	303.699283
12.746000	299.680953
12.204000	295.678390
9.542000	291.678025
8.660000	287.664877
8.408000	283.661414
8.232000	279.647240
8.090000	275.615011
7.970000	271.561631
7.866000	267.524266
7.772000	263.457215
7.686000	259.404545
7.606000	255.359488
7.530000	251.269745
7.458000	247.165903
7.390000	243.078590
7.326000	239.042735
7.264000	234.962921
7.204000	230.864559
7.146000	226.773548
7.090000	222.713414
7.036000	218.703662
6.982000	214.606300
6.930000	210.580665
6.878000	206.477888
6.828000	202.461283
6.778000	198.376493
6.728000	194.227308
6.680000	190.189020
6.632000	186.103899
6.584000	181.980166
6.536000	177.826427
6.490000	173.825127
6.444000	169.809859
6.398000	165.785421
6.352000	161.755308
6.306000	157.722045
6.260000	153.687762
6.214000	149.654844
6.168000	145.626522
6.122000	141.607240
6.076000	137.602717
6.028000	133.447101
5.980000	129.323070
5.932000	125.238557
5.884000	121.200483
5.834000	117.049321
5.784000	112.958544
5.734000	108.930708
5.682000	104.810351
5.630000	100.761894
0.000000	0.000000
& cycle # 5, chisq = 136834.211340, e = 56.688647
20.000000	423.836764
17.132000	419.833586
16.542000	415.821369
16.232000	411.811506
15.966000	407.791183
15.690000	403.772698
15.326000	399.762911
14.024000	395.748380
13.738000	391.730618
13.562000	387.729548
13.422000	383.706497
13.302000	379.679884
13.194000	375.611206
13.096000	371.588266
13.004000	367.577109
12.914000	363.489529
12.828000	359.477066
12.742000	355.392928
12.658000	351.360814
12.574000	347.317873
12.490000	343.308175
12.404000	339.294353
12.314000	335.255356
12.218000	331.184808
12.116000	327.165702
12.004000	323.142168
11.876000	319.095974
11.720000	315.086580
11.486000	311.070518
10.436000	307.051957
10.182000	303.026800
10.018000	299.020577
9.872000	294.971815
9.744000	290.967894
9.634000	286.935554
9.540000	282.916942
9.456000	278.867712
9.378000	274.776318
9.304000	270.672439
9.234000	266.650069
9.166000	262.648344
9.098000	258.570831
9.032000	254.546196
8.966000	250.459910
8.902000	246.450194
8.838000	242.417150
8.774000	238.395193
8.708000	234.302748
8.640000	230.191750
8.570000	226.113831
8.498000	222.113478
8.420000	218.022723
8.338000	214.009631
8.248000	209.966792
8.148000	205.965731
8.028000	201.930671
7.866000	197.891343
7.506000	193.890930
6.758000	189.876091
6.618000	185.861361
6.520000	181.803799
6.442000	177.748170
6.376000	173.698451
6.318000	169.642225
6.266000	165.589702
6.218000	161.485887
6.174000	157.408950
6.132000	153.230690
6.094000	149.206507
6.058000	145.179584
6.022000	140.944176
5.988000	136.753580
5.956000	132.641686
5.926000	128.640241
5.896000	124.498212
5.866000	120.216812
5.838000	116.096136
5.810000	111.856004
5.784000	107.812569
5.758000	103.667656
0.000000	0.000000
& cycle # 6, chisq = 153058.045310, e = 56.688647
20.000000	478.351608
19.352000	474.346312
15.506000	470.335880
15.142000	466.318344
14.926000	462.293702
14.762000	458.253765
14.626000	454.252199
14.506000	450.238239
14.398000	446.231841
14.298000	442.194476
14.204000	438.136562
14.114000	434.045781
14.028000	429.976392
13.946000	425.967012
13.866000	421.944907
13.788000	417.931361
13.710000	413.847897
13.634000	409.829846
13.558000	405.803988
13.482000	401.798293
13.404000	397.730073
13.326000	393.720471
13.246000	389.682711
13.164000	385.642101
13.080000	381.636404
12.992000	377.625701
12.898000	373.594908
12.796000	369.549662
12.684000	365.514474
12.558000	361.491436
12.408000	357.462365
12.206000	353.430722
11.794000	349.429172
10.720000	345.412979
10.504000	341.398061
10.360000	337.394495
10.246000	333.375994
10.144000	329.308784
10.048000	325.298748
9.952000	321.278207
9.854000	317.200251
9.758000	313.137549
9.668000	309.129473
9.584000	305.117370
9.504000	301.025203
9.428000	296.923794
9.356000	292.905229
9.284000	288.820378
9.212000	284.718207
9.140000	280.624523
9.068000	276.543950
8.996000	272.471014
8.924000	268.404068
8.852000	264.355659
8.780000	260.355053
8.706000	256.335350
8.628000	252.246615
8.546000	248.151463
8.460000	244.100124
8.368000	240.042851
8.270000	236.033073
8.162000	232.007770
8.038000	227.957870
7.888000	223.946791
7.682000	219.933446
7.216000	215.928584
6.050000	211.906174
5.778000	207.898009
5.564000	203.863484
5.374000	199.843087
5.188000	195.811572
4.996000	191.801119
4.782000	187.798715
4.502000	183.784156
3.146000	179.782803
1.758000	175.747623
1.610000	171.717535
1.514000	167.654470
1.440000	163.539869
1.380000	159.483762
1.328000	155.401947
1.282000	151.326162
1.240000	147.204194
1.202000	143.130802
1.166000	138.959907
1.132000	134.735859
1.100000	130.505093
1.070000	126.314361
1.042000	122.208857
1.014000	117.918308
0.988000	113.770862
0.962000	109.468385
0.938000	105.361383
0.914000	101.126755
0.000000	0.000000
& cycle # 1, chisq = 155784.422256, e = 65.178175
20.000000	472.263610
15.846000	468.247586
15.516000	464.229405
15.312000	460.223969
15.152000	456.171733
15.018000	452.144063
14.900000	448.096427
14.794000	444.065579
14.696000	440.032871
14.604000	436.004553
14.516000	431.945522
14.432000	427.890136
14.352000	423.872710
14.274000	419.826692
14.198000	415.785135
14.124000	411.780108
14.050000	407.727055
13.976000	403.640861
13.902000	399.531613
13.830000	395.520371
13.758000	391.509033
13.684000	387.405800
13.610000	383.347223
13.534000	379.251759
13.458000	375.251258
13.378000	371.156935
13.296000	367.092327
13.212000	363.075180
13.124000	359.042576
13.030000	354.964429
12.930000	350.924306
12.820000	346.863060
12.698000	342.824094
12.560000	338.818755
12.394000	334.799795
12.170000	330.786312
11.760000	326.781674
8.626000	322.776442
8.214000	318.754011
8.016000	314.718839
7.878000	310.697237
7.768000	306.654392
7.674000	302.571670
7.592000	298.510358
7.518000	294.416741
7.452000	290.396951
7.390000	286.283949
7.334000	282.276177
7.280000	278.141863
7.230000	274.075711
7.182000	269.957284
7.136000	265.814320
7.092000	261.673199
7.050000	257.558383
7.010000	253.492365
6.970000	249.281973
6.932000	245.147115
6.896000	241.107214
6.860000	236.946721
6.826000	232.905784
6.792000	228.756069
6.760000	224.751257
6.728000	220.650970
6.696000	216.456474
6.666000	212.440172
6.636000	208.344518
6.606000	204.171665
6.576000	199.923952
6.548000	195.894018
6.520000	191.802935
6.492000	187.652567
6.464000	183.444638
6.436000	179.180695
6.410000	175.172357
6.384000	171.117850
6.358000	167.018019
6.332000	162.873635
6.306000	158.685442
6.280000	154.454205
6.254000	150.180768
6.228000	145.866102
6.204000	141.847726
6.180000	137.796248
6.156000	133.712892
6.132000	129.599054
6.108000	125.456300
6.084000	121.286351
6.060000	117.091063
6.036000	112.872395
6.012000	108.632375
5.988000	104.373063
5.964000	100.096510
0.000000	0.000000
& cycle # 2, chisq = 145940.775123, e = 65.178175
20.000000	477.732354
16.230000	473.727418
15.742000	469.721226
15.514000	465.712702
15.348000	461.703761
15.210000	457.642294
15.090000	453.584954
14.982000	449.512243
14.884000	445.471908
14.792000	441.397785
14.706000	437.369962
14.624000	433.356286
14.544000	429.293780
14.466000	425.203069
14.390000	421.103170
14.316000	417.016759
14.244000	412.970894
14.172000	408.879466
14.100000	404.765511
14.030000	400.762001
13.958000	396.652723
13.886000	392.561095
13.814000	388.496473
13.742000	384.472504
13.668000	380.399311
13.592000	376.307309
13.514000	372.229036
13.434000	368.192895
13.350000	364.124937
13.262000	360.054269
13.170000	356.015299
13.072000	351.978244
12.966000	347.956032
12.848000	343.931779
12.712000	339.878104
12.552000	335.850632
12.348000	331.843269
12.018000	327.833260
9.062000	323.832906
8.278000	319.830046
8.036000	315.795558
7.874000	311.787234
7.746000	307.732365
7.638000	303.669938
7.544000	299.628326
7.460000	295.584073
7.384000	291.544794
7.314000	287.488416
7.248000	283.363171
7.188000	279.361119
7.130000	275.268532
7.076000	271.263869
7.024000	267.232271
6.974000	263.193492
6.926000	259.165134
6.880000	255.163677
6.834000	251.022389
6.790000	246.929333
6.748000	242.902344
6.706000	238.759751
6.666000	234.709597
6.626000	230.560737
6.588000	226.531732
6.550000	222.421362
6.512000	218.233508
6.476000	214.197845
6.440000	210.098489
6.404000	205.937590
6.368000	201.716836
6.334000	197.676805
6.300000	193.585526
6.266000	189.443971
6.232000	185.253300
6.198000	181.015027
6.166000	176.984353
6.134000	172.915370
6.102000	168.810619
6.070000	164.673041
6.038000	160.505897
6.006000	156.312652
5.974000	152.096840
5.942000	147.861929
5.910000	143.611190
5.878000	139.347609
5.848000	135.341185
5.818000	131.327677
5.788000	127.308714
5.758000	123.285729
5.728000	119.260030
5.698000	115.232892
5.668000	111.205654
5.638000	107.179804
5.608000	103.157051
0.000000	0.000000
& cycle # 5, chisq = 145603.049352, e = 65.178175
20.000000	483.403714
17.384000	479.402763
15.976000	475.378511
15.730000	471.348125
15.556000	467.320831
15.416000	463.301098
15.296000	459.292858
15.188000	455.266825
15.088000	451.204343
14.996000	447.188893
14.908000	443.105822
14.826000	439.104132
14.746000	435.041081
14.668000	430.953798
14.592000	426.871934
14.518000	422.816178
14.446000	418.801835
14.374000	414.730100
14.302000	410.615819
14.232000	406.594594
14.162000	402.574370
14.090000	398.461734
14.018000	394.388531
13.946000	390.365427
13.872000	386.290194
13.798000	382.283925
13.722000	378.255343
13.644000	374.232611
13.562000	370.151981
13.476000	366.059605
13.386000	361.995570
13.292000	357.990885
13.190000	353.921563
13.080000	349.868779
12.958000	345.816867
12.818000	341.768598
12.652000	337.749435
12.442000	333.744255
12.114000	329.729303
9.150000	325.727778
8.548000	321.716160
8.290000	317.713128
8.106000	313.682920
7.962000	309.662897
7.842000	305.626544
7.738000	301.603449
7.644000	297.548109
7.558000	293.479745
7.480000	289.474993
7.406000	285.379302
7.338000	281.348996
7.274000	277.318484
7.212000	273.196943
7.154000	269.153454
7.098000	265.082709
7.044000	261.006159
6.992000	256.941835
6.942000	252.904931
6.892000	248.739867
6.844000	244.618859
6.798000	240.555701
6.752000	236.381186
6.708000	232.285551
6.666000	228.285263
6.624000	224.200037
6.582000	220.034330
6.542000	215.996504
6.502000	211.893919
6.462000	207.730031
6.424000	203.720079
6.386000	199.659026
6.348000	195.548047
6.310000	191.387946
6.272000	187.179404
6.236000	183.148448
6.200000	179.075863
6.164000	174.963262
6.128000	170.812881
6.092000	166.627593
6.056000	162.410832
6.022000	158.402896
5.988000	154.373717
5.954000	150.326684
5.920000	146.264999
5.886000	142.191544
5.852000	138.108784
5.818000	134.018745
5.784000	129.923042
5.750000	125.822977
5.716000	121.719678
5.682000	117.614260
5.648000	113.507990
5.614000	109.402436
5.580000	105.299567
5.546000	101.201794
0.000000	0.000000
& cycle # 8, chisq = 145383.117283, e = 65.178175
20.000000	428.356586
14.314000	424.354345
13.870000	420.348235
13.634000	416.346480
13.456000	412.328281
13.308000	408.323551
13.178000	404.281772
13.062000	400.272894
12.954000	396.243580
12.852000	392.216180
12.754000	388.163838
12.660000	384.115730
12.570000	380.104165
12.482000	376.080923
12.394000	371.999243
12.308000	367.995231
12.220000	363.913609
12.132000	359.862685
12.044000	355.849107
11.954000	351.796615
11.862000	347.742130
11.766000	343.660213
11.666000	339.625864
11.560000	335.622780
11.444000	331.556802
11.318000	327.498187
11.178000	323.479762
11.008000	319.443385
10.782000	315.442914
10.398000	311.436352
8.098000	307.432038
6.300000	303.417098
6.012000	299.405533
5.816000	295.367469
5.660000	291.366057
5.526000	287.344756
5.406000	283.303960
5.296000	279.279727
5.192000	275.228061
5.094000	271.208340
5.000000	267.185240
4.908000	263.117252
4.818000	259.051458
4.730000	255.030867
4.642000	250.993194
4.554000	246.956782
4.466000	242.939785
4.376000	238.879234
4.284000	234.815840
4.190000	230.791539
4.092000	226.756483
3.990000	222.741898
3.882000	218.712843
3.766000	214.672406
3.640000	210.650018
3.500000	206.614112
3.342000	202.567357
3.160000	198.545720
2.946000	194.525840
2.696000	190.496248
2.428000	186.490465
2.176000	182.458047
1.970000	178.454757
1.804000	174.419112
1.670000	170.376199
1.558000	166.325622
1.462000	162.267276
1.378000	158.203820
1.304000	154.201281
1.236000	150.159044
1.174000	146.153175
1.116000	142.119638
1.062000	138.119082
1.010000	134.054792
0.960000	129.962160
0.912000	125.871292
0.866000	121.811503
0.820000	117.632037
0.776000	113.545682
0.732000	109.398692
0.688000	105.214999
0.646000	101.208194
0.000000	0.000000
& cycle # 9, chisq = 193155.790221, e = 65.178175
20.000000	478.351608
18.058000	474.350021
16.472000	470.340910
16.238000	466.298630
16.080000	462.246881
15.956000	458.219920
15.850000	454.156380
15.756000	450.081634
15.672000	446.077493
15.594000	442.058341
15.520000	437.980341
15.450000	433.891315
15.384000	429.840971
15.320000	425.747931
15.258000	421.644027
15.198000	417.557393
15.140000	413.511017
15.082000	409.379392
15.026000	405.316676
14.970000	401.189215
14.916000	397.156504
14.862000	393.082816
14.808000	388.980893
14.754000	384.864689
14.700000	380.748025
14.646000	376.643279
14.592000	372.560607
14.538000	368.507931
14.484000	364.491689
14.428000	360.371760
14.372000	356.305530
14.316000	352.302807
14.258000	348.236564
14.198000	344.129930
14.136000	340.008493
14.072000	335.897897
14.006000	331.821531
13.938000	327.799613
13.866000	323.740554
13.790000	319.682164
13.710000	315.670056
13.622000	311.581336
13.526000	307.527935
13.418000	303.481093
13.294000	299.473991
13.144000	295.466122
12.944000	291.457977
12.580000	287.451882
10.652000	283.444658
8.848000	279.437984
8.462000	275.437692
8.240000	271.433965
8.070000	267.426307
7.930000	263.385847
7.810000	259.341453
7.704000	255.336157
7.606000	251.287413
7.516000	247.272270
7.432000	243.252889
7.352000	239.168073
7.278000	235.164272
7.206000	231.068132
7.138000	227.029575
7.072000	222.962738
7.008000	218.887477
6.946000	214.817758
6.886000	210.763569
6.828000	206.733706
6.770000	202.593463
6.714000	198.492448
6.660000	194.445526
6.606000	190.314118
6.554000	186.262785
6.502000	182.146467
6.452000	178.132066
6.402000	174.065338
6.352000	169.947389
6.304000	165.945706
6.256000	161.895758
6.208000	157.797043
6.160000	153.650056
6.114000	149.632358
6.068000	145.575149
6.022000	141.482474
5.976000	137.358858
5.930000	133.208648
5.884000	129.035382
5.840000	125.024127
5.796000	120.994730
5.752000	116.947021
5.708000	112.880193
5.664000	108.793299
5.620000	104.685776
5.576000	100.557859
0.000000	0.000000
& cycle # 1, chisq = 93968.019117, e = 54.509641
20.000000	472.263610
19.764000	468.227011
19.580000	464.186248
19.390000	460.177924
19.146000	456.171309
18.448000	452.171145
16.404000	448.152848
16.150000	444.148201
15.974000	440.133734
15.834000	436.110300
15.714000	432.069390
15.608000	428.049244
15.512000	424.038053
15.422000	419.958072
15.338000	415.884656
15.258000	411.788440
15.182000	407.721213
15.108000	403.610604
15.038000	399.594124
14.970000	395.580320
14.902000	391.466076
14.836000	387.391122
14.772000	383.380032
14.708000	379.328409
14.644000	375.252827
14.580000	371.166477
14.516000	367.079012
14.452000	362.998229
14.388000	358.932673
14.324000	354.893822
14.258000	350.772659
14.192000	346.714873
14.124000	342.619936
14.054000	338.512484
13.982000	334.413819
13.908000	330.341589
13.832000	326.312849
13.752000	322.249827
13.668000	318.197935
13.578000	314.126202
13.482000	310.114655
13.376000	306.091018
13.256000	302.032214
13.118000	297.989226
12.950000	293.970415
12.716000	289.950941
12.224000	285.947719
9.234000	281.945076
8.644000	277.932016
8.408000	273.891175
8.242000	269.838640
8.110000	265.828981
7.998000	261.787645
7.900000	257.713863
7.814000	253.711895
7.734000	249.636439
7.660000	245.571040
7.590000	241.464861
7.524000	237.356125
7.462000	233.279079
7.404000	229.268308
7.348000	225.212498
7.294000	221.131926
7.242000	217.049320
7.192000	212.988162
7.144000	208.970969
7.096000	204.843994
7.050000	200.790902
7.004000	196.645359
6.960000	192.595559
6.916000	188.464162
6.874000	184.444964
6.832000	180.352554
6.790000	176.188155
6.750000	172.157145
6.710000	168.065788
6.670000	163.918066
6.630000	159.718857
6.592000	155.686913
6.554000	151.618372
6.516000	147.518039
6.478000	143.390336
6.440000	139.239099
6.402000	135.067488
6.364000	130.878016
6.326000	126.672695
6.288000	122.453265
6.252000	118.444483
6.216000	114.426342
6.180000	110.400994
6.144000	106.371135
6.108000	102.340041
0.000000	0.000000
& cycle # 2, chisq = 94496.450323, e = 54.509641
20.000000	403.756674
15.730000	399.756432
15.316000	395.733504
15.066000	391.715862
14.872000	387.696782
14.706000	383.646359
14.560000	379.606568
14.428000	375.605697
14.304000	371.596721
14.186000	367.579042
14.072000	363.517714
13.962000	359.455472
13.856000	355.451287
13.750000	351.402247
13.644000	347.332460
13.540000	343.328163
13.436000	339.327827
13.330000	335.290944
13.222000	331.269049
13.110000	327.233408
12.994000	323.210134
12.872000	319.153802
12.744000	315.125075
12.606000	311.114348
12.452000	307.095579
12.276000	303.058491
12.068000	299.054905
11.782000	295.038790
11.184000	291.037089
9.718000	287.015082
9.452000	282.995511
9.236000	278.990880
9.060000	274.971867
8.904000	270.960287
8.758000	266.934603
8.622000	262.906059
8.496000	258.895282
8.376000	254.869696
8.260000	250.860351
8.146000	246.842630
8.034000	242.810101
7.924000	238.753244
7.816000	234.696574
7.710000	230.691249
7.602000	226.629895
7.494000	222.602060
7.386000	218.598918
7.276000	214.546465
7.164000	210.475606
7.050000	206.436491
6.932000	202.397042
6.810000	198.368442
6.684000	194.355997
6.552000	190.339828
6.410000	186.288066
6.258000	182.277873
6.092000	178.251620
5.908000	174.234014
5.694000	170.203584
5.438000	166.185747
5.104000	162.183308
4.586000	158.177562
3.368000	154.175570
2.356000	150.169196
1.966000	146.167081
1.722000	142.146058
1.540000	138.113996
1.392000	134.066196
1.266000	130.023725
1.154000	125.953965
1.054000	121.919733
0.962000	117.893690
0.876000	113.865163
0.794000	109.790662
0.716000	105.737063
0.640000	101.642251
0.000000	0.000000
& cycle # 4, chisq = 102146.844048, e = 54.509641
20.000000	477.732354
19.370000	473.727578
16.646000	469.719312
16.336000	465.683566
16.154000	461.656038
16.016000	457.648394
15.900000	453.585069
15.800000	449.568487
15.710000	445.559953
15.626000	441.490932
15.548000	437.432068
15.474000	433.335323
15.404000	429.248640
15.338000	425.221372
15.274000	421.171177
15.212000	417.126868
15.152000	413.112251
15.092000	409.007937
15.034000	404.962414
14.976000	400.847386
14.920000	396.816716
14.864000	392.740288
14.808000	388.631246
14.752000	384.504200
14.696000	380.373651
14.640000	376.252482
14.584000	372.151076
14.528000	368.077405
14.472000	364.037991
14.414000	359.897396
14.356000	355.809325
14.298000	351.784884
14.238000	347.702591
14.176000	343.586661
14.112000	339.463068
14.046000	335.356841
13.978000	331.290012
13.908000	327.281582
13.834000	323.243561
13.756000	319.215512
13.672000	315.153334
13.582000	311.138698
13.482000	307.105878
13.368000	303.054292
13.236000	299.046012
13.072000	295.015263
12.840000	291.008246
12.074000	287.007833
10.510000	283.001631
8.808000	278.995469
8.430000	274.981594
8.216000	270.943520
8.054000	266.910321
7.922000	262.879464
7.808000	258.821596
7.706000	254.753460
7.614000	250.746572
7.528000	246.712112
7.448000	242.699159
7.372000	238.646543
7.300000	234.591048
7.232000	230.575979
7.166000	226.520690
7.102000	222.453667
7.040000	218.398971
6.980000	214.374861
6.920000	210.255874
6.862000	206.185505
6.806000	202.174208
6.750000	198.086249
6.696000	194.077355
6.642000	190.011049
6.588000	185.897635
6.534000	181.748242
6.482000	177.728334
6.430000	173.692571
6.378000	169.646658
6.326000	165.594409
6.274000	161.538490
6.222000	157.481514
6.170000	153.427115
6.118000	149.380697
6.066000	145.349603
6.014000	141.342653
5.960000	137.217149
5.906000	133.137464
5.852000	129.111412
5.796000	124.998581
5.740000	120.952539
5.682000	116.834343
5.624000	112.791706
5.564000	108.692877
5.504000	104.685009
5.442000	100.648228
0.000000	0.000000
& cycle # 5, chisq = 94099.677741, e = 54.509641
20.000000	423.836764
19.352000	419.835848
18.134000	415.831351
16.970000	411.828049
16.504000	407.821669
16.324000	403.820055
16.192000	399.804808
16.082000	395.753167
15.986000	391.732061
15.898000	387.687734
15.816000	383.640058
15.738000	379.567129
15.664000	375.533523
15.592000	371.487249
15.522000	367.476827
15.452000	363.427877
15.382000	359.372759
15.312000	355.339051
15.240000	351.239198
15.168000	347.218171
15.094000	343.202269
15.016000	339.138812
14.934000	335.097948
14.846000	331.063298
14.750000	327.046501
14.642000	323.028831
14.514000	318.984599
14.350000	314.977618
14.076000	310.969802
12.858000	306.953710
12.532000	302.922940
12.294000	298.887901
12.076000	294.872842
11.858000	290.861545
11.608000	286.845823
11.244000	282.845063
9.536000	278.839113
8.770000	274.833292
7.692000	270.811504
7.528000	266.785260
7.420000	262.759050
7.336000	258.680725
7.266000	254.557798
7.206000	250.452050
7.154000	246.439818
7.106000	242.343670
7.062000	238.243709
7.022000	234.218704
6.984000	230.122510
6.948000	225.988405
6.914000	221.849962
6.882000	217.740963
6.852000	213.695197
6.822000	209.457608
6.794000	205.325908
6.766000	201.020713
6.740000	196.865516
6.714000	192.556965
6.690000	188.442626
6.666000	184.195798
6.644000	180.186056
6.622000	176.064342
6.600000	171.830561
6.578000	167.484726
6.558000	163.436807
6.538000	159.296470
6.518000	155.063847
6.498000	150.739084
6.478000	146.322320
6.460000	142.268680
6.442000	138.140709
6.424000	133.938477
6.406000	129.662046
6.388000	125.311469
6.370000	120.886797
6.352000	116.388084
6.336000	112.327124
6.320000	108.207779
6.304000	104.030129
0.000000	0.000000
& cycle # 6, chisq = 105758.829179, e = 54.509641
20.000000	478.351608
19.920000	474.324383
19.242000	470.311013
17.956000	466.310337
17.254000	462.309774
16.262000	458.283428
16.074000	454.232470
15.940000	450.166476
15.832000	446.137157
15.738000	442.065915
15.654000	437.985088
15.578000	433.948931
15.506000	429.845052
15.438000	425.738115
15.374000	421.682092
15.312000	417.587510
15.252000	413.480265
15.194000	409.385983
15.138000	405.330649
15.082000	401.190690
15.028000	397.134810
14.974000	393.032407
14.920000	388.898185
14.866000	384.744800
14.814000	380.736998
14.762000	376.729423
14.708000	372.576543
14.654000	368.442453
14.600000	364.338723
14.546000	360.278582
14.492000	356.276128
14.436000	352.200985
14.378000	348.075327
14.320000	344.057462
14.260000	340.022517
14.198000	335.988415
14.134000	331.973279
14.066000	327.879891
13.996000	323.862450
13.922000	319.846605
13.842000	315.788484
13.756000	311.764645
13.662000	307.763544
13.556000	303.725393
13.434000	299.664387
13.290000	295.651508
13.104000	291.651312
12.822000	287.631789
9.792000	283.631306
8.722000	279.620283
8.422000	275.612531
8.238000	271.595993
8.100000	267.552058
7.990000	263.501768
7.898000	259.434687
7.818000	255.336522
7.748000	251.292060
7.684000	247.198655
7.626000	243.143761
7.572000	239.054801
7.522000	234.981372
7.476000	230.974477
7.432000	226.896107
7.390000	222.768209
7.350000	218.615100
7.312000	214.463001
7.276000	210.339324
7.242000	206.271924
7.208000	202.034404
7.176000	197.889090
7.146000	193.863253
7.116000	189.701099
7.088000	185.692276
7.060000	181.562329
7.032000	177.309826
7.006000	173.249902
6.980000	169.081414
6.954000	164.802756
6.930000	160.753975
6.906000	156.608506
6.882000	152.364990
6.858000	148.022117
6.836000	143.952828
6.814000	139.798195
6.792000	135.557500
6.770000	131.230171
6.750000	127.220699
6.730000	123.139081
6.710000	118.985235
6.690000	114.759190
6.670000	110.461082
6.650000	106.091144
6.630000	101.649696
0.000000	0.000000
& cycle # 1, chisq = 164170.905801, e = 54.639575
20.000000	472.263610
19.648000	468.249224
19.348000	464.236650
17.688000	460.235580
16.340000	456.233852
16.118000	452.215413
15.964000	448.199248
15.840000	444.153792
15.734000	440.121262
15.640000	436.111951
15.554000	432.089462
15.474000	428.046288
15.398000	423.946428
15.326000	419.847306
15.258000	415.803791
15.192000	411.737511
15.128000	407.675293
15.066000	403.638448
15.004000	399.510564
14.944000	395.438690
14.884000	391.303150
14.826000	387.259516
14.768000	383.187158
14.710000	379.102865
14.652000	375.022069
14.594000	370.957570
14.536000	366.919339
14.478000	362.915454
14.418000	358.817964
14.358000	354.775736
14.296000	350.670292
14.234000	346.653785
14.170000	342.619069
14.104000	338.594177
14.034000	334.490850
13.962000	330.457353
13.886000	326.410452
13.806000	322.388676
13.720000	318.347656
13.626000	314.285300
13.522000	310.246690
13.402000	306.188672
13.260000	302.172811
13.078000	298.158171
12.790000	294.154559
10.998000	290.151542
9.378000	286.150051
9.054000	282.144821
8.872000	278.139913
8.734000	274.117414
8.622000	270.076570
8.528000	266.061039
8.444000	261.962738
8.370000	257.952744
8.302000	253.941231
8.238000	249.878700
8.178000	245.810597
8.122000	241.777487
8.068000	237.662452
8.018000	233.646876
7.970000	229.601715
7.924000	225.548959
7.880000	221.512352
7.836000	217.322447
7.794000	213.184172
7.754000	209.121109
7.714000	204.943081
7.676000	200.870504
7.638000	196.699322
7.602000	192.657959
7.566000	188.529848
7.530000	184.315055
7.496000	180.254666
7.462000	176.116679
7.428000	171.901219
7.396000	167.863469
7.364000	163.758587
7.332000	159.588116
7.300000	155.354189
7.270000	151.329637
7.240000	147.254270
7.210000	143.130964
7.180000	138.962757
7.150000	134.752733
7.120000	130.503900
7.090000	126.219085
7.062000	122.189727
7.034000	118.133102
7.006000	114.050800
6.978000	109.944178
6.950000	105.814393
6.922000	101.662462
0.000000	0.000000
& cycle # 2, chisq = 164421.243330, e = 54.639575
20.000000	403.756674
15.460000	399.756038
14.924000	395.739820
14.668000	391.739068
14.480000	387.733644
14.322000	383.679142
14.184000	379.645512
14.060000	375.629308
13.944000	371.561684
13.836000	367.554026
13.732000	363.538817
13.630000	359.478346
13.530000	355.395901
13.432000	351.322386
13.336000	347.303787
13.238000	343.224853
13.140000	339.214073
13.038000	335.140076
12.934000	331.109439
12.826000	327.085187
12.712000	323.074838
12.588000	319.068239
12.448000	315.044557
12.284000	311.002859
12.078000	306.988343
11.728000	302.984810
10.476000	298.983972
10.208000	294.956917
10.048000	290.910592
9.938000	286.892535
9.850000	282.841963
9.774000	278.793702
9.704000	274.698161
9.638000	270.589464
9.576000	266.559266
9.516000	262.522765
9.458000	258.492986
9.402000	254.469885
9.348000	250.450370
9.296000	246.435366
9.246000	242.433172
9.196000	238.291272
9.148000	234.189533
9.102000	230.153751
9.056000	226.028395
9.012000	222.011551
8.968000	217.937162
8.924000	213.814669
8.880000	209.650590
8.838000	205.640131
8.796000	201.595485
8.754000	197.515676
8.712000	193.399085
8.670000	189.244450
8.628000	185.051775
8.588000	181.025127
8.548000	176.969267
8.508000	172.889557
8.468000	168.792831
8.428000	164.686853
8.388000	160.579644
8.348000	156.478795
8.308000	152.390879
8.268000	148.321047
8.228000	144.272867
8.188000	140.248413
8.146000	136.049242
8.104000	131.877438
8.062000	127.733089
8.020000	123.616835
7.978000	119.530411
7.936000	115.476966
7.894000	111.461090
7.850000	107.300597
7.806000	103.195188
0.000000	0.000000
& cycle # 4, chisq = 173960.845562, e = 54.639575
20.000000	477.732354
19.780000	473.731404
19.614000	469.729103
19.436000	465.690759
19.184000	461.686166
16.902000	457.685218
16.336000	453.685201
16.132000	449.684345
15.984000	445.624167
15.866000	441.622626
15.764000	437.618777
15.672000	433.589011
15.588000	429.571018
15.510000	425.555172
15.436000	421.500292
15.366000	417.460066
15.298000	413.364578
15.232000	409.249059
15.168000	405.143608
15.106000	401.072067
15.046000	397.053366
14.986000	392.966690
14.928000	388.961796
14.870000	384.916028
14.812000	380.844692
14.754000	376.764789
14.696000	372.693202
14.638000	368.644903
14.580000	364.631928
14.520000	360.527535
14.460000	356.479163
14.398000	352.363695
14.336000	348.328408
14.272000	344.261929
14.206000	340.191852
14.138000	336.148749
14.066000	332.051429
13.992000	328.048482
13.912000	323.963379
13.828000	319.946513
13.736000	315.872647
13.636000	311.846467
13.522000	307.789946
13.388000	303.745416
13.222000	299.728258
12.988000	295.703423
12.324000	291.701531
9.512000	287.688769
9.172000	283.664448
8.978000	279.659287
8.828000	275.645823
8.702000	271.592360
8.594000	267.525690
8.500000	263.497719
8.414000	259.416390
8.336000	255.404900
8.262000	251.340416
8.192000	247.267041
8.126000	243.217842
8.062000	239.089903
8.002000	235.033998
7.944000	230.941195
7.888000	226.833185
7.834000	222.734576
7.782000	218.670334
7.732000	214.663470
7.682000	210.568204
7.634000	206.559862
7.586000	202.480336
7.538000	198.331954
7.492000	194.292944
7.446000	190.192731
7.400000	186.032909
7.356000	182.000917
7.312000	177.921305
7.268000	173.799853
7.224000	169.643683
7.180000	165.460759
7.138000	161.450503
7.096000	157.429998
7.054000	153.405116
7.012000	149.380643
6.970000	145.360244
6.928000	141.346633
6.886000	137.341936
6.842000	133.158274
6.798000	128.989288
6.754000	124.838578
6.710000	120.710919
6.666000	116.612276
6.622000	112.549543
6.578000	108.530064
6.532000	104.381949
6.486000	100.296392
0.000000	0.000000
& cycle # 5, chisq = 164610.882254, e = 54.639575
20.000000	423.836764
19.838000	419.827754
18.254000	415.826186
15.812000	411.824820
15.426000	407.803676
15.206000	403.802696
15.038000	399.798987
14.898000	395.782602
14.776000	391.770883
14.664000	387.698829
14.562000	383.692688
14.466000	379.674181
14.374000	375.605674
14.286000	371.532859
14.202000	367.508366
14.120000	363.482663
14.038000	359.389011
13.958000	355.348879
13.878000	351.276514
13.798000	347.186582
13.718000	343.101060
13.638000	339.050328
13.556000	334.969790
13.472000	330.897437
13.386000	326.864389
13.296000	322.805987
13.202000	318.758883
13.102000	314.696598
12.994000	310.639792
12.874000	306.591030
12.736000	302.556129
12.570000	298.545601
12.344000	294.533528
11.748000	290.531489
10.450000	286.524394
10.066000	282.522613
8.646000	278.517023
8.394000	274.473769
8.258000	270.463238
8.158000	266.453246
8.076000	262.359846
8.008000	258.332436
7.948000	254.251357
7.894000	250.124298
7.846000	246.075947
7.802000	242.039045
7.760000	237.886120
7.722000	233.870034
7.686000	229.832990
7.652000	225.807542
7.618000	221.570191
7.586000	217.383421
7.556000	213.278717
7.526000	208.995684
7.498000	204.833321
7.472000	200.822485
7.446000	196.668386
7.420000	192.368390
7.396000	188.267593
7.372000	184.038773
7.348000	179.680508
7.326000	175.570720
7.304000	171.350487
7.282000	167.019295
7.262000	162.985278
7.242000	158.859144
7.222000	154.640852
7.202000	150.330440
7.182000	145.928006
7.164000	141.887252
7.146000	137.772192
7.128000	133.582947
7.110000	129.319634
7.092000	124.982353
7.074000	120.571182
7.056000	116.086170
7.040000	112.037518
7.024000	107.930530
7.008000	103.765176
0.000000	0.000000
& cycle # 6, chisq = 167080.222336, e = 54.639575
20.000000	478.351608
16.468000	474.346811
15.990000	470.344877
15.774000	466.306548
15.616000	462.259431
15.488000	458.248926
15.376000	454.178521
15.276000	450.114197
15.184000	446.039750
15.098000	441.955995
15.018000	437.925936
14.942000	433.897762
14.868000	429.800927
14.798000	425.784681
14.730000	421.772399
14.662000	417.670846
14.596000	413.620480
14.530000	409.513524
14.466000	405.485840
14.402000	401.422727
14.338000	397.336017
14.274000	393.241487
14.210000	389.158033
14.146000	385.105258
14.082000	381.100621
14.016000	377.035381
13.948000	372.925910
13.880000	368.904390
13.810000	364.865198
13.738000	360.830254
13.664000	356.828841
13.586000	352.795058
13.504000	348.781566
13.416000	344.749380
13.320000	340.678451
13.216000	336.648980
13.100000	332.625265
12.966000	328.622290
12.798000	324.590644
12.564000	320.589505
11.922000	316.588033
10.254000	312.577509
8.708000	308.563592
8.458000	304.526547
8.302000	300.485959
8.182000	296.451375
8.082000	292.376031
7.996000	288.276325
7.922000	284.265115
7.854000	280.164383
7.792000	276.071725
7.734000	271.934981
7.680000	267.813686
7.630000	263.762427
7.582000	259.655741
7.536000	255.514636
7.492000	251.359573
7.450000	247.211275
7.410000	243.091179
7.372000	239.021471
7.334000	234.798727
7.298000	230.656829
7.264000	226.619343
7.230000	222.461024
7.198000	218.438485
7.166000	214.312137
7.134000	210.083745
7.104000	206.028451
7.074000	201.886175
7.044000	197.657908
7.016000	193.634586
6.988000	189.537364
6.960000	185.366437
6.932000	181.121864
6.906000	177.114520
6.880000	173.043660
6.854000	168.909337
6.828000	164.711730
6.802000	160.451184
6.776000	156.128265
6.752000	152.083215
6.728000	147.986546
6.704000	143.839293
6.680000	139.642671
6.656000	135.398067
6.632000	131.107002
6.608000	126.771103
6.586000	122.758590
6.564000	118.711149
6.542000	114.630094
6.520000	110.516705
6.498000	106.372209
6.476000	102.197757
0.000000	0.000000
& cycle # 1, chisq = 134379.018701, e = 61.232554
20.000000	472.263610
17.464000	468.258095
15.998000	464.256694
15.752000	460.240769
15.582000	456.202368
15.446000	452.149624
15.330000	448.094796
15.228000	444.093666
15.134000	440.066591
15.046000	436.011724
14.964000	431.991444
14.886000	427.961211
14.810000	423.859448
14.738000	419.836859
14.668000	415.820189
14.598000	411.717213
14.530000	407.661598
14.462000	403.546932
14.396000	399.506538
14.330000	395.432926
14.264000	391.343245
14.198000	387.257891
14.132000	383.197613
14.066000	379.180328
13.998000	375.100209
13.930000	371.089429
13.860000	367.041026
13.788000	362.972087
13.714000	358.906394
13.638000	354.875474
13.558000	350.816450
13.474000	346.780235
13.384000	342.724905
13.288000	338.706402
13.182000	334.634840
13.066000	330.631320
12.932000	326.628561
12.766000	322.594489
12.542000	318.575397
12.102000	314.568395
9.262000	310.568380
8.556000	306.548755
8.332000	302.527627
8.176000	298.503558
8.052000	294.443252
7.950000	290.423683
7.862000	286.412984
7.782000	282.315208
7.710000	278.256419
7.644000	274.224282
7.582000	270.158417
7.524000	266.101659
7.470000	262.095122
7.418000	258.019583
7.368000	253.893925
7.320000	249.739626
7.274000	245.580171
7.230000	241.439967
7.188000	237.343200
7.148000	233.312889
7.108000	229.159777
7.070000	225.102653
7.032000	220.938154
6.996000	216.894488
6.960000	212.755263
6.924000	208.520221
6.890000	204.432068
6.856000	200.257682
6.824000	196.249954
6.792000	192.165937
6.760000	188.006273
6.728000	183.772104
6.698000	179.736374
6.668000	175.638380
6.638000	171.480218
6.608000	167.264233
6.578000	162.992923
6.550000	158.958690
6.522000	154.880489
6.494000	150.760219
6.466000	146.599606
6.438000	142.400175
6.410000	138.163232
6.382000	133.889879
6.354000	129.581047
6.328000	125.548929
6.302000	121.487525
6.276000	117.397450
6.250000	113.279387
6.224000	109.134127
6.198000	104.962622
6.172000	100.766006
0.000000	0.000000
& cycle # 2, chisq = 134738.958199, e = 61.232554
20.000000	403.756674
12.096000	399.753769
11.752000	395.724868
11.528000	391.723710
11.358000	387.721771
11.220000	383.710427
11.100000	379.666666
10.992000	375.597671
10.894000	371.513899
10.806000	367.464057
10.726000	363.418368
10.652000	359.351042
10.584000	355.350400
10.518000	351.254181
10.456000	347.241867
10.396000	343.222681
10.338000	339.207297
10.282000	335.187580
10.228000	331.142475
10.176000	327.046143
10.126000	322.875975
10.080000	318.801655
10.036000	314.663412
9.994000	310.475699
9.954000	306.263499
9.916000	302.059470
9.880000	297.900510
9.846000	293.824453
9.812000	289.616423
9.780000	285.547841
9.748000	281.387278
9.716000	277.147377
9.686000	273.111021
9.656000	269.024078
9.626000	264.893678
9.596000	260.725134
9.566000	256.521792
9.536000	252.285033
9.506000	248.014404
9.478000	243.996140
9.450000	239.943937
9.422000	235.854454
9.394000	231.723974
9.366000	227.548705
9.338000	223.325079
9.310000	219.050009
9.284000	215.032140
9.258000	210.966604
9.232000	206.852866
9.206000	202.691136
9.180000	198.482340
9.154000	194.228068
9.128000	189.930470
9.104000	185.927232
9.080000	181.891530
9.056000	177.825714
9.032000	173.732127
9.008000	169.612995
8.984000	165.470341
8.960000	161.305901
8.936000	157.121071
8.912000	152.916869
8.888000	148.693922
8.864000	144.452473
8.840000	140.192412
8.816000	135.913327
8.792000	131.614564
8.768000	127.295309
8.744000	122.954663
8.720000	118.591736
8.698000	114.572124
8.676000	110.532610
8.654000	106.472856
8.632000	102.392715
0.000000	0.000000
& cycle # 4, chisq = 185479.437960, e = 61.232554
20.000000	477.732354
17.430000	473.729211
16.044000	469.728611
15.810000	465.698519
15.648000	461.696706
15.516000	457.643989
15.404000	453.617753
15.304000	449.574145
15.212000	445.503499
15.126000	441.413855
15.046000	437.373053
14.970000	433.330381
14.898000	429.327502
14.828000	425.290379
14.760000	421.251249
14.694000	417.240534
14.628000	413.158772
14.564000	409.146353
14.500000	405.090564
14.436000	401.000434
14.372000	396.886611
14.308000	392.763276
14.244000	388.648334
14.180000	384.561719
14.116000	380.522586
14.050000	376.423655
13.984000	372.404354
13.916000	368.355224
13.846000	364.292280
13.774000	360.235288
13.700000	356.210867
13.622000	352.151115
13.540000	348.110116
13.452000	344.052697
13.358000	340.045327
13.254000	335.998652
13.138000	331.958780
13.004000	327.930113
12.838000	323.906630
12.606000	319.893855
12.042000	315.891488
10.248000	311.890193
8.630000	307.869591
8.368000	303.851430
8.198000	299.824427
8.066000	295.781522
7.958000	291.763231
7.864000	287.690824
7.782000	283.688537
7.706000	279.605819
7.636000	275.527780
7.570000	271.398722
7.510000	267.397521
7.452000	263.296723
7.398000	259.266153
7.346000	255.187525
7.296000	251.082877
7.248000	246.976096
7.202000	242.891551
7.158000	238.852777
7.114000	234.689657
7.072000	230.603514
7.030000	226.410575
6.990000	222.319742
6.950000	218.134639
6.912000	214.071808
6.874000	209.924372
6.838000	205.917435
6.802000	201.835439
6.766000	197.679580
6.730000	193.451764
6.696000	189.395161
6.662000	185.279613
6.628000	181.108465
6.594000	176.885397
6.562000	172.866754
6.530000	168.808693
6.498000	164.714229
6.466000	160.586109
6.434000	156.426745
6.402000	152.238192
6.370000	148.022171
6.338000	143.780141
6.306000	139.513399
6.276000	135.492012
6.246000	131.451143
6.216000	127.392090
6.186000	123.316399
6.156000	119.225918
6.126000	115.122818
6.096000	111.009587
6.066000	106.888982
6.036000	102.763963
0.000000	0.000000
& cycle # 5, chisq = 134462.243637, e = 61.232554
20.000000	423.836764
14.956000	419.834362
14.430000	415.832048
14.196000	411.824965
14.022000	407.774096
13.878000	403.729894
13.752000	399.675831
13.638000	395.630568
13.532000	391.609456
13.430000	387.559863
13.332000	383.539856
13.236000	379.508321
13.140000	375.423548
13.044000	371.343882
12.948000	367.338263
12.848000	363.309850
12.742000	359.250030
12.630000	355.233569
12.506000	351.172362
12.364000	347.134888
12.184000	343.108346
11.896000	339.095610
10.816000	335.083404
10.584000	331.046443
10.438000	327.036181
10.326000	322.970932
10.232000	318.923220
10.146000	314.854859
10.064000	310.815311
9.982000	306.751382
9.900000	302.724499
9.818000	298.716396
9.736000	294.652502
9.656000	290.550095
9.580000	286.478216
9.508000	282.465055
9.438000	278.460221
9.368000	274.420782
9.298000	270.420129
9.226000	266.410652
9.150000	262.341211
9.070000	258.262012
8.986000	254.213673
8.896000	250.160091
8.798000	246.133127
8.684000	242.068608
8.540000	238.042422
8.302000	234.041532
7.488000	230.017082
7.336000	226.010418
7.240000	221.971153
7.166000	217.899149
7.104000	213.775224
7.050000	209.613222
7.002000	205.439703
6.960000	201.402052
6.920000	197.205875
6.884000	193.124531
6.850000	188.995163
6.818000	184.857341
6.788000	180.750999
6.760000	176.715854
6.732000	172.481709
6.706000	168.369322
6.680000	164.081008
6.656000	159.965101
6.632000	155.697072
6.610000	151.650476
6.588000	147.475067
6.566000	143.170564
6.546000	139.145188
6.526000	135.012855
6.506000	130.773491
6.486000	126.427035
6.468000	122.423614
6.450000	118.333359
6.432000	114.156223
6.414000	109.892155
6.396000	105.541100
6.378000	101.103006
0.000000	0.000000
& cycle # 6, chisq = 158624.489643, e = 61.232554
20.000000	478.351608
19.208000	474.340900
16.556000	470.328832
16.216000	466.322701
16.030000	462.322176
15.890000	458.278991
15.774000	454.221852
15.674000	450.215443
15.584000	446.208200
15.500000	442.123652
15.422000	438.038208
15.350000	434.030203
15.280000	429.933881
15.214000	425.908941
15.150000	421.869279
15.088000	417.837633
15.028000	413.832906
14.968000	409.734525
14.910000	405.693198
14.852000	401.585976
14.796000	397.571900
14.740000	393.525159
14.684000	389.460212
14.628000	385.389754
14.572000	381.324012
14.516000	377.271011
14.460000	373.237662
14.404000	369.231229
14.346000	365.119553
14.288000	361.058491
14.228000	356.925706
14.168000	352.878310
14.106000	348.800986
14.042000	344.716669
13.976000	340.645887
13.908000	336.606805
13.836000	332.505989
13.762000	328.486926
13.684000	324.478560
13.600000	320.442982
13.508000	316.377621
13.406000	312.310867
13.292000	308.294376
13.158000	304.243759
12.994000	300.236687
12.760000	296.227159
12.134000	292.226568
10.242000	288.226416
8.504000	284.224370
8.204000	280.216072
8.002000	276.178268
7.848000	272.164356
7.718000	268.102424
7.604000	264.039161
7.502000	259.989681
7.410000	255.971891
7.324000	251.880976
7.244000	247.779214
7.170000	243.736830
7.100000	239.702295
7.032000	235.593027
6.968000	231.555249
6.906000	227.482805
6.846000	223.385801
6.788000	219.275182
6.732000	215.164411
6.678000	211.069647
6.626000	207.008759
6.576000	202.999807
6.526000	198.893589
6.478000	194.864074
6.430000	190.751383
6.384000	186.732943
6.338000	182.638670
6.292000	178.467367
6.248000	174.404036
6.204000	170.268066
6.162000	166.252310
6.120000	162.171315
6.078000	158.027041
6.038000	154.023845
5.998000	149.968663
5.958000	145.864454
5.918000	141.713908
5.878000	137.519148
5.840000	133.494421
5.802000	129.431511
5.764000	125.330324
5.726000	121.190365
5.688000	117.010994
5.650000	112.791697
5.614000	108.757523
5.578000	104.687775
5.542000	100.583366
0.000000	0.000000
& cycle # 1, chisq = 97693.499240, e = 56.064469
20.000000	472.263610
19.692000	468.236111
19.422000	464.221412
18.972000	460.213586
16.394000	456.198986
16.116000	452.169046
15.934000	448.154544
15.792000	444.153619
15.670000	440.101496
15.562000	436.034736
15.466000	432.032981
15.376000	427.955349
15.292000	423.883177
15.212000	419.787600
15.136000	415.717065
15.064000	411.709004
14.994000	407.677445
14.926000	403.641921
14.860000	399.624860
14.794000	395.525588
14.730000	391.490173
14.666000	387.412702
14.602000	383.307590
14.538000	379.185628
14.476000	375.184208
14.414000	371.182112
14.350000	367.060260
14.286000	362.961796
14.222000	358.903877
14.156000	354.780749
14.090000	350.737655
14.022000	346.669564
13.952000	342.594415
13.880000	338.528128
13.806000	334.488150
13.728000	330.395018
13.648000	326.392697
13.562000	322.336412
13.470000	318.301409
13.370000	314.279594
13.258000	310.213280
13.132000	306.175948
12.984000	302.169636
12.792000	298.152781
12.494000	294.138291
10.734000	290.133548
8.832000	286.128659
8.384000	282.113794
8.166000	278.071627
8.008000	274.015092
7.884000	270.014056
7.778000	265.980171
7.684000	261.928938
7.598000	257.830248
7.520000	253.776721
7.448000	249.735504
7.380000	245.642216
7.316000	241.538514
7.256000	237.471023
7.198000	233.341960
7.144000	229.330349
7.092000	225.321189
7.040000	221.173629
6.990000	217.057967
6.942000	212.990258
6.896000	208.984742
6.850000	204.873924
6.806000	200.843504
6.762000	196.718150
6.720000	192.694114
6.678000	188.589471
6.636000	184.408923
6.596000	180.361958
6.556000	176.256345
6.516000	172.097198
6.476000	167.889238
6.438000	163.850168
6.400000	159.773543
6.362000	155.661588
6.324000	151.516070
6.286000	147.338521
6.248000	143.130528
6.212000	139.117656
6.176000	135.081276
6.140000	131.024064
6.104000	126.949306
6.068000	122.860850
6.032000	118.762966
5.996000	114.660154
5.960000	110.556916
5.924000	106.457527
5.888000	102.365849
0.000000	0.000000
& cycle # 2, chisq = 98181.541606, e = 56.064469
20.000000	403.756674
15.090000	399.749016
14.720000	395.741554
14.474000	391.730121
14.278000	387.722640
14.110000	383.709410
13.960000	379.658739
13.824000	375.648340
13.696000	371.626920
13.574000	367.582344
13.458000	363.549161
13.346000	359.511007
13.236000	355.456640
13.128000	351.431078
13.020000	347.376834
12.914000	343.374278
12.808000	339.367949
12.700000	335.327366
12.590000	331.308464
12.476000	327.278821
12.358000	323.255143
12.234000	319.192318
12.104000	315.165195
11.962000	311.127455
11.804000	307.115891
11.624000	303.103271
11.406000	299.088839
11.090000	295.069042
9.784000	291.068006
9.234000	287.048042
8.958000	283.025664
8.746000	279.022898
8.568000	274.990177
8.414000	270.943650
8.274000	266.900483
8.144000	262.893248
8.020000	258.828303
7.904000	254.790829
7.794000	250.774129
7.686000	246.700669
7.582000	242.691871
7.480000	238.683890
7.380000	234.671574
7.282000	230.659489
7.184000	226.588936
7.088000	222.576948
6.992000	218.565785
6.896000	214.562067
6.800000	210.559348
6.704000	206.554446
6.606000	202.476685
6.508000	198.435674
6.408000	194.373700
6.306000	190.300787
6.204000	186.289963
6.100000	182.258481
5.994000	178.222140
5.886000	174.210503
5.774000	170.173949
5.658000	166.117824
5.540000	162.105651
5.418000	158.083762
5.290000	154.029407
5.156000	149.976120
5.016000	145.924595
4.870000	141.887390
4.716000	137.867406
4.552000	133.858413
4.376000	129.827808
4.186000	125.816485
3.976000	121.805511
3.740000	117.788433
3.462000	113.780241
3.108000	109.775173
2.514000	105.768912
0.306000	101.758170
0.000000	0.000000
& cycle # 4, chisq = 109116.257459, e = 56.064469
20.000000	477.732354
19.296000	473.728152
16.534000	469.722890
16.230000	465.698327
16.046000	461.655628
15.906000	457.616931
15.790000	453.607995
15.688000	449.594845
15.596000	445.587013
15.510000	441.506130
15.430000	437.423466
15.356000	433.413382
15.284000	429.314255
15.216000	425.281847
15.150000	421.232628
15.086000	417.188530
15.024000	413.167539
14.962000	409.052296
14.902000	404.989502
14.842000	400.860413
14.784000	396.820554
14.726000	392.748504
14.668000	388.658746
14.610000	384.563518
14.552000	380.472287
14.494000	376.392401
14.436000	372.330582
14.378000	368.294631
14.320000	364.294601
14.260000	360.207703
14.200000	356.187922
14.138000	352.120522
14.074000	348.028346
14.008000	343.932398
13.940000	339.850891
13.870000	335.800545
13.798000	331.799863
13.722000	327.769257
13.642000	323.757066
13.556000	319.729095
13.462000	315.681238
13.358000	311.633836
13.242000	307.629785
13.106000	303.590387
12.938000	299.567187
12.698000	295.542318
12.062000	291.541176
9.866000	287.541154
8.500000	283.535200
8.238000	279.518408
8.052000	275.479123
7.906000	271.448530
7.784000	267.447374
7.676000	263.438465
7.578000	259.431095
7.486000	255.339075
7.402000	251.307731
7.324000	247.303838
7.250000	243.276817
7.180000	239.274352
7.112000	235.220815
7.046000	231.142819
6.982000	227.060728
6.920000	222.989213
6.860000	218.939764
6.802000	214.923521
6.744000	210.809731
6.688000	206.750730
6.632000	202.614735
6.578000	198.563584
6.524000	194.461145
6.470000	190.316937
6.418000	186.293876
6.366000	182.243924
6.314000	178.170133
6.262000	174.074693
6.210000	169.960047
6.158000	165.829939
6.106000	161.690061
6.054000	157.548096
6.002000	153.413130
5.950000	149.294618
5.898000	145.201219
5.846000	141.139877
5.794000	137.115415
5.740000	132.978338
5.686000	128.886240
5.632000	124.841162
5.576000	120.699386
5.520000	116.617322
5.464000	112.602652
5.406000	108.524927
5.346000	104.402146
5.286000	100.383985
0.000000	0.000000
& cycle # 5, chisq = 97921.419970, e = 56.064469
20.000000	423.836764
17.700000	419.831118
16.044000	415.829762
15.744000	411.828491
15.542000	407.820740
15.378000	403.804517
15.236000	399.799507
15.108000	395.783697
14.988000	391.716485
14.876000	387.708894
14.768000	383.681417
14.664000	379.666967
14.562000	375.622469
14.462000	371.591911
14.362000	367.538338
14.262000	363.490457
14.162000	359.460462
14.062000	355.457521
13.960000	351.424746
13.856000	347.401998
13.748000	343.354955
13.636000	339.312045
13.520000	335.284679
13.398000	331.229030
13.270000	327.207628
13.132000	323.179516
12.982000	319.149637
12.818000	315.108586
12.636000	311.088598
12.424000	307.054885
12.176000	303.043375
11.864000	299.027750
11.434000	295.013077
10.554000	291.010338
9.018000	287.009097
8.704000	282.983357
8.504000	278.981037
8.352000	274.943065
8.226000	270.907885
8.118000	266.901172
8.022000	262.848115
7.936000	258.776379
7.858000	254.701254
7.786000	250.611967
7.720000	246.587888
7.658000	242.567157
7.598000	238.450158
7.542000	234.399927
7.488000	230.295776
7.436000	226.151106
7.386000	221.981275
7.338000	217.804163
7.292000	213.639836
7.248000	209.509658
7.206000	205.435198
7.164000	201.234414
7.124000	197.118761
7.086000	193.107035
7.048000	188.997424
7.010000	184.790622
6.974000	180.715615
6.938000	176.552978
6.904000	172.540488
6.870000	168.448535
6.836000	164.276604
6.802000	160.024513
6.770000	155.949592
6.738000	151.804688
6.706000	147.591068
6.676000	143.579964
6.646000	139.511844
6.616000	135.388807
6.586000	131.213132
6.556000	126.987176
6.526000	122.713265
6.498000	118.682959
6.470000	114.614424
6.442000	110.509100
6.414000	106.368217
6.386000	102.192810
0.000000	0.000000
& cycle # 6, chisq = 103476.256613, e = 56.064469
20.000000	478.351608
19.490000	474.342452
17.874000	470.339387
16.382000	466.338663
16.150000	462.326939
15.990000	458.272202
15.864000	454.244795
15.756000	450.200401
15.660000	446.156673
15.572000	442.081976
15.492000	438.073304
15.416000	434.003668
15.344000	429.928030
15.276000	425.900411
15.210000	421.843153
15.146000	417.783610
15.084000	413.743473
15.024000	409.740651
14.964000	405.654237
14.906000	401.634174
14.848000	397.557828
14.790000	393.440136
14.732000	389.297278
14.676000	385.287991
14.620000	381.281766
14.562000	377.145815
14.504000	373.031552
14.446000	368.946187
14.388000	364.897650
14.330000	360.895888
14.270000	356.818456
14.208000	352.687779
14.146000	348.657571
14.082000	344.617519
14.016000	340.590165
13.946000	336.479956
13.874000	332.429464
13.798000	328.353655
13.718000	324.295158
13.632000	320.215775
13.540000	316.198869
13.438000	312.177759
13.322000	308.143342
13.186000	304.095701
13.018000	300.060269
12.778000	296.041412
12.050000	292.040491
9.218000	288.037575
8.686000	284.018862
8.446000	279.983947
8.276000	275.945056
8.138000	271.905231
8.022000	267.903182
7.920000	263.866874
7.828000	259.793663
7.744000	255.723203
7.666000	251.653040
7.594000	247.650269
7.526000	243.648367
7.460000	239.549711
7.398000	235.499416
7.338000	231.391476
7.282000	227.391146
7.228000	223.385988
7.174000	219.242366
7.122000	215.128206
7.072000	211.063164
7.022000	206.895006
6.974000	202.798356
6.928000	198.785070
6.882000	194.685664
6.838000	190.683198
6.794000	186.601073
6.750000	182.440144
6.708000	178.396823
6.666000	174.286750
6.624000	170.113977
6.584000	166.085897
6.544000	162.009387
6.504000	157.888402
6.464000	153.726331
6.424000	149.525781
6.386000	145.501231
6.348000	141.444427
6.310000	137.355812
6.272000	133.235648
6.234000	129.084305
6.196000	124.902527
6.158000	120.691642
6.122000	116.677365
6.086000	112.641083
6.050000	108.585569
6.014000	104.513907
5.978000	100.429281
0.000000	0.000000
& cycle # 1, chisq = 132826.657957, e = 55.690055
20.000000	472.263610
19.692000	468.244017
19.424000	464.243878
18.928000	460.238861
16.378000	456.231147
16.118000	452.204046
15.944000	448.172427
15.806000	444.109050
15.690000	440.097267
15.586000	436.037859
15.492000	431.986739
15.406000	427.965775
15.324000	423.867643
15.248000	419.859911
15.174000	415.782952
15.104000	411.780552
15.036000	407.765147
14.970000	403.755248
14.904000	399.644620
14.840000	395.576398
14.778000	391.574788
14.716000	387.531181
14.654000	383.461918
14.592000	379.380440
14.530000	375.296898
14.468000	371.219375
14.406000	367.156084
14.344000	363.117457
14.282000	359.117106
14.218000	355.044978
14.152000	350.925676
14.086000	346.905005
14.018000	342.879010
13.948000	338.866728
13.874000	334.776740
13.798000	330.745184
13.718000	326.699204
13.634000	322.690015
13.542000	318.606259
13.442000	314.551171
13.332000	310.549628
13.206000	306.529672
13.056000	302.504046
12.860000	298.480126
12.538000	294.463596
10.708000	290.457053
8.946000	286.445614
8.566000	282.435341
8.366000	278.389442
8.218000	274.344451
8.098000	270.332171
7.996000	266.325660
7.906000	262.289391
7.824000	258.189625
7.750000	254.147554
7.680000	250.031100
7.616000	246.020172
7.554000	241.906332
7.496000	237.848801
7.440000	233.733362
7.386000	229.576634
7.336000	225.561824
7.288000	221.559046
7.240000	217.414652
7.194000	213.315322
7.150000	209.282858
7.106000	205.146802
7.064000	201.106406
7.022000	196.979108
6.982000	192.969655
6.942000	188.884707
6.902000	184.725036
6.864000	180.704719
6.826000	176.618302
6.788000	172.467053
6.750000	168.252984
6.714000	164.205370
6.678000	160.107165
6.642000	155.962207
6.606000	151.774810
6.570000	147.549541
6.536000	143.528359
6.502000	139.481144
6.468000	135.411236
6.434000	131.321547
6.400000	127.214532
6.366000	123.092221
6.332000	118.956315
6.298000	114.808321
6.264000	110.649726
6.230000	106.482171
6.196000	102.307600
0.000000	0.000000
& cycle # 2, chisq = 133079.281948, e = 55.690055
20.000000	403.756674
15.144000	399.747538
14.774000	395.740106
14.534000	391.720812
14.346000	387.714546
14.184000	383.675769
14.042000	379.671678
13.912000	375.644790
13.790000	371.603375
13.674000	367.561752
13.564000	363.560826
13.456000	359.484610
13.352000	355.453147
13.250000	351.445399
13.148000	347.426209
13.046000	343.417767
12.942000	339.351486
12.838000	335.324808
12.732000	331.304339
12.622000	327.280575
12.506000	323.248236
12.382000	319.190522
12.250000	315.160251
12.106000	311.156860
11.938000	307.121409
11.730000	303.088380
11.442000	299.080049
10.010000	295.074519
9.670000	291.052844
9.460000	287.051785
9.286000	283.045798
9.140000	278.992131
9.012000	274.936942
8.894000	270.894639
8.782000	266.840345
8.676000	262.792143
8.576000	258.760717
8.480000	254.705366
8.388000	250.689027
8.298000	246.684271
8.208000	242.637049
8.118000	238.556388
8.030000	234.528908
7.942000	230.463095
7.854000	226.374566
7.766000	222.295385
7.678000	218.261279
7.588000	214.207327
7.496000	210.145562
7.402000	206.076624
7.306000	202.005488
7.208000	197.955386
7.106000	193.887969
7.000000	189.852414
6.888000	185.807414
6.770000	181.772071
6.646000	177.771913
6.512000	173.750579
6.364000	169.704798
6.200000	165.673831
6.016000	161.640387
5.804000	157.624850
5.552000	153.624475
5.244000	149.601269
4.862000	145.589926
4.408000	141.586316
3.928000	137.570134
3.478000	133.552168
3.068000	129.546671
2.672000	125.541128
2.240000	121.525544
1.612000	117.521736
0.452000	113.512600
0.210000	109.506748
0.096000	105.448979
0.020000	101.338810
0.000000	100.008189
& cycle # 4, chisq = 143667.592427, e = 55.690055
20.000000	477.732354
19.746000	473.719790
19.564000	469.709037
19.370000	465.702324
19.084000	461.693372
16.556000	457.690063
16.216000	453.665547
16.026000	449.662617
15.882000	445.612906
15.764000	441.612295
15.660000	437.585351
15.566000	433.543404
15.480000	429.510645
15.400000	425.480023
15.324000	421.418949
15.252000	417.383940
15.182000	413.304964
15.114000	409.209493
15.048000	405.119184
14.984000	401.052950
14.922000	397.029876
14.860000	392.937413
14.800000	388.926630
14.740000	384.883546
14.680000	380.824886
14.620000	376.765136
14.560000	372.715642
14.500000	368.685113
14.440000	364.681233
14.378000	360.581074
14.316000	356.530782
14.252000	352.418140
14.188000	348.392950
14.122000	344.351768
14.054000	340.320173
13.982000	336.208600
13.908000	332.157445
13.830000	328.083523
13.748000	324.026351
13.660000	319.947088
13.566000	315.928468
13.462000	311.910109
13.344000	307.889123
13.206000	303.866940
13.036000	299.861520
12.792000	295.850119
11.982000	291.849775
9.154000	287.840039
8.708000	283.835000
8.472000	279.813385
8.300000	275.781615
8.158000	271.756387
8.036000	267.743237
7.928000	263.712228
7.830000	259.657638
7.740000	255.621240
7.656000	251.605692
7.576000	247.569593
7.500000	243.543865
7.426000	239.440266
7.356000	235.389837
7.288000	231.303104
7.222000	227.204885
7.158000	223.122242
7.096000	219.080227
7.034000	214.965158
6.974000	210.921444
6.914000	206.821864
6.856000	202.808186
6.798000	198.747124
6.740000	194.643269
6.682000	190.504480
6.626000	186.485668
6.570000	182.456540
6.514000	178.429235
6.458000	174.414482
6.400000	170.278287
6.342000	166.170290
6.284000	162.094112
6.226000	158.052682
6.168000	154.050026
6.108000	149.956979
6.048000	145.922283
5.986000	141.827074
5.924000	137.819996
5.860000	133.787342
5.794000	129.746572
5.726000	125.711890
5.656000	121.695376
5.582000	117.601612
5.506000	113.565988
5.426000	109.514840
5.342000	105.493458
5.252000	101.459029
0.000000	0.000000
& cycle # 5, chisq = 133251.337509, e = 55.690055
20.000000	423.836764
19.438000	419.820503
18.732000	415.820354
16.554000	411.815990
16.178000	407.812774
15.928000	403.784756
15.706000	399.778990
15.478000	395.753843
15.198000	391.731429
14.068000	387.724686
13.652000	383.696882
13.460000	379.696732
13.314000	375.654516
13.192000	371.603924
13.084000	367.539174
12.986000	363.522591
12.892000	359.440834
12.802000	355.372605
12.714000	351.279806
12.628000	347.203543
12.544000	343.190302
12.458000	339.105581
12.370000	335.019704
12.280000	331.006573
12.184000	326.965972
12.080000	322.907984
11.966000	318.881117
11.834000	314.851018
11.664000	310.822200
11.364000	306.809826
10.380000	302.798355
10.192000	298.747104
10.054000	294.695878
9.930000	290.637363
9.816000	286.616606
9.712000	282.563435
9.620000	278.524066
9.538000	274.501972
9.462000	270.432997
9.390000	266.332764
9.322000	262.309595
9.254000	258.203653
9.188000	254.185222
9.122000	250.161991
9.056000	246.148748
8.988000	242.035399
8.920000	237.960689
8.852000	233.954068
8.782000	229.945901
8.708000	225.897449
8.628000	221.809271
8.540000	217.725579
8.440000	213.657923
8.320000	209.599292
8.160000	205.591707
7.440000	201.586492
7.166000	197.544182
7.052000	193.487270
6.972000	189.486922
6.906000	185.354337
6.852000	181.351123
6.804000	177.283731
6.760000	173.108010
6.720000	168.922545
6.684000	164.826658
6.650000	160.663822
6.618000	156.478525
6.588000	152.314997
6.560000	148.216449
6.532000	143.909942
6.506000	139.722670
6.482000	135.694803
6.458000	131.509243
6.434000	127.164537
6.412000	123.040847
6.390000	118.781109
6.368000	114.384232
6.348000	110.267179
6.328000	106.035160
6.308000	101.687475
0.000000	0.000000
& cycle # 6, chisq = 150038.284352, e = 55.690055
