0.000000	6.573169
0.062590	6.573169
0.062590	7.058537
0.250622	7.058537
0.250622	7.237486
0.358149	7.237486
0.358149	7.327999
0.627783	7.327999
0.627783	7.414547
0.907920	7.414547
0.907920	7.467592
1.119646	7.467592
1.119646	7.527647
1.778295	7.527647
1.778295	7.581030
2.426742	7.581030
2.426742	7.617804
2.890003	7.617804
2.890003	7.712271
3.899641	7.712271
3.899641	7.948333
4.489741	7.948333
4.489741	8.134269
4.873777	8.134269
4.873777	8.284099
5.970448	8.284099
5.970448	8.423598
6.980373	8.423598
6.980373	8.518938
7.785134	8.518938
7.785134	8.678939
9.965867	8.678939
9.965867	8.934452
11.643934	8.934452
11.643934	9.151707
12.866160	9.151707
12.866160	9.394558
16.036683	9.394558
16.036683	9.597683
18.414374	9.597683
18.414374	9.759752
20.171529	9.759752
20.171529	10.091015
23.917235	10.091015
23.917235	10.598212
26.109943	10.598212
26.109943	10.927738
27.535048	10.927738
27.535048	11.296245
30.079994	11.296245
30.079994	11.923634
31.391652	11.923634
31.391652	12.549223
32.211556	12.549223
32.211556	13.175603
33.931092	13.175603
33.931092	13.497668
35.291650	13.497668
35.291650	13.614977
36.442136	13.614977
36.442136	13.740603
39.028864	13.740603
39.028864	13.898312
40.942728	13.898312
40.942728	14.060033
42.409804	14.060033
42.409804	14.366834
45.018129	14.366834
45.018129	14.856792
46.727990	14.856792
46.727990	15.273569
48.015505	15.273569
48.015505	15.700809
50.409122	15.700809
50.409122	16.037148
52.352351	16.037148
52.352351	16.234568
54.054022	16.234568
54.054022	16.445176
57.276494	16.445176
57.276494	16.647740
60.026451	16.647740
60.026451	16.780130
62.465687	16.780130
& cycle # 1, chisq = 125799.835426, e = 57.543338
0.000000	7.506304
0.062590	7.506304
0.062590	7.932335
0.250622	7.932335
0.250622	8.085713
0.358149	8.085713
0.358149	8.158328
0.627783	8.158328
0.627783	8.227348
0.907920	8.227348
0.907920	8.269395
1.119646	8.269395
1.119646	8.316647
1.778295	8.316647
1.778295	8.358083
2.426742	8.358083
2.426742	8.386018
2.890003	8.386018
2.890003	8.457048
3.899641	8.457048
3.899641	8.633649
4.489741	8.633649
4.489741	8.771690
4.873777	8.771690
4.873777	8.880935
5.970448	8.880935
5.970448	8.981095
6.980373	8.981095
6.980373	9.048819
7.785134	9.048819
7.785134	9.161630
9.965867	9.161630
9.965867	9.341239
11.643934	9.341239
11.643934	9.493737
12.866160	9.493737
12.866160	9.663898
16.036683	9.663898
16.036683	9.805896
18.414374	9.805896
18.414374	9.919250
20.171529	9.919250
20.171529	10.152147
23.917235	10.152147
23.917235	10.513063
26.109943	10.513063
26.109943	10.754740
27.535048	10.754740
27.535048	11.043360
30.079994	11.043360
30.079994	11.555577
31.391652	11.555577
31.391652	12.076005
32.211556	12.076005
32.211556	12.615144
33.931092	12.615144
33.931092	12.916014
35.291650	12.916014
35.291650	13.040528
36.442136	13.040528
36.442136	13.187639
39.028864	13.187639
39.028864	13.384658
40.942728	13.384658
40.942728	13.591516
42.409804	13.591516
42.409804	13.986128
45.018129	13.986128
45.018129	14.616231
46.727990	14.616231
46.727990	15.150196
48.015505	15.150196
48.015505	15.691870
50.409122	15.691870
50.409122	16.109379
52.352351	16.109379
52.352351	16.347425
54.054022	16.347425
54.054022	16.595263
57.276494	16.595263
57.276494	16.829235
60.026451	16.829235
60.026451	16.980179
62.465687	16.980179
& cycle # 2, chisq = 135332.342171, e = 57.543338
0.000000	6.779266
0.062590	6.779266
0.062590	7.199986
0.250622	7.199986
0.250622	7.353777
0.358149	7.353777
0.358149	7.428202
0.627783	7.428202
0.627783	7.499983
0.907920	7.499983
0.907920	7.544313
1.119646	7.544313
1.119646	7.594949
1.778295	7.594949
1.778295	7.640690
2.426742	7.640690
2.426742	7.672986
2.890003	7.672986
2.890003	7.756895
3.899641	7.756895
3.899641	7.967790
4.489741	7.967790
4.489741	8.135417
4.873777	8.135417
4.873777	8.273657
5.970448	8.273657
5.970448	8.405553
6.980373	8.405553
6.980373	8.497788
7.785134	8.497788
7.785134	8.655710
9.965867	8.655710
9.965867	8.910693
11.643934	8.910693
11.643934	9.129230
12.866160	9.129230
12.866160	9.377178
16.036683	9.377178
16.036683	9.590345
18.414374	9.590345
18.414374	9.763550
20.171529	9.763550
20.171529	10.118986
23.917235	10.118986
23.917235	10.663809
26.109943	10.663809
26.109943	11.017449
27.535048	11.017449
27.535048	11.410465
30.079994	11.410465
30.079994	12.073471
31.391652	12.073471
31.391652	12.727596
32.211556	12.727596
32.211556	13.366070
33.931092	13.366070
33.931092	13.671334
35.291650	13.671334
35.291650	13.766671
36.442136	13.766671
36.442136	13.852247
39.028864	13.852247
39.028864	13.943975
40.942728	13.943975
40.942728	14.031126
42.409804	14.031126
42.409804	14.191196
45.018129	14.191196
45.018129	14.441234
46.727990	14.441234
46.727990	14.648908
48.015505	14.648908
48.015505	14.854152
50.409122	14.854152
50.409122	15.007727
52.352351	15.007727
52.352351	15.093889
54.054022	15.093889
54.054022	15.184189
57.276494	15.184189
57.276494	15.270434
60.026451	15.270434
60.026451	15.326609
62.465687	15.326609
& cycle # 3, chisq = 106432.821147, e = 57.543338
0.000000	6.356674
0.062590	6.356674
0.062590	6.791587
0.250622	6.791587
0.250622	6.956100
0.358149	6.956100
0.358149	7.039511
0.627783	7.039511
0.627783	7.120861
0.907920	7.120861
0.907920	7.171575
1.119646	7.171575
1.119646	7.230036
1.778295	7.230036
1.778295	7.283529
2.426742	7.283529
2.426742	7.321948
2.890003	7.321948
2.890003	7.422359
3.899641	7.422359
3.899641	7.674999
4.489741	7.674999
4.489741	7.875852
4.873777	7.875852
4.873777	8.041077
5.970448	8.041077
5.970448	8.197390
6.980373	8.197390
6.980373	8.305256
7.785134	8.305256
7.785134	8.487080
9.965867	8.487080
9.965867	8.776841
11.643934	8.776841
11.643934	9.021408
12.866160	9.021408
12.866160	9.288294
16.036683	9.288294
16.036683	9.499970
18.414374	9.499970
18.414374	9.661932
20.171529	9.661932
20.171529	9.988435
23.917235	9.988435
23.917235	10.483506
26.109943	10.483506
26.109943	10.800713
27.535048	10.800713
27.535048	11.147369
30.079994	11.147369
30.079994	11.733463
31.391652	11.733463
31.391652	12.321853
32.211556	12.321853
32.211556	12.922355
33.931092	12.922355
33.931092	13.246107
35.291650	13.246107
35.291650	13.373338
36.442136	13.373338
36.442136	13.517759
39.028864	13.517759
39.028864	13.705982
40.942728	13.705982
40.942728	13.901356
42.409804	13.901356
42.409804	14.272266
45.018129	14.272266
45.018129	14.862574
46.727990	14.862574
46.727990	15.361088
48.015505	15.361088
48.015505	15.864269
50.409122	15.864269
50.409122	16.249598
52.352351	16.249598
52.352351	16.468163
54.054022	16.468163
54.054022	16.695410
57.276494	16.695410
57.276494	16.909929
60.026451	16.909929
60.026451	17.048345
62.465687	17.048345
& cycle # 4, chisq = 133477.662870, e = 57.543338
0.000000	7.599986
0.062590	7.599986
0.062590	7.999138
0.250622	7.999138
0.250622	8.141828
0.358149	8.141828
0.358149	8.207380
0.627783	8.207380
0.627783	8.269709
0.907920	8.269709
0.907920	8.307629
1.119646	8.307629
1.119646	8.350038
1.778295	8.350038
1.778295	8.386722
2.426742	8.386722
2.426742	8.410844
2.890003	8.410844
2.890003	8.471360
3.899641	8.471360
3.899641	8.620588
4.489741	8.620588
4.489741	8.735625
4.873777	8.735625
4.873777	8.823238
5.970448	8.823238
5.970448	8.900062
6.980373	8.900062
6.980373	8.949730
7.785134	8.949730
7.785134	9.029233
9.965867	9.029233
9.965867	9.153490
11.643934	9.153490
11.643934	9.258320
12.866160	9.258320
12.866160	9.375713
16.036683	9.375713
16.036683	9.476245
18.414374	9.476245
18.414374	9.560128
20.171529	9.560128
20.171529	9.743948
23.917235	9.743948
23.917235	10.063647
26.109943	10.063647
26.109943	10.332677
27.535048	10.332677
27.535048	10.785879
30.079994	10.785879
30.079994	11.718478
31.391652	11.718478
31.391652	12.705893
32.211556	12.705893
32.211556	13.777977
33.931092	13.777977
33.931092	14.410616
35.291650	14.410616
35.291650	14.662421
36.442136	14.662421
36.442136	14.907677
39.028864	14.907677
39.028864	15.174706
40.942728	15.174706
40.942728	15.420860
42.409804	15.420860
42.409804	15.852640
45.018129	15.852640
45.018129	16.491291
46.727990	16.491291
46.727990	16.981586
48.015505	16.981586
48.015505	17.398007
50.409122	17.398007
50.409122	17.631824
52.352351	17.631824
52.352351	17.719285
54.054022	17.719285
54.054022	17.788575
57.276494	17.788575
57.276494	17.843749
60.026451	17.843749
60.026451	17.875425
62.465687	17.875425
& cycle # 5, chisq = 157564.567086, e = 57.543338
0.000000	6.438380
0.072326	6.438380
0.072326	6.969140
0.269753	6.969140
0.269753	7.117871
0.384027	7.117871
0.384027	7.205053
0.658114	7.205053
0.658114	7.288610
0.941259	7.288610
0.941259	7.340702
1.156656	7.340702
1.156656	7.399348
1.794973	7.399348
1.794973	7.454147
2.422370	7.454147
2.422370	7.495297
2.875637	7.495297
2.875637	7.595397
3.853755	7.595397
3.853755	7.826850
4.465418	7.826850
4.465418	8.014223
4.871363	8.014223
4.871363	8.174277
5.973870	8.174277
5.973870	8.325361
6.990935	8.325361
6.990935	8.434324
7.805221	8.434324
7.805221	8.615531
9.929394	8.615531
9.929394	8.887966
11.616783	8.887966
11.616783	9.106876
12.883001	9.106876
12.883001	9.356757
16.055006	9.356757
16.055006	9.602874
18.420056	9.602874
18.420056	9.801909
20.172899	9.801909
20.172899	10.136926
23.873301	10.136926
23.873301	10.568555
26.163974	10.568555
26.163974	10.868663
27.648806	10.868663
27.648806	11.327935
30.084959	11.327935
30.084959	12.092793
31.353240	12.092793
31.353240	12.677102
32.193964	12.677102
32.193964	13.185189
33.956104	13.185189
33.956104	13.473455
35.356271	13.473455
35.356271	13.578885
36.539982	13.578885
36.539982	13.683570
39.093284	13.683570
39.093284	13.814307
40.992135	13.814307
40.992135	13.947389
42.455014	13.947389
42.455014	14.187523
45.000979	14.187523
45.000979	14.553202
46.720623	14.553202
46.720623	14.858233
48.039551	14.858233
48.039551	15.167951
50.437547	15.167951
50.437547	15.416287
52.401690	15.416287
52.401690	15.565238
54.127981	15.565238
54.127981	15.722062
57.307508	15.722062
57.307508	15.872104
60.038576	15.872104
60.038576	15.970482
62.469595	15.970482
& cycle # 1, chisq = 102789.377072, e = 55.071506
0.000000	6.520163
0.072326	6.520163
0.072326	6.988787
0.269753	6.988787
0.269753	7.117007
0.384027	7.117007
0.384027	7.192630
0.658114	7.192630
0.658114	7.266600
0.941259	7.266600
0.941259	7.313517
1.156656	7.313517
1.156656	7.367280
1.794973	7.367280
1.794973	7.418858
2.422370	7.418858
2.422370	7.458866
2.875637	7.458866
2.875637	7.557429
3.853755	7.557429
3.853755	7.786469
4.465418	7.786469
4.465418	7.973001
4.871363	7.973001
4.871363	8.134151
5.973870	8.134151
5.973870	8.287345
6.990935	8.287345
6.990935	8.397984
7.805221	8.397984
7.805221	8.581612
9.929394	8.581612
9.929394	8.856537
11.616783	8.856537
11.616783	9.075933
12.883001	9.075933
12.883001	9.322395
16.055006	9.322395
16.055006	9.559602
18.420056	9.559602
18.420056	9.748702
20.172899	9.748702
20.172899	10.065114
23.873301	10.065114
23.873301	10.471209
26.163974	10.471209
26.163974	10.752718
27.648806	10.752718
27.648806	11.184611
30.084959	11.184611
30.084959	11.909839
31.353240	11.909839
31.353240	12.470869
32.193964	12.470869
32.193964	12.969346
33.956104	12.969346
33.956104	13.263599
35.356271	13.263599
35.356271	13.379471
36.539982	13.379471
36.539982	13.503883
39.093284	13.503883
39.093284	13.667089
40.992135	13.667089
40.992135	13.836515
42.455014	13.836515
42.455014	14.144516
45.000979	14.144516
45.000979	14.615493
46.720623	14.615493
46.720623	15.009707
48.039551	15.009707
48.039551	15.411456
50.437547	15.411456
50.437547	15.734544
52.401690	15.734544
52.401690	15.928310
54.127981	15.928310
54.127981	16.131609
57.307508	16.131609
57.307508	16.325234
60.038576	16.325234
60.038576	16.451516
62.469595	16.451516
& cycle # 2, chisq = 110916.970669, e = 55.071506
0.000000	6.704323
0.072326	6.704323
0.072326	7.152760
0.269753	7.152760
0.269753	7.271085
0.384027	7.271085
0.384027	7.339583
0.658114	7.339583
0.658114	7.406496
0.941259	7.406496
0.941259	7.448882
1.156656	7.448882
1.156656	7.497393
1.794973	7.497393
1.794973	7.543883
2.422370	7.543883
2.422370	7.579918
2.875637	7.579918
2.875637	7.668738
3.853755	7.668738
3.853755	7.875391
4.465418	7.875391
4.465418	8.044130
4.871363	8.044130
4.871363	8.191044
5.973870	8.191044
5.973870	8.332301
6.990935	8.332301
6.990935	8.435588
7.805221	8.435588
7.805221	8.609094
9.929394	8.609094
9.929394	8.871444
11.616783	8.871444
11.616783	9.083259
12.883001	9.083259
12.883001	9.327204
16.055006	9.327204
16.055006	9.570737
18.420056	9.570737
18.420056	9.769891
20.172899	9.769891
20.172899	10.109318
23.873301	10.109318
23.873301	10.556379
26.163974	10.556379
26.163974	10.879435
27.648806	10.879435
27.648806	11.391229
30.084959	11.391229
30.084959	12.253311
31.353240	12.253311
31.353240	12.913969
32.193964	12.913969
32.193964	13.484685
33.956104	13.484685
33.956104	13.797721
35.356271	13.797721
35.356271	13.901155
36.539982	13.901155
36.539982	13.988554
39.093284	13.988554
39.093284	14.083611
40.992135	14.083611
40.992135	14.173730
42.455014	14.173730
42.455014	14.330366
45.000979	14.330366
45.000979	14.561656
46.720623	14.561656
46.720623	14.747505
48.039551	14.747505
48.039551	14.925082
50.437547	14.925082
50.437547	15.055153
52.401690	15.055153
52.401690	15.126239
54.127981	15.126239
54.127981	15.197400
57.307508	15.197400
57.307508	15.263669
60.038576	15.263669
60.038576	15.306432
62.469595	15.306432
& cycle # 3, chisq = 94556.448441, e = 55.071506
0.000000	6.914254
0.072326	6.914254
0.072326	7.512385
0.269753	7.512385
0.269753	7.685777
0.384027	7.685777
0.384027	7.787312
0.658114	7.787312
0.658114	7.882803
0.941259	7.882803
0.941259	7.941212
1.156656	7.941212
1.156656	8.005368
1.794973	8.005368
1.794973	8.062662
2.422370	8.062662
2.422370	8.103018
2.875637	8.103018
2.875637	8.198289
3.853755	8.198289
3.853755	8.415087
4.465418	8.415087
4.465418	8.586501
4.871363	8.586501
4.871363	8.724796
5.973870	8.724796
5.973870	8.847460
6.990935	8.847460
6.990935	8.931442
7.805221	8.931442
7.805221	9.065598
9.929394	9.065598
9.929394	9.262865
11.616783	9.262865
11.616783	9.418838
12.883001	9.418838
12.883001	9.592574
16.055006	9.592574
16.055006	9.758988
18.420056	9.758988
18.420056	9.892442
20.172899	9.892442
20.172899	10.119670
23.873301	10.119670
23.873301	10.421536
26.163974	10.421536
26.163974	10.644381
27.648806	10.644381
27.648806	11.008383
30.084959	11.008383
30.084959	11.639086
31.353240	11.639086
31.353240	12.139438
32.193964	12.139438
32.193964	12.597020
33.956104	12.597020
33.956104	12.875905
35.356271	12.875905
35.356271	12.989599
36.539982	12.989599
36.539982	13.114124
39.093284	13.114124
39.093284	13.278820
40.992135	13.278820
40.992135	13.450172
42.455014	13.450172
42.455014	13.761867
45.000979	13.761867
45.000979	14.238740
46.720623	14.238740
46.720623	14.638212
48.039551	14.638212
48.039551	15.046009
50.437547	15.046009
50.437547	15.374971
52.401690	15.374971
52.401690	15.573048
54.127981	15.573048
54.127981	15.781570
57.307508	15.781570
57.307508	15.980725
60.038576	15.980725
60.038576	16.110952
62.469595	16.110952
& cycle # 4, chisq = 110692.972848, e = 55.071506
0.000000	7.129029
0.072326	7.129029
0.072326	7.619738
0.269753	7.619738
0.269753	7.753307
0.384027	7.753307
0.384027	7.830432
0.658114	7.830432
0.658114	7.904295
0.941259	7.904295
0.941259	7.950179
1.156656	7.950179
1.156656	8.001394
1.794973	8.001394
1.794973	8.048304
2.422370	8.048304
2.422370	8.082515
2.875637	8.082515
2.875637	8.164531
3.853755	8.164531
3.853755	8.352497
4.465418	8.352497
4.465418	8.502581
4.871363	8.502581
4.871363	8.626470
5.973870	8.626470
5.973870	8.738975
6.990935	8.738975
6.990935	8.817440
7.805221	8.817440
7.805221	8.944568
9.929394	8.944568
9.929394	9.133052
11.616783	9.133052
11.616783	9.283146
12.883001	9.283146
12.883001	9.452665
16.055006	9.452665
16.055006	9.618608
18.420056	9.618608
18.420056	9.754070
20.172899	9.754070
20.172899	9.989114
23.873301	9.989114
23.873301	10.311987
26.163974	10.311987
26.163974	10.564717
27.648806	10.564717
27.648806	11.003609
30.084959	11.003609
30.084959	11.795176
31.353240	11.795176
31.353240	12.448979
32.193964	12.448979
32.193964	13.080424
33.956104	13.080424
33.956104	13.494475
35.356271	13.494475
35.356271	13.678940
36.539982	13.678940
36.539982	13.891121
39.093284	13.891121
39.093284	14.173575
40.992135	14.173575
40.992135	14.462747
42.455014	14.462747
42.455014	14.973388
45.000979	14.973388
45.000979	15.722043
46.720623	15.722043
46.720623	16.308999
48.039551	16.308999
48.039551	16.838387
50.437547	16.838387
50.437547	17.184135
52.401690	17.184135
52.401690	17.343911
54.127981	17.343911
54.127981	17.483617
57.307508	17.483617
57.307508	17.601553
60.038576	17.601553
60.038576	17.672255
62.469595	17.672255
& cycle # 5, chisq = 140432.179827, e = 55.071506
0.000000	7.305542
0.076593	7.305542
0.076593	7.831483
0.262101	7.831483
0.262101	7.937983
0.371236	7.937983
0.371236	8.011680
0.619044	8.011680
0.619044	8.084130
0.873275	8.084130
0.873275	8.131790
1.068265	8.131790
1.068265	8.188951
1.613005	8.188951
1.613005	8.249181
2.160974	8.249181
2.160974	8.286249
2.595040	8.286249
2.595040	8.330093
3.718837	8.330093
3.718837	8.403089
4.635535	8.403089
4.635535	8.500309
5.221737	8.500309
5.221737	8.702728
6.353686	8.702728
6.353686	8.940749
7.218760	8.940749
7.218760	9.055191
7.911422	9.055191
7.911422	9.186977
9.732833	9.186977
9.732833	9.327822
11.377877	9.327822
11.377877	9.420557
12.730131	9.420557
12.730131	9.546147
16.068961	9.546147
16.068961	9.724900
18.532643	9.724900
18.532643	9.899106
20.320846	9.899106
20.320846	10.186213
23.860036	10.186213
23.860036	10.538843
26.118843	10.538843
26.118843	10.789688
27.628158	10.789688
27.628158	11.221201
30.049811	11.221201
30.049811	12.042404
31.333962	12.042404
31.333962	12.743548
32.189244	12.743548
32.189244	13.292371
33.944634	13.292371
33.944634	13.552806
35.383657	13.552806
35.383657	13.649540
36.607215	13.649540
36.607215	13.744746
39.118520	13.744746
39.118520	13.857517
41.002412	13.857517
41.002412	13.966882
42.466126	13.966882
42.466126	14.148063
44.950731	14.148063
44.950731	14.403403
46.689400	14.403403
46.689400	14.606816
48.050906	14.606816
48.050906	14.802470
50.454794	14.802470
50.454794	14.951986
52.443986	14.951986
52.443986	15.037227
54.200090	15.037227
54.200090	15.121479
57.325571	15.121479
57.325571	15.199665
60.031273	15.199665
60.031273	15.250943
62.449400	15.250943
& cycle # 1, chisq = 103928.698631, e = 52.035835
0.000000	5.342796
0.076593	5.342796
0.076593	5.884609
0.262101	5.884609
0.262101	6.006264
0.371236	6.006264
0.371236	6.094791
0.619044	6.094791
0.619044	6.185070
0.873275	6.185070
0.873275	6.246621
1.068265	6.246621
1.068265	6.323449
1.613005	6.323449
1.613005	6.408291
2.160974	6.408291
2.160974	6.464001
2.595040	6.464001
2.595040	6.537097
3.718837	6.537097
3.718837	6.667968
4.635535	6.667968
4.635535	6.846746
5.221737	6.846746
5.221737	7.226421
6.353686	7.226421
6.353686	7.686869
7.218760	7.686869
7.218760	7.919830
7.911422	7.919830
7.911422	8.195806
9.732833	8.195806
9.732833	8.491610
11.377877	8.491610
11.377877	8.683699
12.730131	8.683699
12.730131	8.935454
16.068961	8.935454
16.068961	9.281493
18.532643	9.281493
18.532643	9.607893
20.320846	9.607893
20.320846	10.118569
23.860036	10.118569
23.860036	10.682759
26.118843	10.682759
26.118843	11.007009
27.628158	11.007009
27.628158	11.468738
30.049811	11.468738
30.049811	12.304613
31.333962	12.304613
31.333962	13.004628
32.189244	13.004628
32.189244	13.536635
33.944634	13.536635
33.944634	13.778157
35.383657	13.778157
35.383657	13.867517
36.607215	13.867517
36.607215	13.961478
39.118520	13.961478
39.118520	14.079959
41.002412	14.079959
41.002412	14.199110
42.466126	14.199110
42.466126	14.400889
44.950731	14.400889
44.950731	14.690645
46.689400	14.690645
46.689400	14.926715
48.050906	14.926715
48.050906	15.161735
50.454794	15.161735
50.454794	15.350288
52.443986	15.350288
52.443986	15.463224
54.200090	15.463224
54.200090	15.577890
57.325571	15.577890
57.325571	15.685745
60.031273	15.685745
60.031273	15.757035
62.449400	15.757035
& cycle # 2, chisq = 106393.203701, e = 52.035835
0.000000	6.491143
0.076593	6.491143
0.076593	7.053809
0.262101	7.053809
0.262101	7.180758
0.371236	7.180758
0.371236	7.270313
0.619044	7.270313
0.619044	7.359331
0.873275	7.359331
0.873275	7.418478
1.068265	7.418478
1.068265	7.490123
1.613005	7.490123
1.613005	7.566374
2.160974	7.566374
2.160974	7.613880
2.595040	7.613880
2.595040	7.671147
3.718837	7.671147
3.718837	7.767798
4.635535	7.767798
4.635535	7.897106
5.221737	7.897106
5.221737	8.167182
6.353686	8.167182
6.353686	8.486278
7.218760	8.486278
7.218760	8.640924
7.911422	8.640924
7.911422	8.819769
9.732833	8.819769
9.732833	9.010946
11.377877	9.010946
11.377877	9.136511
12.730131	9.136511
12.730131	9.305570
16.068961	9.305570
16.068961	9.544480
18.532643	9.544480
18.532643	9.775395
20.320846	9.775395
20.320846	10.149978
23.860036	10.149978
23.860036	10.594881
26.118843	10.594881
26.118843	10.892170
27.628158	10.892170
27.628158	11.378538
30.049811	11.378538
30.049811	12.290280
31.333962	12.290280
31.333962	13.061226
32.189244	13.061226
32.189244	13.652939
33.944634	13.652939
33.944634	13.921502
35.383657	13.921502
35.383657	14.014630
36.607215	14.014630
36.607215	14.100612
39.118520	14.100612
39.118520	14.197297
41.002412	14.197297
41.002412	14.288404
42.466126	14.288404
42.466126	14.436767
44.950731	14.436767
44.950731	14.642648
46.689400	14.642648
46.689400	14.803455
48.050906	14.803455
48.050906	14.953135
50.454794	14.953135
50.454794	15.061750
52.443986	15.061750
52.443986	15.120041
54.200090	15.120041
54.200090	15.175431
57.325571	15.175431
57.325571	15.225564
60.031273	15.225564
60.031273	15.257774
62.449400	15.257774
& cycle # 3, chisq = 100961.088444, e = 52.035835
0.000000	6.402458
0.076593	6.402458
0.076593	7.016211
0.262101	7.016211
0.262101	7.158933
0.371236	7.158933
0.371236	7.257291
0.619044	7.257291
0.619044	7.353682
0.873275	7.353682
0.873275	7.417028
1.068265	7.417028
1.068265	7.493059
1.613005	7.493059
1.613005	7.573338
2.160974	7.573338
2.160974	7.622947
2.595040	7.622947
2.595040	7.682086
3.718837	7.682086
3.718837	7.781154
4.635535	7.781154
4.635535	7.913404
5.221737	7.913404
5.221737	8.189246
6.353686	8.189246
6.353686	8.514415
7.218760	8.514415
7.218760	8.671265
7.911422	8.671265
7.911422	8.851609
9.732833	8.851609
9.732833	9.042883
11.377877	9.042883
11.377877	9.166922
12.730131	9.166922
12.730131	9.330953
16.068961	9.330953
16.068961	9.559697
18.532643	9.559697
18.532643	9.778982
20.320846	9.778982
20.320846	10.131540
23.860036	10.131540
23.860036	10.544062
26.118843	10.544062
26.118843	10.812363
27.628158	10.812363
27.628158	11.242419
30.049811	11.242419
30.049811	12.046610
31.333962	12.046610
31.333962	12.728670
32.189244	12.728670
32.189244	13.257818
33.944634	13.257818
33.944634	13.507067
35.383657	13.507067
35.383657	13.601721
36.607215	13.601721
36.607215	13.700146
39.118520	13.700146
39.118520	13.822457
41.002412	13.822457
41.002412	13.944300
42.466126	13.944300
42.466126	14.149359
44.950731	14.149359
44.950731	14.442220
46.689400	14.442220
46.689400	14.679263
48.050906	14.679263
48.050906	14.912931
50.454794	14.912931
50.454794	15.097888
52.443986	15.097888
52.443986	15.207233
54.200090	15.207233
54.200090	15.317514
57.325571	15.317514
57.325571	15.420937
60.031273	15.420937
60.031273	15.489213
62.449400	15.489213
& cycle # 4, chisq = 105488.818175, e = 52.035835
0.000000	7.408753
0.076593	7.408753
0.076593	8.025674
0.262101	8.025674
0.262101	8.167969
0.371236	8.167969
0.371236	8.263926
0.619044	8.263926
0.619044	8.356131
0.873275	8.356131
0.873275	8.415498
1.068265	8.415498
1.068265	8.485050
1.613005	8.485050
1.613005	8.556285
2.160974	8.556285
2.160974	8.598327
2.595040	8.598327
2.595040	8.644381
3.718837	8.644381
3.718837	8.716405
4.635535	8.716405
4.635535	8.810081
5.221737	8.810081
5.221737	9.001341
6.353686	9.001341
6.353686	9.218816
7.218760	9.218816
7.218760	9.316692
7.911422	9.316692
7.911422	9.422880
9.732833	9.422880
9.732833	9.530778
11.377877	9.530778
11.377877	9.597430
12.730131	9.597430
12.730131	9.681270
16.068961	9.681270
16.068961	9.796464
18.532643	9.796464
18.532643	9.908933
20.320846	9.908933
20.320846	10.101234
23.860036	10.101234
23.860036	10.359403
26.118843	10.359403
26.118843	10.573125
27.628158	10.573125
27.628158	10.985381
30.049811	10.985381
30.049811	11.808805
31.333962	11.808805
31.333962	12.546793
32.189244	12.546793
32.189244	13.187284
33.944634	13.187284
33.944634	13.562774
35.383657	13.562774
35.383657	13.745530
36.607215	13.745530
36.607215	13.964176
39.118520	13.964176
39.118520	14.253955
41.002412	14.253955
41.002412	14.546050
42.466126	14.546050
42.466126	15.031833
44.950731	15.031833
44.950731	15.708760
46.689400	15.708760
46.689400	16.234473
48.050906	16.234473
48.050906	16.714072
50.454794	16.714072
50.454794	17.046920
52.443986	17.046920
52.443986	17.213108
54.200090	17.213108
54.200090	17.360617
57.325571	17.360617
57.325571	17.486854
60.031273	17.486854
60.031273	17.563982
62.449400	17.563982
& cycle # 5, chisq = 144595.725028, e = 52.035835
0.000000	6.288409
0.065246	6.288409
0.065246	6.773116
0.261430	6.773116
0.261430	6.953279
0.373601	6.953279
0.373601	7.045345
0.655031	7.045345
0.655031	7.132463
0.947445	7.132463
0.947445	7.184754
1.168430	7.184754
1.168430	7.240905
1.852969	7.240905
1.852969	7.296584
2.494210	7.296584
2.494210	7.353485
2.916879	7.353485
2.916879	7.503727
3.779506	7.503727
3.779506	7.753344
4.365418	7.753344
4.365418	7.867256
4.805891	7.867256
4.805891	7.989454
6.067061	7.989454
6.067061	8.173449
7.110750	8.173449
7.110750	8.352269
7.860835	8.352269
7.860835	8.614805
9.802015	8.614805
9.802015	8.850096
11.455363	8.850096
11.455363	8.982823
12.773694	8.982823
12.773694	9.197898
16.191867	9.197898
16.191867	9.521348
18.518542	9.521348
18.518542	9.796044
20.158504	9.796044
20.158504	10.163317
23.785021	10.163317
23.785021	10.542130
26.100606	10.542130
26.100606	10.805516
27.615877	10.805516
27.615877	11.196424
30.202151	11.196424
30.202151	11.876547
31.481931	11.876547
31.481931	12.510673
32.281173	12.510673
32.281173	13.094487
33.987528	13.094487
33.987528	13.383949
35.348914	13.383949
35.348914	13.495921
36.499524	13.495921
36.499524	13.621305
39.080311	13.621305
39.080311	13.783572
40.981475	13.783572
40.981475	13.951533
42.434549	13.951533
42.434549	14.268922
45.015558	14.268922
45.015558	14.769514
46.712635	14.769514
46.712635	15.188133
47.997093	15.188133
47.997093	15.614208
50.398119	15.614208
50.398119	15.952967
52.351409	15.952967
52.351409	16.154914
54.062239	16.154914
54.062239	16.371446
57.303210	16.371446
57.303210	16.579826
60.068732	16.579826
60.068732	16.715815
62.521646	16.715815
& cycle # 1, chisq = 119079.823985, e = 57.573285
0.000000	5.999441
0.065246	5.999441
0.065246	6.451118
0.261430	6.451118
0.261430	6.624260
0.373601	6.624260
0.373601	6.714177
0.655031	6.714177
0.655031	6.800792
0.947445	6.800792
0.947445	6.853576
1.168430	6.853576
1.168430	6.911243
1.852969	6.911243
1.852969	6.970070
2.494210	6.970070
2.494210	7.031442
2.916879	7.031442
2.916879	7.194561
3.779506	7.194561
3.779506	7.467364
4.365418	7.467364
4.365418	7.593736
4.805891	7.593736
4.805891	7.732055
6.067061	7.732055
6.067061	7.942092
7.110750	7.942092
7.110750	8.146814
7.860835	8.146814
7.860835	8.447567
9.802015	8.447567
9.802015	8.716481
11.455363	8.716481
11.455363	8.867016
12.773694	8.867016
12.773694	9.108313
16.191867	9.108313
16.191867	9.467396
18.518542	9.467396
18.518542	9.768827
20.158504	9.768827
20.158504	10.164015
23.785021	10.164015
23.785021	10.560888
26.100606	10.560888
26.100606	10.831690
27.615877	10.831690
27.615877	11.230451
30.202151	11.230451
30.202151	11.923092
31.481931	11.923092
31.481931	12.571655
32.281173	12.571655
32.281173	13.176566
33.987528	13.176566
33.987528	13.486459
35.348914	13.486459
35.348914	13.612194
36.499524	13.612194
36.499524	13.757951
39.080311	13.757951
39.080311	13.950431
40.981475	13.950431
40.981475	14.150568
42.434549	14.150568
42.434549	14.527502
45.015558	14.527502
45.015558	15.117504
46.712635	15.117504
46.712635	15.604329
47.997093	15.604329
47.997093	16.086615
50.398119	16.086615
50.398119	16.452724
52.351409	16.452724
52.351409	16.659263
54.062239	16.659263
54.062239	16.871896
57.303210	16.871896
57.303210	17.070598
60.068732	17.070598
60.068732	17.197704
62.521646	17.197704
& cycle # 2, chisq = 129276.783948, e = 57.573285
0.000000	6.550746
0.065246	6.550746
0.065246	6.992411
0.261430	6.992411
0.261430	7.155317
0.373601	7.155317
0.373601	7.236078
0.655031	7.236078
0.655031	7.312771
0.947445	7.312771
0.947445	7.358948
1.168430	7.358948
1.168430	7.408705
1.852969	7.408705
1.852969	7.458329
2.494210	7.458329
2.494210	7.509274
2.916879	7.509274
2.916879	7.644091
3.779506	7.644091
3.779506	7.868831
4.365418	7.868831
4.365418	7.972333
4.805891	7.972333
4.805891	8.085124
6.067061	8.085124
6.067061	8.256627
7.110750	8.256627
7.110750	8.424381
7.860835	8.424381
7.860835	8.672975
9.802015	8.672975
9.802015	8.899802
11.455363	8.899802
11.455363	9.031201
12.773694	9.031201
12.773694	9.248333
16.191867	9.248333
16.191867	9.578806
18.518542	9.578806
18.518542	9.862221
20.158504	9.862221
20.158504	10.246469
23.785021	10.246469
23.785021	10.650127
26.100606	10.650127
26.100606	10.934515
27.615877	10.934515
27.615877	11.358792
30.202151	11.358792
30.202151	12.095209
31.481931	12.095209
31.481931	12.774859
32.281173	12.774859
32.281173	13.382649
33.987528	13.382649
33.987528	13.659322
35.348914	13.659322
35.348914	13.749797
36.499524	13.749797
36.499524	13.833759
39.080311	13.833759
39.080311	13.926259
40.981475	13.926259
40.981475	14.014968
42.434549	14.014968
42.434549	14.177022
45.015558	14.177022
45.015558	14.426477
46.712635	14.426477
46.712635	14.629577
47.997093	14.629577
47.997093	14.828143
50.398119	14.828143
50.398119	14.977719
52.351409	14.977719
52.351409	15.062828
54.062239	15.062828
54.062239	15.152377
57.303210	15.152377
57.303210	15.237861
60.068732	15.237861
60.068732	15.293408
62.521646	15.293408
& cycle # 3, chisq = 99958.780731, e = 57.573285
0.000000	6.136669
0.065246	6.136669
0.065246	6.606275
0.261430	6.606275
0.261430	6.786274
0.373601	6.786274
0.373601	6.880318
0.655031	6.880318
0.655031	6.970411
0.947445	6.970411
0.947445	7.025011
1.168430	7.025011
1.168430	7.084215
1.852969	7.084215
1.852969	7.143813
2.494210	7.143813
2.494210	7.205380
2.916879	7.205380
2.916879	7.368454
3.779506	7.368454
3.779506	7.640138
4.365418	7.640138
4.365418	7.764848
4.805891	7.764848
4.805891	7.899556
6.067061	7.899556
6.067061	8.102755
7.110750	8.102755
7.110750	8.300098
7.860835	8.300098
7.860835	8.588623
9.802015	8.588623
9.802015	8.844066
11.455363	8.844066
11.455363	8.984685
12.773694	8.984685
12.773694	9.206587
16.191867	9.206587
16.191867	9.532854
18.518542	9.532854
18.518542	9.803643
20.158504	9.803643
20.158504	10.152598
23.785021	10.152598
23.785021	10.495598
26.100606	10.495598
26.100606	10.727472
27.615877	10.727472
27.615877	11.071314
30.202151	11.071314
30.202151	11.673999
31.481931	11.673999
31.481931	12.242911
32.281173	12.242911
32.281173	12.781994
33.987528	12.781994
33.987528	13.068308
35.348914	13.068308
35.348914	13.189950
36.499524	13.189950
36.499524	13.335252
39.080311	13.335252
39.080311	13.530806
40.981475	13.530806
40.981475	13.735758
42.434549	13.735758
42.434549	14.123461
45.015558	14.123461
45.015558	14.733109
46.712635	14.733109
46.712635	15.239490
47.997093	15.239490
47.997093	15.747408
50.398119	15.747408
50.398119	16.140977
52.351409	16.140977
52.351409	16.368386
54.062239	16.368386
54.062239	16.606532
57.303210	16.606532
57.303210	16.831805
60.068732	16.831805
60.068732	16.977114
62.521646	16.977114
& cycle # 4, chisq = 127279.621708, e = 57.573285
0.000000	8.362881
0.065246	8.362881
0.065246	8.715115
0.261430	8.715115
0.261430	8.837076
0.373601	8.837076
0.373601	8.889583
0.655031	8.889583
0.655031	8.939375
0.947445	8.939375
0.947445	8.969327
1.168430	8.969327
1.168430	9.001517
1.852969	9.001517
1.852969	9.033392
2.494210	9.033392
2.494210	9.065873
2.916879	9.065873
2.916879	9.151276
3.779506	9.151276
3.779506	9.291947
4.365418	9.291947
4.365418	9.354499
4.805891	9.354499
4.805891	9.418410
6.067061	9.418410
6.067061	9.511654
7.110750	9.511654
7.110750	9.600580
7.860835	9.600580
7.860835	9.728247
9.802015	9.728247
9.802015	9.838489
11.455363	9.838489
11.455363	9.897791
12.773694	9.897791
12.773694	9.992078
16.191867	9.992078
16.191867	10.135016
18.518542	10.135016
18.518542	10.259992
20.158504	10.259992
20.158504	10.440933
23.785021	10.440933
23.785021	10.659325
26.100606	10.659325
26.100606	10.846957
27.615877	10.846957
27.615877	11.200967
30.202151	11.200967
30.202151	11.912817
31.481931	11.912817
31.481931	12.612071
32.281173	12.612071
32.281173	13.286811
33.987528	13.286811
33.987528	13.645654
35.348914	13.645654
35.348914	13.785895
36.499524	13.785895
36.499524	13.928196
39.080311	13.928196
39.080311	14.095279
40.981475	14.095279
40.981475	14.259667
42.434549	14.259667
42.434549	14.562575
45.015558	14.562575
45.015558	15.031560
46.712635	15.031560
46.712635	15.415929
47.997093	15.415929
47.997093	15.795749
50.398119	15.795749
50.398119	16.086310
52.351409	16.086310
52.351409	16.254062
54.062239	16.254062
54.062239	16.431756
57.303210	16.431756
57.303210	16.601943
60.068732	16.601943
60.068732	16.712739
62.521646	16.712739
& cycle # 6, chisq = 121777.028148, e = 57.573285
0.000000	7.315835
0.077638	7.315835
0.077638	7.809281
0.276062	7.809281
0.276062	7.916188
0.391925	7.916188
0.391925	7.985078
0.661560	7.985078
0.661560	8.051575
0.939041	8.051575
0.939041	8.093836
1.151078	8.093836
1.151078	8.142172
1.759467	8.142172
1.759467	8.188117
2.365490	8.188117
2.365490	8.218035
2.822079	8.218035
2.822079	8.279285
3.856644	8.279285
3.856644	8.422683
4.536225	8.422683
4.536225	8.574090
4.961076	8.574090
4.961076	8.725176
6.009323	8.725176
6.009323	8.848561
6.970648	8.848561
6.970648	8.929161
7.754024	8.929161
7.754024	9.036874
9.841045	9.036874
9.841045	9.177122
11.618446	9.177122
11.618446	9.306750
12.968847	9.306750
12.968847	9.515746
16.084320	9.515746
16.084320	9.736508
18.356523	9.736508
18.356523	9.857584
20.108141	9.857584
20.108141	10.037041
23.902049	10.037041
23.902049	10.364015
26.241153	10.364015
26.241153	10.735794
27.682129	10.735794
27.682129	11.325078
29.973753	11.325078
29.973753	12.048834
31.282929	12.048834
31.282929	12.572997
32.184206	12.572997
32.184206	13.149110
33.988766	13.149110
33.988766	13.519666
35.401000	13.519666
35.401000	13.641718
36.593702	13.641718
36.593702	13.747090
39.099780	13.747090
39.099780	13.869669
40.977435	13.869669
40.977435	13.989432
42.434251	13.989432
42.434251	14.194667
44.942249	14.194667
44.942249	14.494246
46.673054	14.494246
46.673054	14.739373
48.015469	14.739373
48.015469	14.983031
50.413543	14.983031
50.413543	15.174214
52.386463	15.174214
52.386463	15.285698
54.124169	15.285698
54.124169	15.399264
57.264673	15.399264
57.264673	15.506606
59.974087	15.506606
59.974087	15.577317
62.391817	15.577317
& cycle # 1, chisq = 95980.992596, e = 53.397411
0.000000	5.595851
0.077638	5.595851
0.077638	6.458537
0.276062	6.458537
0.276062	6.707932
0.391925	6.707932
0.391925	6.869190
0.661560	6.869190
0.661560	7.021079
0.939041	7.021079
0.939041	7.115547
1.151078	7.115547
1.151078	7.221074
1.759467	7.221074
1.759467	7.317843
2.365490	7.317843
2.365490	7.377225
2.822079	7.377225
2.822079	7.493949
3.856644	7.493949
3.856644	7.762727
4.536225	7.762727
4.536225	8.041874
4.961076	8.041874
4.961076	8.309746
6.009323	8.309746
6.009323	8.515498
6.970648	8.515498
6.970648	8.643127
7.754024	8.643127
7.754024	8.804218
9.841045	8.804218
9.841045	9.002844
11.618446	9.002844
11.618446	9.180141
12.968847	9.180141
12.968847	9.457660
16.084320	9.457660
16.084320	9.736575
18.356523	9.736575
18.356523	9.874001
20.108141	9.874001
20.108141	10.055112
23.902049	10.055112
23.902049	10.369549
26.241153	10.369549
26.241153	10.718271
27.682129	10.718271
27.682129	11.253406
29.973753	11.253406
29.973753	11.882925
31.282929	11.882925
31.282929	12.325496
32.184206	12.325496
32.184206	12.814092
33.988766	12.814092
33.988766	13.138420
35.401000	13.138420
35.401000	13.255895
36.593702	13.255895
36.593702	13.372110
39.099780	13.372110
39.099780	13.520593
40.977435	13.520593
40.977435	13.671993
42.434251	13.671993
42.434251	13.936710
44.942249	13.936710
44.942249	14.328669
46.673054	14.328669
46.673054	14.654309
48.015469	14.654309
48.015469	14.985215
50.413543	14.985215
50.413543	15.252694
52.386463	15.252694
52.386463	15.413113
54.124169	15.413113
54.124169	15.578726
57.264673	15.578726
57.264673	15.736127
59.974087	15.736127
59.974087	15.840022
62.391817	15.840022
& cycle # 2, chisq = 102350.748939, e = 53.397411
0.000000	6.401758
0.077638	6.401758
0.077638	6.942056
0.276062	6.942056
0.276062	7.073343
0.391925	7.073343
0.391925	7.160321
0.661560	7.160321
0.661560	7.245087
0.939041	7.245087
0.939041	7.299463
1.151078	7.299463
1.151078	7.362310
1.759467	7.362310
1.759467	7.422956
2.365490	7.422956
2.365490	7.463363
2.822079	7.463363
2.822079	7.547260
3.856644	7.547260
3.856644	7.744648
4.536225	7.744648
4.536225	7.953954
4.961076	7.953954
4.961076	8.164722
6.009323	8.164722
6.009323	8.338875
6.970648	8.338875
6.970648	8.453365
7.754024	8.453365
7.754024	8.606823
9.841045	8.606823
9.841045	8.806619
11.618446	8.806619
11.618446	8.990727
12.968847	8.990727
12.968847	9.285242
16.084320	9.285242
16.084320	9.590847
18.356523	9.590847
18.356523	9.751911
20.108141	9.751911
20.108141	9.979988
23.902049	9.979988
23.902049	10.385577
26.241153	10.385577
26.241153	10.837822
27.682129	10.837822
27.682129	11.531693
29.973753	11.531693
29.973753	12.343651
31.282929	12.343651
31.282929	12.907153
32.184206	12.907153
32.184206	13.513739
33.988766	13.513739
33.988766	13.892533
35.401000	13.892533
35.401000	14.008161
36.593702	14.008161
36.593702	14.097391
39.099780	14.097391
39.099780	14.192179
40.977435	14.192179
40.977435	14.280391
42.434251	14.280391
42.434251	14.427447
44.942249	14.427447
44.942249	14.637070
46.673054	14.637070
46.673054	14.803620
48.015469	14.803620
48.015469	14.961352
50.413543	14.961352
50.413543	15.076161
52.386463	15.076161
52.386463	15.137667
54.124169	15.137667
54.124169	15.197170
57.264673	15.197170
57.264673	15.251772
59.974087	15.251772
59.974087	15.287038
62.391817	15.287038
& cycle # 3, chisq = 91248.566140, e = 53.397411
0.000000	8.374505
0.077638	8.374505
0.077638	8.792455
0.276062	8.792455
0.276062	8.865065
0.391925	8.865065
0.391925	8.910294
0.661560	8.910294
0.661560	8.954173
0.939041	8.954173
0.939041	8.982208
1.151078	8.982208
1.151078	9.014443
1.759467	9.014443
1.759467	9.045261
2.365490	9.045261
2.365490	9.065471
2.822079	9.065471
2.822079	9.106951
3.856644	9.106951
3.856644	9.203938
4.536225	9.203938
4.536225	9.306015
4.961076	9.306015
4.961076	9.406862
6.009323	9.406862
6.009323	9.487659
6.970648	9.487659
6.970648	9.539364
7.754024	9.539364
7.754024	9.606734
9.841045	9.606734
9.841045	9.692539
11.618446	9.692539
11.618446	9.771083
12.968847	9.771083
12.968847	9.898033
16.084320	9.898033
16.084320	10.034314
18.356523	10.034314
18.356523	10.112332
20.108141	10.112332
20.108141	10.235410
23.902049	10.235410
23.902049	10.471928
26.241153	10.471928
26.241153	10.757302
27.682129	10.757302
27.682129	11.257695
29.973753	11.257695
29.973753	11.959231
31.282929	11.959231
31.282929	12.522212
32.184206	12.522212
32.184206	13.171379
33.988766	13.171379
33.988766	13.612073
35.401000	13.612073
35.401000	13.770315
36.593702	13.770315
36.593702	13.914320
39.099780	13.914320
39.099780	14.083634
40.977435	14.083634
40.977435	14.248369
42.434251	14.248369
42.434251	14.528889
44.942249	14.528889
44.942249	14.935774
46.673054	14.935774
46.673054	15.266121
48.015469	15.266121
48.015469	15.590552
50.413543	15.590552
50.413543	15.840758
52.386463	15.840758
52.386463	15.984117
54.124169	15.984117
54.124169	16.128751
57.264673	16.128751
57.264673	16.264704
59.974087	16.264704
59.974087	16.353858
62.391817	16.353858
& cycle # 4, chisq = 106552.161962, e = 53.397411
0.000000	5.607668
0.077638	5.607668
0.077638	6.119410
0.276062	6.119410
0.276062	6.244236
0.391925	6.244236
0.391925	6.330473
0.661560	6.330473
0.661560	6.417415
0.939041	6.417415
0.939041	6.475066
1.151078	6.475066
1.151078	6.544399
1.759467	6.544399
1.759467	6.615523
2.365490	6.615523
2.365490	6.667336
2.822079	6.667336
2.822079	6.780732
3.856644	6.780732
3.856644	7.052616
4.536225	7.052616
4.536225	7.345724
4.961076	7.345724
4.961076	7.650679
6.009323	7.650679
6.009323	7.911717
6.970648	7.911717
6.970648	8.084985
7.754024	8.084985
7.754024	8.314662
9.841045	8.314662
9.841045	8.606752
11.618446	8.606752
11.618446	8.868772
12.968847	8.868772
12.968847	9.271171
16.084320	9.271171
16.084320	9.654823
18.356523	9.654823
18.356523	9.819249
20.108141	9.819249
20.108141	9.998155
23.902049	9.998155
23.902049	10.285762
26.241153	10.285762
26.241153	10.599198
27.682129	10.599198
27.682129	11.080868
29.973753	11.080868
29.973753	11.655652
31.282929	11.655652
31.282929	12.071596
32.184206	12.071596
32.184206	12.553695
33.988766	12.553695
33.988766	12.908420
35.401000	12.908420
35.401000	13.068022
36.593702	13.068022
36.593702	13.261149
39.099780	13.261149
39.099780	13.532636
40.977435	13.532636
40.977435	13.817621
42.434251	13.817621
42.434251	14.316229
44.942249	14.316229
44.942249	15.045049
46.673054	15.045049
46.673054	15.634659
48.015469	15.634659
48.015469	16.202275
50.413543	16.202275
50.413543	16.619753
52.386463	16.619753
52.386463	16.841281
54.124169	16.841281
54.124169	17.049032
57.264673	17.049032
57.264673	17.233263
59.974087	17.233263
59.974087	17.348715
62.391817	17.348715
& cycle # 5, chisq = 131161.048270, e = 53.397411
0.000000	7.801302
0.060741	7.801302
0.060741	8.159719
0.247633	8.159719
0.247633	8.292758
0.354197	8.292758
0.354197	8.350851
0.624442	8.350851
0.624442	8.405466
0.905621	8.405466
0.905621	8.438713
1.117790	8.438713
1.117790	8.476068
1.785743	8.476068
1.785743	8.508726
2.440091	8.508726
2.440091	8.531857
2.900801	8.531857
2.900801	8.593608
3.889418	8.593608
3.889418	8.745152
4.461694	8.745152
4.461694	8.853088
4.842481	8.853088
4.842481	8.938795
5.954648	8.938795
5.954648	9.021251
6.977318	9.021251
6.977318	9.078869
7.786728	9.078869
7.786728	9.181258
9.970179	9.181258
9.970179	9.348232
11.622862	9.348232
11.622862	9.484964
12.828853	9.484964
12.828853	9.633722
16.033514	9.633722
16.033514	9.773140
18.430119	9.773140
18.430119	9.898008
20.185498	9.898008
20.185498	10.164442
23.926843	10.164442
23.926843	10.583801
26.107740	10.583801
26.107740	10.872685
27.531268	10.872685
27.531268	11.261552
30.102446	11.261552
30.102446	11.972750
31.426112	11.972750
31.426112	12.688624
32.250619	12.688624
32.250619	13.444940
33.975818	13.444940
33.975818	13.847238
35.329584	13.847238
35.329584	13.986428
36.472812	13.986428
36.472812	14.125876
39.067373	14.125876
39.067373	14.291872
40.981172	14.291872
40.981172	14.458368
42.444226	14.458368
42.444226	14.774319
45.055763	14.774319
45.055763	15.278491
46.754753	15.278491
46.754753	15.701451
48.030240	15.701451
48.030240	16.124625
50.420690	16.124625
50.420690	16.446239
52.359752	16.446239
52.359752	16.629075
54.056645	16.629075
54.056645	16.820872
57.292845	16.820872
57.292845	17.001784
60.049878	17.001784
60.049878	17.117026
62.492801	17.117026
& cycle # 1, chisq = 133609.526271, e = 58.169545
0.000000	6.985150
0.060741	6.985150
0.060741	7.479250
0.247633	7.479250
0.247633	7.665449
0.354197	7.665449
0.354197	7.757466
0.624442	7.757466
0.624442	7.843126
0.905621	7.843126
0.905621	7.894609
1.117790	7.894609
1.117790	7.951775
1.785743	7.951775
1.785743	8.000912
2.440091	8.000912
2.440091	8.034899
2.900801	8.034899
2.900801	8.124810
3.889418	8.124810
3.889418	8.344550
4.461694	8.344550
4.461694	8.499983
4.842481	8.499983
4.842481	8.621217
5.954648	8.621217
5.954648	8.735554
6.977318	8.735554
6.977318	8.813725
7.786728	8.813725
7.786728	8.949802
9.970179	8.949802
9.970179	9.168208
11.622862	9.168208
11.622862	9.343455
12.828853	9.343455
12.828853	9.523731
16.033514	9.523731
16.033514	9.675694
18.430119	9.675694
18.430119	9.802449
20.185498	9.802449
20.185498	10.062901
23.926843	10.062901
23.926843	10.453414
26.107740	10.453414
26.107740	10.698081
27.531268	10.698081
27.531268	10.982669
30.102446	10.982669
30.102446	11.474020
31.426112	11.474020
31.426112	11.968591
32.250619	11.968591
32.250619	12.505880
33.975818	12.505880
33.975818	12.816336
35.329584	12.816336
35.329584	12.943644
36.472812	12.943644
36.472812	13.095953
39.067373	13.095953
39.067373	13.302429
40.981172	13.302429
40.981172	13.520605
42.444226	13.520605
42.444226	13.941627
45.055763	13.941627
45.055763	14.618354
46.754753	14.618354
46.754753	15.188451
48.030240	15.188451
48.030240	15.759965
50.420690	15.759965
50.420690	16.192824
52.359752	16.192824
52.359752	16.435898
54.056645	16.435898
54.056645	16.686902
57.292845	16.686902
57.292845	16.920437
60.049878	16.920437
60.049878	17.067707
62.492801	17.067707
& cycle # 2, chisq = 139803.028133, e = 58.169545
0.000000	6.863250
0.060741	6.863250
0.060741	7.267410
0.247633	7.267410
0.247633	7.422190
0.354197	7.422190
0.354197	7.495739
0.624442	7.495739
0.624442	7.565475
0.905621	7.565475
0.905621	7.608167
1.117790	7.608167
1.117790	7.656583
1.785743	7.656583
1.785743	7.699828
2.440091	7.699828
2.440091	7.731489
2.900801	7.731489
2.900801	7.817235
3.889418	7.817235
3.889418	8.029334
4.461694	8.029334
4.461694	8.182384
4.842481	8.182384
4.842481	8.307541
5.954648	8.307541
5.954648	8.430817
6.977318	8.430817
6.977318	8.518539
7.786728	8.518539
7.786728	8.676136
9.970179	8.676136
9.970179	8.933546
11.622862	8.933546
11.622862	9.143370
12.828853	9.143370
12.828853	9.367127
16.033514	9.367127
16.033514	9.568215
18.430119	9.568215
18.430119	9.742451
20.185498	9.742451
20.185498	10.104146
23.926843	10.104146
23.926843	10.648345
26.107740	10.648345
26.107740	10.988177
27.531268	10.988177
27.531268	11.373729
30.102446	11.373729
30.102446	12.017371
31.426112	12.017371
31.426112	12.645126
32.250619	12.645126
32.250619	13.286615
33.975818	13.286615
33.975818	13.603767
35.329584	13.603767
35.329584	13.700263
36.472812	13.700263
36.472812	13.786513
39.067373	13.786513
39.067373	13.879367
40.981172	13.879367
40.981172	13.968166
42.444226	13.968166
42.444226	14.133657
45.055763	14.133657
45.055763	14.395015
46.754753	14.395015
46.754753	14.612264
48.030240	14.612264
48.030240	14.827219
50.420690	14.827219
50.420690	14.988925
52.359752	14.988925
52.359752	15.080826
54.056645	15.080826
54.056645	15.178318
57.292845	15.178318
57.292845	15.271589
60.049878	15.271589
60.049878	15.331945
62.492801	15.331945
& cycle # 3, chisq = 108609.391774, e = 58.169545
0.000000	6.748095
0.060741	6.748095
0.060741	7.114083
0.247633	7.114083
0.247633	7.255385
0.354197	7.255385
0.354197	7.321342
0.624442	7.321342
0.624442	7.384920
0.905621	7.384920
0.905621	7.424474
1.117790	7.424474
1.117790	7.470130
1.785743	7.470130
1.785743	7.512125
2.440091	7.512125
2.440091	7.544112
2.900801	7.544112
2.900801	7.632052
3.889418	7.632052
3.889418	7.851193
4.461694	7.851193
4.461694	8.011188
4.842481	8.011188
4.842481	8.145366
5.954648	8.145366
5.954648	8.280027
6.977318	8.280027
6.977318	8.377098
7.786728	8.377098
7.786728	8.552461
9.970179	8.552461
9.970179	8.838005
11.622862	8.838005
11.622862	9.068228
12.828853	9.068228
12.828853	9.304719
16.033514	9.304719
16.033514	9.502016
18.430119	9.502016
18.430119	9.664752
20.185498	9.664752
20.185498	9.996918
23.926843	9.996918
23.926843	10.491605
26.107740	10.491605
26.107740	10.797718
27.531268	10.797718
27.531268	11.146081
30.102446	11.146081
30.102446	11.740105
31.426112	11.740105
31.426112	12.334480
32.250619	12.334480
32.250619	12.973048
33.975818	12.973048
33.975818	13.330696
35.329584	13.330696
35.329584	13.468244
36.472812	13.468244
36.472812	13.622008
39.067373	13.622008
39.067373	13.820433
40.981172	13.820433
40.981172	14.025605
42.444226	14.025605
42.444226	14.417599
45.055763	14.417599
45.055763	15.042938
46.754753	15.042938
46.754753	15.565182
48.030240	15.565182
48.030240	16.081478
50.420690	16.081478
50.420690	16.464688
52.359752	16.464688
52.359752	16.675747
54.056645	16.675747
54.056645	16.891654
57.292845	16.891654
57.292845	17.091519
60.049878	17.091519
60.049878	17.217167
62.492801	17.217167
& cycle # 4, chisq = 138682.190925, e = 58.169545
0.000000	7.496342
0.060741	7.496342
0.060741	7.861082
0.247633	7.861082
0.247633	7.997523
0.354197	7.997523
0.354197	8.057963
0.624442	8.057963
0.624442	8.114757
0.905621	8.114757
0.905621	8.149296
1.117790	8.149296
1.117790	8.188099
1.785743	8.188099
1.785743	8.222093
2.440091	8.222093
2.440091	8.246265
2.900801	8.246265
2.900801	8.310906
3.889418	8.310906
3.889418	8.469615
4.461694	8.469615
4.461694	8.582656
4.842481	8.582656
4.842481	8.672176
5.954648	8.672176
5.954648	8.757651
6.977318	8.757651
6.977318	8.816731
7.786728	8.816731
7.786728	8.920649
9.970179	8.920649
9.970179	9.089036
11.622862	9.089036
11.622862	9.226094
12.828853	9.226094
12.828853	9.373255
16.033514	9.373255
16.033514	9.508455
18.430119	9.508455
18.430119	9.628666
20.185498	9.628666
20.185498	9.887076
23.926843	9.887076
23.926843	10.303066
26.107740	10.303066
26.107740	10.605836
27.531268	10.605836
27.531268	11.055059
30.102446	11.055059
30.102446	11.929703
31.426112	11.929703
31.426112	12.846424
32.250619	12.846424
32.250619	13.878298
33.975818	13.878298
33.975818	14.494861
35.329584	14.494861
35.329584	14.734214
36.472812	14.734214
36.472812	14.969670
39.067373	14.969670
39.067373	15.229117
40.981172	15.229117
40.981172	15.469902
42.444226	15.469902
42.444226	15.897218
45.055763	15.897218
45.055763	16.533733
46.754753	16.533733
46.754753	17.019763
48.030240	17.019763
48.030240	17.427614
50.420690	17.427614
50.420690	17.652297
52.359752	17.652297
52.359752	17.735357
54.056645	17.735357
54.056645	17.801440
57.292845	17.801440
57.292845	17.853884
60.049878	17.853884
60.049878	17.883617
62.492801	17.883617
& cycle # 5, chisq = 159114.075609, e = 58.169545
0.000000	5.923878
0.056015	5.923878
0.056015	6.461068
0.224207	6.461068
0.224207	6.659461
0.320409	6.659461
0.320409	6.762904
0.561508	6.762904
0.561508	6.863899
0.811980	6.863899
0.811980	6.928092
1.001301	6.928092
1.001301	7.006791
1.590298	7.006791
1.590298	7.085780
2.183965	7.085780
2.183965	7.129022
2.643789	7.129022
2.643789	7.187821
3.880406	7.187821
3.880406	7.323548
4.727083	7.323548
4.727083	7.531032
5.190953	7.531032
5.190953	7.889331
6.174064	7.889331
6.174064	8.175936
7.007148	8.175936
7.007148	8.326146
7.678436	8.326146
7.678436	8.528071
9.629567	8.528071
9.629567	8.738391
11.365295	8.738391
11.365295	8.876636
12.751222	8.876636
12.751222	9.116007
16.287595	9.116007
16.287595	9.519129
18.603936	9.519129
18.603936	9.879990
20.196714	9.879990
20.196714	10.289090
23.759082	10.289090
23.759082	10.576655
26.128914	10.576655
26.128914	10.772897
27.671869	10.772897
27.671869	11.208337
30.152132	11.208337
30.152132	11.999413
31.361269	11.999413
31.361269	12.525009
32.165807	12.525009
32.165807	12.958798
33.930874	12.958798
33.930874	13.244064
35.311053	13.244064
35.311053	13.361687
36.470941	13.361687
36.470941	13.483036
39.070695	13.483036
39.070695	13.639618
40.987861	13.639618
40.987861	13.803203
42.453044	13.803203
42.453044	14.115279
45.047983	14.115279
45.047983	14.613389
46.746487	14.613389
46.746487	15.033969
48.027157	15.033969
48.027157	15.461206
50.413550	15.461206
50.413550	15.796500
52.354408	15.796500
52.354408	15.992888
54.054637	15.992888
54.054637	16.198504
57.273191	16.198504
57.273191	16.389254
60.018168	16.389254
60.018168	16.509070
62.447148	16.509070
& cycle # 1, chisq = 145601.102148, e = 57.511662
0.000000	5.579964
0.056015	5.579964
0.056015	6.034965
0.224207	6.034965
0.224207	6.205920
0.320409	6.205920
0.320409	6.294091
0.561508	6.294091
0.561508	6.382668
0.811980	6.382668
0.811980	6.440461
1.001301	6.440461
1.001301	6.513275
1.590298	6.513275
1.590298	6.588754
2.183965	6.588754
2.183965	6.632281
2.643789	6.632281
2.643789	6.696514
3.880406	6.696514
3.880406	6.850058
4.727083	6.850058
4.727083	7.087519
5.190953	7.087519
5.190953	7.504680
6.174064	7.504680
6.174064	7.849500
7.007148	7.849500
7.007148	8.035796
7.678436	8.035796
7.678436	8.287270
9.629567	8.287270
9.629567	8.546064
11.365295	8.546064
11.365295	8.711258
12.751222	8.711258
12.751222	8.987939
16.287595	8.987939
16.287595	9.445358
18.603936	9.445358
18.603936	9.849247
20.196714	9.849247
20.196714	10.294188
23.759082	10.294188
23.759082	10.581057
26.128914	10.581057
26.128914	10.755296
27.671869	10.755296
27.671869	11.137316
30.152132	11.137316
30.152132	11.837664
31.361269	11.837664
31.361269	12.312135
32.165807	12.312135
32.165807	12.718586
33.930874	12.718586
33.930874	13.000007
35.311053	13.000007
35.311053	13.125676
36.470941	13.125676
36.470941	13.267063
39.070695	13.267063
39.070695	13.458829
40.987861	13.458829
40.987861	13.662427
42.453044	13.662427
42.453044	14.051945
45.047983	14.051945
45.047983	14.672591
46.746487	14.672591
46.746487	15.193848
48.027157	15.193848
48.027157	15.716701
50.413550	15.716701
50.413550	16.117376
52.354408	16.117376
52.354408	16.344833
54.054637	16.344833
54.054637	16.576446
57.273191	16.576446
57.273191	16.785223
60.018168	16.785223
60.018168	16.911705
62.447148	16.911705
& cycle # 2, chisq = 155806.665786, e = 57.511662
0.000000	6.709768
0.056015	6.709768
0.056015	7.158471
0.224207	7.158471
0.224207	7.320496
0.320409	7.320496
0.320409	7.399354
0.561508	7.399354
0.561508	7.476596
0.811980	7.476596
0.811980	7.525838
1.001301	7.525838
1.001301	7.586320
1.590298	7.586320
1.590298	7.647107
2.183965	7.647107
2.183965	7.680433
2.643789	7.680433
2.643789	7.725842
3.880406	7.725842
3.880406	7.830785
4.727083	7.830785
4.727083	7.991337
5.190953	7.991337
5.190953	8.269132
6.174064	8.269132
6.174064	8.492571
7.007148	8.492571
7.007148	8.610800
7.678436	8.610800
7.678436	8.771762
9.629567	8.771762
9.629567	8.943084
11.365295	8.943084
11.365295	9.059438
12.751222	9.059438
12.751222	9.266969
16.287595	9.266969
16.287595	9.622013
18.603936	9.622013
18.603936	9.944347
20.196714	9.944347
20.196714	10.322983
23.759082	10.322983
23.759082	10.618154
26.128914	10.618154
26.128914	10.845201
27.671869	10.845201
27.671869	11.356905
30.152132	11.356905
30.152132	12.283160
31.361269	12.283160
31.361269	12.890736
32.165807	12.890736
32.165807	13.374581
33.930874	13.374581
33.930874	13.670451
35.311053	13.670451
35.311053	13.774943
36.470941	13.774943
36.470941	13.859969
39.070695	13.859969
39.070695	13.950485
40.987861	13.950485
40.987861	14.037288
42.453044	14.037288
42.453044	14.197029
45.047983	14.197029
45.047983	14.445703
46.746487	14.445703
46.746487	14.650028
48.027157	14.650028
48.027157	14.849180
50.413550	14.849180
50.413550	14.997130
52.354408	14.997130
52.354408	15.080164
54.054637	15.080164
54.054637	15.166640
57.273191	15.166640
57.273191	15.248187
60.018168	15.248187
60.018168	15.301288
62.447148	15.301288
& cycle # 3, chisq = 128668.829385, e = 57.511662
0.000000	6.207042
0.056015	6.207042
0.056015	6.704089
0.224207	6.704089
0.224207	6.891269
0.320409	6.891269
0.320409	6.988797
0.561508	6.988797
0.561508	7.084867
0.811980	7.084867
0.811980	7.146311
1.001301	7.146311
1.001301	7.221954
1.590298	7.221954
1.590298	7.298042
2.183965	7.298042
2.183965	7.339696
2.643789	7.339696
2.643789	7.396188
3.880406	7.396188
3.880406	7.526304
4.727083	7.526304
4.727083	7.724895
5.190953	7.724895
5.190953	8.066678
6.174064	8.066678
6.174064	8.337901
7.007148	8.337901
7.007148	8.478530
7.678436	8.478530
7.678436	8.665815
9.629567	8.665815
9.629567	8.858290
11.365295	8.858290
11.365295	8.982374
12.751222	8.982374
12.751222	9.193691
16.287595	9.193691
16.287595	9.547303
18.603936	9.547303
18.603936	9.863106
20.196714	9.863106
20.196714	10.220844
23.759082	10.220844
23.759082	10.473257
26.128914	10.473257
26.128914	10.647837
27.671869	10.647837
27.671869	11.041292
30.152132	11.041292
30.152132	11.771146
31.361269	11.771146
31.361269	12.273001
32.165807	12.273001
32.165807	12.709249
33.930874	12.709249
33.930874	13.011027
35.311053	13.011027
35.311053	13.143024
36.470941	13.143024
36.470941	13.286868
39.070695	13.286868
39.070695	13.477835
40.987861	13.477835
40.987861	13.678836
42.453044	13.678836
42.453044	14.062042
45.047983	14.062042
45.047983	14.671374
46.746487	14.671374
46.746487	15.182217
48.027157	15.182217
48.027157	15.693621
50.413550	15.693621
50.413550	16.084955
52.354408	16.084955
52.354408	16.307250
54.054637	16.307250
54.054637	16.534250
57.273191	16.534250
57.273191	16.739681
60.018168	16.739681
60.018168	16.864807
62.447148	16.864807
& cycle # 4, chisq = 154355.452070, e = 57.511662
0.000000	5.920572
0.056015	5.920572
0.056015	6.749415
0.224207	6.749415
0.224207	7.080885
0.320409	7.080885
0.320409	7.271270
0.561508	7.271270
0.561508	7.451236
0.811980	7.451236
0.811980	7.561385
1.001301	7.561385
1.001301	7.690425
1.590298	7.690425
1.590298	7.812554
2.183965	7.812554
2.183965	7.872716
2.643789	7.872716
2.643789	7.939372
3.880406	7.939372
3.880406	8.077678
4.727083	8.077678
4.727083	8.281330
5.190953	8.281330
5.190953	8.613133
6.174064	8.613133
6.174064	8.846268
7.007148	8.846268
7.007148	8.950202
7.678436	8.950202
7.678436	9.077658
9.629567	9.077658
9.629567	9.198495
11.365295	9.198495
11.365295	9.269252
12.751222	9.269252
12.751222	9.382217
16.287595	9.382217
16.287595	9.570851
18.603936	9.570851
18.603936	9.744995
20.196714	9.744995
20.196714	9.967708
23.759082	9.967708
23.759082	10.188861
26.128914	10.188861
26.128914	10.407945
27.671869	10.407945
27.671869	10.962433
30.152132	10.962433
30.152132	12.101702
31.361269	12.101702
31.361269	13.000731
32.165807	13.000731
32.165807	13.909062
33.930874	13.909062
33.930874	14.579518
35.311053	14.579518
35.311053	14.858420
36.470941	14.858420
36.470941	15.106535
39.070695	15.106535
39.070695	15.369263
40.987861	15.369263
40.987861	15.608928
42.453044	15.608928
42.453044	16.025763
45.047983	16.025763
45.047983	16.636182
46.746487	16.636182
46.746487	17.096567
48.027157	17.096567
48.027157	17.477595
50.413550	17.477595
50.413550	17.685483
52.354408	17.685483
52.354408	17.761460
54.054637	17.761460
54.054637	17.820841
57.273191	17.820841
57.273191	17.866751
60.018168	17.866751
60.018168	17.891346
62.447148	17.891346
& cycle # 5, chisq = 182227.635061, e = 57.511662
0.000000	6.939366
0.067746	6.939366
0.067746	7.485726
0.244505	7.485726
0.244505	7.610234
0.347442	7.610234
0.347442	7.689290
0.589178	7.689290
0.589178	7.767185
0.838234	7.767185
0.838234	7.818027
1.028292	7.818027
1.028292	7.879898
1.579181	7.879898
1.579181	7.944994
2.133850	7.944994
2.133850	7.984283
2.570984	7.984283
2.570984	8.030045
3.740545	8.030045
3.740545	8.107751
4.676271	8.107751
4.676271	8.216277
5.254661	8.216277
5.254661	8.455928
6.361874	8.455928
6.361874	8.735940
7.195254	8.735940
7.195254	8.865743
7.861510	8.865743
7.861510	9.021926
9.674685	9.021926
9.674685	9.190124
11.306649	9.190124
11.306649	9.297987
12.644680	9.297987
12.644680	9.437874
16.077198	9.437874
16.077198	9.635989
18.587893	9.635989
18.587893	9.840378
20.377211	9.840378
20.377211	10.213835
23.902558	10.213835
23.902558	10.681641
26.079252	10.681641
26.079252	10.951126
27.547731	10.951126
27.547731	11.321298
30.044182	11.321298
30.044182	12.017741
31.367070	12.017741
31.367070	12.671794
32.222389	12.671794
32.222389	13.256007
33.968222	13.256007
33.968222	13.540437
35.375305	13.540437
35.375305	13.639624
36.569425	13.639624
36.569425	13.739298
39.098022	13.739298
39.098022	13.860879
40.986256	13.860879
40.986256	13.982132
42.446691	13.982132
42.446691	14.193964
44.966352	14.193964
44.966352	14.507708
46.692908	14.507708
46.692908	14.765979
48.027725	14.765979
48.027725	15.024634
50.426214	15.024634
50.426214	15.229909
52.397699	15.229909
52.397699	15.351596
54.133225	15.351596
54.133225	15.477482
57.287797	15.477482
57.287797	15.597281
60.005897	15.597281
60.005897	15.676152
62.429990	15.676152
& cycle # 1, chisq = 119061.162045, e = 53.900434
0.000000	7.886645
0.067746	7.886645
0.067746	8.381090
0.244505	8.381090
0.244505	8.482914
0.347442	8.482914
0.347442	8.545950
0.589178	8.545950
0.589178	8.607760
0.838234	8.607760
0.838234	8.647813
1.028292	8.647813
1.028292	8.696072
1.579181	8.696072
1.579181	8.746210
2.133850	8.746210
2.133850	8.775927
2.570984	8.775927
2.570984	8.809400
3.740545	8.809400
3.740545	8.864729
4.676271	8.864729
4.676271	8.941295
5.254661	8.941295
5.254661	9.109046
6.361874	9.109046
6.361874	9.302257
7.195254	9.302257
7.195254	9.389314
7.861510	9.389314
7.861510	9.491721
9.674685	9.491721
9.674685	9.600184
11.306649	9.600184
11.306649	9.668575
12.644680	9.668575
12.644680	9.755894
16.077198	9.755894
16.077198	9.879516
18.587893	9.879516
18.587893	10.008835
20.377211	10.008835
20.377211	10.253549
23.902558	10.253549
23.902558	10.585044
26.079252	10.585044
26.079252	10.812018
27.547731	10.812018
27.547731	11.186340
30.044182	11.186340
30.044182	11.930416
31.367070	11.930416
31.367070	12.646954
32.222389	12.646954
32.222389	13.315293
33.968222	13.315293
33.968222	13.669717
35.375305	13.669717
35.375305	13.806368
36.569425	13.806368
36.569425	13.948973
39.098022	13.948973
39.098022	14.125241
40.986256	14.125241
40.986256	14.301096
42.446691	14.301096
42.446691	14.607185
44.966352	14.607185
44.966352	15.058239
46.692908	15.058239
46.692908	15.426822
48.027725	15.426822
48.027725	15.791280
50.426214	15.791280
50.426214	16.074895
52.397699	16.074895
52.397699	16.239417
54.133225	16.239417
54.133225	16.407248
57.287797	16.407248
57.287797	16.565518
60.005897	16.565518
60.005897	16.669014
62.429990	16.669014
& cycle # 2, chisq = 133186.387748, e = 53.900434
0.000000	6.354468
0.067746	6.354468
0.067746	6.886325
0.244505	6.886325
0.244505	7.009726
0.347442	7.009726
0.347442	7.090223
0.589178	7.090223
0.589178	7.170950
0.838234	7.170950
0.838234	7.224453
1.028292	7.224453
1.028292	7.290557
1.579181	7.290557
1.579181	7.361238
2.133850	7.361238
2.133850	7.404801
2.570984	7.404801
2.570984	7.457388
3.740545	7.457388
3.740545	7.549088
4.676271	7.549088
4.676271	7.678212
5.254661	7.678212
5.254661	7.965001
6.361874	7.965001
6.361874	8.303188
7.195254	8.303188
7.195254	8.462446
7.861510	8.462446
7.861510	8.655753
9.674685	8.655753
9.674685	8.864634
11.306649	8.864634
11.306649	8.998766
12.644680	8.998766
12.644680	9.172666
16.077198	9.172666
16.077198	9.418621
18.587893	9.418621
18.587893	9.671864
20.377211	9.671864
20.377211	10.132577
23.902558	10.132577
23.902558	10.703678
26.079252	10.703678
26.079252	11.023964
27.547731	11.023964
27.547731	11.448682
30.044182	11.448682
30.044182	12.237577
31.367070	12.237577
31.367070	12.973143
32.222389	12.973143
32.222389	13.620086
33.968222	13.620086
33.968222	13.921641
35.375305	13.921641
35.375305	14.017026
36.569425	14.017026
36.569425	14.102279
39.098022	14.102279
39.098022	14.196215
40.986256	14.196215
40.986256	14.284857
42.446691	14.284857
42.446691	14.434968
44.966352	14.434968
44.966352	14.651409
46.692908	14.651409
46.692908	14.823740
48.027725	14.823740
48.027725	14.987135
50.426214	14.987135
50.426214	15.106435
52.397699	15.106435
52.397699	15.171038
54.133225	15.171038
54.133225	15.234436
57.287797	15.234436
57.287797	15.293025
60.005897	15.293025
60.005897	15.330908
62.429990	15.330908
& cycle # 3, chisq = 113610.893122, e = 53.900434
0.000000	6.624320
0.067746	6.624320
0.067746	7.172395
0.244505	7.172395
0.244505	7.299969
0.347442	7.299969
0.347442	7.382194
0.589178	7.382194
0.589178	7.463817
0.838234	7.463817
0.838234	7.517412
1.028292	7.517412
1.028292	7.582998
1.579181	7.582998
1.579181	7.652415
2.133850	7.652415
2.133850	7.694652
2.570984	7.694652
2.570984	7.744570
3.740545	7.744570
3.740545	7.830284
4.676271	7.830284
4.676271	7.950416
5.254661	7.950416
5.254661	8.216355
6.361874	8.216355
6.361874	8.528283
7.195254	8.528283
7.195254	8.673820
7.861510	8.673820
7.861510	8.849488
9.674685	8.849488
9.674685	9.038735
11.306649	9.038735
11.306649	9.159906
12.644680	9.159906
12.644680	9.316372
16.077198	9.316372
16.077198	9.536852
18.587893	9.536852
18.587893	9.763256
20.377211	9.763256
20.377211	10.173675
23.902558	10.173675
23.902558	10.678941
26.079252	10.678941
26.079252	10.957747
27.547731	10.957747
27.547731	11.320740
30.044182	11.320740
30.044182	11.994311
31.367070	11.994311
31.367070	12.626418
32.222389	12.626418
32.222389	13.192989
33.968222	13.192989
33.968222	13.473462
35.375305	13.473462
35.375305	13.576312
36.569425	13.576312
36.569425	13.686697
39.098022	13.686697
39.098022	13.828177
40.986256	13.828177
40.986256	13.972613
42.446691	13.972613
42.446691	14.227825
44.966352	14.227825
44.966352	14.609006
46.692908	14.609006
46.692908	14.925707
48.027725	14.925707
48.027725	15.247204
50.426214	15.247204
50.426214	15.506993
52.397699	15.506993
52.397699	15.663544
54.133225	15.663544
54.133225	15.826710
57.287797	15.826710
57.287797	15.982449
60.005897	15.982449
60.005897	16.085084
62.429990	16.085084
& cycle # 4, chisq = 123646.955171, e = 53.900434
0.000000	5.979706
0.067746	5.979706
0.067746	6.562719
0.244505	6.562719
0.244505	6.713998
0.347442	6.713998
0.347442	6.816152
0.589178	6.816152
0.589178	6.919430
0.838234	6.919430
0.838234	6.988264
1.028292	6.988264
1.028292	7.073569
1.579181	7.073569
1.579181	7.164750
2.133850	7.164750
2.133850	7.220656
2.570984	7.220656
2.570984	7.287184
3.740545	7.287184
3.740545	7.401655
4.676271	7.401655
4.676271	7.561745
5.254661	7.561745
5.254661	7.913994
6.361874	7.913994
6.361874	8.321395
7.195254	8.321395
7.195254	8.505420
7.861510	8.505420
7.861510	8.719510
9.674685	8.719510
9.674685	8.940434
11.306649	8.940434
11.306649	9.072919
12.644680	9.072919
12.644680	9.227219
16.077198	9.227219
16.077198	9.428670
18.587893	9.428670
18.587893	9.630024
20.377211	9.630024
20.377211	9.993295
23.902558	9.993295
23.902558	10.445166
26.079252	10.445166
26.079252	10.704773
27.547731	10.704773
27.547731	11.065270
30.044182	11.065270
30.044182	11.757156
31.367070	11.757156
31.367070	12.425416
32.222389	12.425416
32.222389	13.062001
33.968222	13.062001
33.968222	13.424005
35.375305	13.424005
35.375305	13.586335
36.569425	13.586335
36.569425	13.784360
39.098022	13.784360
39.098022	14.054151
40.986256	14.054151
40.986256	14.332686
42.446691	14.332686
42.446691	14.818535
44.966352	14.818535
44.966352	15.524936
46.692908	15.524936
46.692908	16.085686
48.027725	16.085686
48.027725	16.607478
50.426214	16.607478
50.426214	16.971044
52.397699	16.971044
52.397699	17.152809
54.133225	17.152809
54.133225	17.317942
57.287797	17.317942
57.287797	17.461574
60.005897	17.461574
60.005897	17.550415
62.429990	17.550415
& cycle # 5, chisq = 156243.247668, e = 53.900434
0.000000	6.421805
0.071969	6.421805
0.071969	6.977291
0.265646	6.977291
0.265646	7.126311
0.377960	7.126311
0.377960	7.216174
0.645570	7.216174
0.645570	7.302622
0.921790	7.302622
0.921790	7.357045
1.132124	7.357045
1.132124	7.419547
1.751335	7.419547
1.751335	7.478325
2.367397	7.478325
2.367397	7.516752
2.826676	7.516752
2.826676	7.600079
3.867631	7.600079
3.867631	7.801568
4.528940	7.801568
4.528940	8.005032
4.942126	8.005032
4.942126	8.196266
6.005464	8.196266
6.005464	8.356765
6.982897	8.356765
6.982897	8.464234
7.773716	8.464234
7.773716	8.624011
9.884088	8.624011
9.884088	8.854204
11.613356	8.854204
11.613356	9.056083
12.910010	9.056083
12.910010	9.322253
16.057199	9.322253
16.057199	9.573461
18.394611	9.573461
18.394611	9.748988
20.150286	9.748988
20.150286	10.051698
23.866249	10.051698
23.866249	10.489465
26.145713	10.489465
26.145713	10.824730
27.613036	10.824730
27.613036	11.292699
30.045183	11.292699
30.045183	12.019742
31.339504	12.019742
31.339504	12.618406
32.191161	12.618406
32.191161	13.175893
33.947596	13.175893
33.947596	13.474317
35.348291	13.474317
35.348291	13.577906
36.534772	13.577906
36.534772	13.681618
39.080212	13.681618
39.080212	13.810028
40.976513	13.810028
40.976513	13.939734
42.439803	13.939734
42.439803	14.171400
44.980655	14.171400
44.980655	14.521379
46.705016	14.521379
46.705016	14.812637
48.030666	14.812637
48.030666	15.107832
50.431161	15.107832
50.431161	15.344271
52.399049	15.344271
52.399049	15.485781
54.129406	15.485781
54.129406	15.634254
57.303207	15.634254
57.303207	15.776504
60.032089	15.776504
60.032089	15.870227
62.462904	15.870227
& cycle # 1, chisq = 104164.494161, e = 54.703901
0.000000	6.330433
0.071969	6.330433
0.071969	6.806875
0.265646	6.806875
0.265646	6.929382
0.377960	6.929382
0.377960	7.004148
0.645570	7.004148
0.645570	7.078003
0.921790	7.078003
0.921790	7.125595
1.132124	7.125595
1.132124	7.181656
1.751335	7.181656
1.751335	7.236402
2.367397	7.236402
2.367397	7.274289
2.826676	7.274289
2.826676	7.359155
3.867631	7.359155
3.867631	7.566793
4.528940	7.566793
4.528940	7.778936
4.942126	7.778936
4.942126	7.983644
6.005464	7.983644
6.005464	8.161037
6.982897	8.161037
6.982897	8.282300
7.773716	8.282300
7.773716	8.465202
9.884088	8.465202
9.884088	8.729974
11.613356	8.729974
11.613356	8.961496
12.910010	8.961496
12.910010	9.262486
16.057199	9.262486
16.057199	9.537890
18.394611	9.537890
18.394611	9.723133
20.150286	9.723133
20.150286	10.034422
23.866249	10.034422
23.866249	10.472711
26.145713	10.472711
26.145713	10.795469
27.613036	10.795469
27.613036	11.226177
30.045183	11.226177
30.045183	11.882227
31.339504	11.882227
31.339504	12.421645
32.191161	12.421645
32.191161	12.930304
33.947596	12.930304
33.947596	13.213694
35.348291	13.213694
35.348291	13.321562
36.534772	13.321562
36.534772	13.440799
39.080212	13.440799
39.080212	13.598479
40.976513	13.598479
40.976513	13.762266
42.439803	13.762266
42.439803	14.058280
44.980655	14.058280
44.980655	14.508928
46.705016	14.508928
46.705016	14.886854
48.030666	14.886854
48.030666	15.273901
50.431161	15.273901
50.431161	15.587877
52.399049	15.587877
52.399049	15.777670
54.129406	15.777670
54.129406	15.977379
57.303207	15.977379
57.303207	16.168761
60.032089	16.168761
60.032089	16.294788
62.462904	16.294788
& cycle # 2, chisq = 111473.396992, e = 54.703901
0.000000	6.318095
0.071969	6.318095
0.071969	6.801985
0.265646	6.801985
0.265646	6.926891
0.377960	6.926891
0.377960	7.002865
0.645570	7.002865
0.645570	7.077572
0.921790	7.077572
0.921790	7.125520
1.132124	7.125520
1.132124	7.181761
1.751335	7.181761
1.751335	7.236364
2.367397	7.236364
2.367397	7.273846
2.826676	7.273846
2.826676	7.357455
3.867631	7.357455
3.867631	7.561803
4.528940	7.561803
4.528940	7.770469
4.942126	7.770469
4.942126	7.971775
6.005464	7.971775
6.005464	8.146578
6.982897	8.146578
6.982897	8.266636
7.773716	8.266636
7.773716	8.449007
9.884088	8.449007
9.884088	8.714909
11.613356	8.714909
11.613356	8.949231
12.910010	8.949231
12.910010	9.258575
16.057199	9.258575
16.057199	9.550035
18.394611	9.550035
18.394611	9.752719
20.150286	9.752719
20.150286	10.100375
23.866249	10.100375
23.866249	10.599898
26.145713	10.599898
26.145713	10.978655
27.613036	10.978655
27.613036	11.500274
30.045183	11.500274
30.045183	12.302646
31.339504	12.302646
31.339504	12.958015
32.191161	12.958015
32.191161	13.559969
33.947596	13.559969
33.947596	13.870401
35.348291	13.870401
35.348291	13.968065
36.534772	13.968065
36.534772	14.053390
39.080212	14.053390
39.080212	14.147347
40.976513	14.147347
40.976513	14.236529
42.439803	14.236529
42.439803	14.390485
44.980655	14.390485
44.980655	14.616444
46.705016	14.616444
46.705016	14.797909
48.030666	14.797909
48.030666	14.971397
50.431161	14.971397
50.431161	15.098664
52.399049	15.098664
52.399049	15.168094
54.129406	15.168094
54.129406	15.237229
57.303207	15.237229
57.303207	15.301582
60.032089	15.301582
60.032089	15.343251
62.462904	15.343251
& cycle # 3, chisq = 96985.240889, e = 54.703901
0.000000	6.588280
0.071969	6.588280
0.071969	7.099519
0.265646	7.099519
0.265646	7.234279
0.377960	7.234279
0.377960	7.316021
0.645570	7.316021
0.645570	7.395563
0.921790	7.395563
0.921790	7.446086
1.132124	7.446086
1.132124	7.504570
1.751335	7.504570
1.751335	7.560108
2.367397	7.560108
2.367397	7.596930
2.826676	7.596930
2.826676	7.677397
3.867631	7.677397
3.867631	7.872460
4.528940	7.872460
4.528940	8.069891
4.942126	8.069891
4.942126	8.256413
6.005464	8.256413
6.005464	8.413990
6.982897	8.413990
6.982897	8.520010
7.773716	8.520010
7.773716	8.678298
9.884088	8.678298
9.884088	8.906906
11.613356	8.906906
11.613356	9.107592
12.910010	9.107592
12.910010	9.372154
16.057199	9.372154
16.057199	9.621397
18.394611	9.621397
18.394611	9.794961
20.150286	9.794961
20.150286	10.093300
23.866249	10.093300
23.866249	10.523374
26.145713	10.523374
26.145713	10.851652
27.613036	10.851652
27.613036	11.309568
30.045183	11.309568
30.045183	12.023749
31.339504	12.023749
31.339504	12.615456
32.191161	12.615456
32.191161	13.172586
33.947596	13.172586
33.947596	13.478585
35.348291	13.478585
35.348291	13.590586
36.534772	13.590586
36.534772	13.708846
39.080212	13.708846
39.080212	13.860547
40.976513	13.860547
40.976513	14.016088
42.439803	14.016088
42.439803	14.295586
44.980655	14.295586
44.980655	14.719400
46.705016	14.719400
46.705016	15.073336
48.030666	15.073336
48.030666	15.433657
50.431161	15.433657
50.431161	15.723708
52.399049	15.723708
52.399049	15.897873
54.129406	15.897873
54.129406	16.080615
57.303207	16.080615
57.303207	16.255531
60.032089	16.255531
60.032089	16.370650
62.462904	16.370650
& cycle # 4, chisq = 110545.796303, e = 54.703901
0.000000	5.968934
0.071969	5.968934
0.071969	6.709669
0.265646	6.709669
0.265646	6.948265
0.377960	6.948265
0.377960	7.099355
0.645570	7.099355
0.645570	7.243084
0.921790	7.243084
0.921790	7.332117
1.132124	7.332117
1.132124	7.431770
1.751335	7.431770
1.751335	7.520936
2.367397	7.520936
2.367397	7.574230
2.826676	7.574230
2.826676	7.683000
3.867631	7.683000
3.867631	7.939198
4.528940	7.939198
4.528940	8.190395
4.942126	8.190395
4.942126	8.409540
6.005464	8.409540
6.005464	8.574376
6.982897	8.574376
6.982897	8.674993
7.773716	8.674993
7.773716	8.811980
9.884088	8.811980
9.884088	8.998525
11.613356	8.998525
11.613356	9.157303
12.910010	9.157303
12.910010	9.361376
16.057199	9.361376
16.057199	9.548735
18.394611	9.548735
18.394611	9.678732
20.150286	9.678732
20.150286	9.911304
23.866249	9.911304
23.866249	10.274364
26.145713	10.274364
26.145713	10.591463
27.613036	10.591463
27.613036	11.116319
30.045183	11.116319
30.045183	12.029923
31.339504	12.029923
31.339504	12.837469
32.191161	12.837469
32.191161	13.643767
33.947596	13.643767
33.947596	14.124260
35.348291	14.124260
35.348291	14.316251
36.534772	14.316251
36.534772	14.521553
39.080212	14.521553
39.080212	14.779210
40.976513	14.779210
40.976513	15.035460
42.439803	15.035460
42.439803	15.479312
44.980655	15.479312
44.980655	16.121246
46.705016	16.121246
46.705016	16.620633
48.030666	16.620633
48.030666	17.066691
50.431161	17.066691
50.431161	17.353781
52.399049	17.353781
52.399049	17.483451
54.129406	17.483451
54.129406	17.594769
57.303207	17.594769
57.303207	17.688221
60.032089	17.688221
60.032089	17.744560
62.462904	17.744560
& cycle # 5, chisq = 143716.709922, e = 54.703901
0.000000	6.266728
0.069710	6.266728
0.069710	6.844740
0.254849	6.844740
0.254849	7.004722
0.362408	7.004722
0.362408	7.101241
0.617125	7.101241
0.617125	7.195034
0.879835	7.195034
0.879835	7.255154
1.080062	7.255154
1.080062	7.326690
1.665754	7.326690
1.665754	7.398067
2.254550	7.398067
2.254550	7.439490
2.711506	7.439490
2.711506	7.504014
3.854140	7.504014
3.854140	7.651419
4.651680	7.651419
4.651680	7.852248
5.118515	7.852248
5.118515	8.147797
6.137878	8.147797
6.137878	8.385519
7.027813	8.385519
7.027813	8.520559
7.750844	8.520559
7.750844	8.697934
9.735063	8.697934
9.735063	8.891321
11.497570	8.891321
11.497570	9.040494
12.892922	9.040494
12.892922	9.312814
16.207874	9.312814
16.207874	9.728859
18.451223	9.728859
18.451223	10.033191
20.080032	10.033191
20.080032	10.301674
23.749496	10.301674
23.749496	10.505301
26.244766	10.505301
26.244766	10.705729
27.843279	10.705729
27.843279	11.213590
30.202832	11.213590
30.202832	12.254743
31.326658	12.254743
31.326658	12.938666
32.096678	12.938666
32.096678	13.319704
33.837026	13.319704
33.837026	13.505161
35.280117	13.505161
35.280117	13.591896
36.503515	13.591896
36.503515	13.686146
39.098256	13.686146
39.098256	13.806809
41.013652	13.806809
41.013652	13.930457
42.479970	13.930457
42.479970	14.149668
44.995166	14.149668
44.995166	14.473961
46.701677	14.473961
46.701677	14.733852
48.021050	14.733852
48.021050	14.985484
50.418729	14.985484
50.418729	15.181065
52.395500	15.181065
52.395500	15.296443
54.136249	15.296443
54.136249	15.413927
57.316834	15.413927
57.316834	15.521923
60.049632	15.521923
60.049632	15.591688
62.473649	15.591688
& cycle # 1, chisq = 108350.461007, e = 54.364986
0.000000	6.786888
0.069710	6.786888
0.069710	7.255283
0.254849	7.255283
0.254849	7.374678
0.362408	7.374678
0.362408	7.445670
0.617125	7.445670
0.617125	7.516129
0.879835	7.516129
0.879835	7.562060
1.080062	7.562060
1.080062	7.617551
1.665754	7.617551
1.665754	7.673822
2.254550	7.673822
2.254550	7.707275
2.711506	7.707275
2.711506	7.760836
3.854140	7.760836
3.854140	7.884414
4.651680	7.884414
4.651680	8.053497
5.118515	8.053497
5.118515	8.304037
6.137878	8.304037
6.137878	8.508203
7.027813	8.508203
7.027813	8.625740
7.750844	8.625740
7.750844	8.781650
9.735063	8.781650
9.735063	8.953727
11.497570	8.953727
11.497570	9.088103
12.892922	9.088103
12.892922	9.335130
16.207874	9.335130
16.207874	9.713809
18.451223	9.713809
18.451223	9.991812
20.080032	9.991812
20.080032	10.239831
23.749496	10.239831
23.749496	10.433804
26.244766	10.433804
26.244766	10.629009
27.843279	10.629009
27.843279	11.126222
30.202832	11.126222
30.202832	12.150550
31.326658	12.150550
31.326658	12.829555
32.096678	12.829555
32.096678	13.218284
33.837026	13.218284
33.837026	13.417942
35.280117	13.417942
35.280117	13.516911
36.503515	13.516911
36.503515	13.631360
39.098256	13.631360
39.098256	13.784295
41.013652	13.784295
41.013652	13.943913
42.479970	13.943913
42.479970	14.229292
44.995166	14.229292
44.995166	14.654030
46.701677	14.654030
46.701677	14.996597
48.021050	14.996597
48.021050	15.331040
50.418729	15.331040
50.418729	15.593078
52.395500	15.593078
52.395500	15.747820
54.136249	15.747820
54.136249	15.903658
57.316834	15.903658
57.316834	16.043655
60.049632	16.043655
60.049632	16.130508
62.473649	16.130508
& cycle # 2, chisq = 114572.116227, e = 54.364986
0.000000	6.621172
0.069710	6.621172
0.069710	7.098642
0.254849	7.098642
0.254849	7.222296
0.362408	7.222296
0.362408	7.296386
0.617125	7.296386
0.617125	7.369994
0.879835	7.369994
0.879835	7.418030
1.080062	7.418030
1.080062	7.476128
1.665754	7.476128
1.665754	7.535105
2.254550	7.535105
2.254550	7.570214
2.711506	7.570214
2.711506	7.626505
3.854140	7.626505
3.854140	7.756451
4.651680	7.756451
4.651680	7.934298
5.118515	7.934298
5.118515	8.197973
6.137878	8.197973
6.137878	8.413052
7.027813	8.413052
7.027813	8.536955
7.750844	8.536955
7.750844	8.701259
9.735063	8.701259
9.735063	8.882438
11.497570	8.882438
11.497570	9.023792
12.892922	9.023792
12.892922	9.283705
16.207874	9.283705
16.207874	9.682889
18.451223	9.682889
18.451223	9.977343
20.080032	9.977343
20.080032	10.244680
23.749496	10.244680
23.749496	10.463501
26.244766	10.463501
26.244766	10.690036
27.843279	10.690036
27.843279	11.267688
30.202832	11.267688
30.202832	12.453925
31.326658	12.453925
31.326658	13.233668
32.096678	13.233668
32.096678	13.665846
33.837026	13.665846
33.837026	13.869251
35.280117	13.869251
35.280117	13.956927
36.503515	13.956927
36.503515	14.040671
39.098256	14.040671
39.098256	14.136654
41.013652	14.136654
41.013652	14.229572
42.479970	14.229572
42.479970	14.389189
44.995166	14.389189
44.995166	14.618971
46.701677	14.618971
46.701677	14.796893
48.021050	14.796893
48.021050	14.959710
50.418729	14.959710
50.418729	15.076240
52.395500	15.076240
52.395500	15.139633
54.136249	15.139633
54.136249	15.201505
57.316834	15.201505
57.316834	15.256911
60.049632	15.256911
60.049632	15.291830
62.473649	15.291830
& cycle # 3, chisq = 103320.829978, e = 54.364986
0.000000	6.290243
0.069710	6.290243
0.069710	6.801028
0.254849	6.801028
0.254849	6.938595
0.362408	6.938595
0.362408	7.021968
0.617125	7.021968
0.617125	7.104382
0.879835	7.104382
0.879835	7.157967
1.080062	7.157967
1.080062	7.222612
1.665754	7.222612
1.665754	7.288140
2.254550	7.288140
2.254550	7.327116
2.711506	7.327116
2.711506	7.389583
3.854140	7.389583
3.854140	7.533786
4.651680	7.533786
4.651680	7.731149
5.118515	7.731149
5.118515	8.023744
6.137878	8.023744
6.137878	8.262315
7.027813	8.262315
7.027813	8.399588
7.750844	8.399588
7.750844	8.581149
9.735063	8.581149
9.735063	8.780414
11.497570	8.780414
11.497570	8.934961
12.892922	8.934961
12.892922	9.217597
16.207874	9.217597
16.207874	9.649093
18.451223	9.649093
18.451223	9.963845
20.080032	9.963845
20.080032	10.238564
23.749496	10.238564
23.749496	10.440726
26.244766	10.440726
26.244766	10.635577
27.843279	10.635577
27.843279	11.128593
30.202832	11.128593
30.202832	12.140480
31.326658	12.140480
31.326658	12.807423
32.096678	12.807423
32.096678	13.183906
33.837026	13.183906
33.837026	13.373577
35.280117	13.373577
35.280117	13.466892
36.503515	13.466892
36.503515	13.574675
39.098256	13.574675
39.098256	13.718702
41.013652	13.718702
41.013652	13.869087
42.479970	13.869087
42.479970	14.138098
44.995166	14.138098
44.995166	14.538745
46.701677	14.538745
46.701677	14.862218
48.021050	14.862218
48.021050	15.178657
50.418729	15.178657
50.418729	15.427456
52.395500	15.427456
52.395500	15.575067
54.136249	15.575067
54.136249	15.724497
57.316834	15.724497
57.316834	15.859716
60.049632	15.859716
60.049632	15.944596
62.473649	15.944596
& cycle # 4, chisq = 112630.799732, e = 54.364986
0.000000	6.938388
0.069710	6.938388
0.069710	7.507552
0.254849	7.507552
0.254849	7.663315
0.362408	7.663315
0.362408	7.755878
0.617125	7.755878
0.617125	7.844928
0.879835	7.844928
0.879835	7.901385
1.080062	7.901385
1.080062	7.967616
1.665754	7.967616
1.665754	8.032313
2.254550	8.032313
2.254550	8.068401
2.711506	8.068401
2.711506	8.121771
3.854140	8.121771
3.854140	8.241085
4.651680	8.241085
4.651680	8.401861
5.118515	8.401861
5.118515	8.633848
6.137878	8.633848
6.137878	8.813178
7.027813	8.813178
7.027813	8.910817
7.750844	8.910817
7.750844	9.035425
9.735063	9.035425
9.735063	9.166953
11.497570	9.166953
11.497570	9.265388
12.892922	9.265388
12.892922	9.442890
16.207874	9.442890
16.207874	9.714575
18.451223	9.714575
18.451223	9.915914
20.080032	9.915914
20.080032	10.103127
23.749496	10.103127
23.749496	10.266726
26.244766	10.266726
26.244766	10.444517
27.843279	10.444517
27.843279	10.908117
30.202832	10.908117
30.202832	11.887065
31.326658	11.887065
31.326658	12.565658
32.096678	12.565658
32.096678	13.003920
33.837026	13.003920
33.837026	13.276049
35.280117	13.276049
35.280117	13.432715
36.503515	13.432715
36.503515	13.635991
39.098256	13.635991
39.098256	13.922955
41.013652	13.922955
41.013652	14.224817
42.479970	14.224817
42.479970	14.756852
44.995166	14.756852
44.995166	15.526874
46.701677	15.526874
46.701677	16.119193
48.021050	16.119193
48.021050	16.647591
50.418729	16.647591
50.418729	17.004349
52.395500	17.004349
52.395500	17.181443
54.136249	17.181443
54.136249	17.339520
57.316834	17.339520
57.316834	17.467720
60.049632	17.467720
60.049632	17.537541
62.473649	17.537541
& cycle # 5, chisq = 147061.939479, e = 54.364986
