0.000000	10.276339
0.554345	10.276339
0.554345	10.403639
0.802780	10.403639
0.802780	10.447014
1.550100	10.447014
1.550100	10.481491
2.039930	10.481491
2.039930	10.511733
3.610318	10.511733
3.610318	10.544060
4.520127	10.544060
4.520127	10.621597
6.327703	10.621597
6.327703	10.723750
7.261837	10.723750
7.261837	10.781345
9.844277	10.781345
9.844277	10.823150
11.601374	10.823150
11.601374	10.894132
15.308232	10.894132
15.308232	11.050311
17.031781	11.050311
17.031781	11.254996
19.895629	11.254996
19.895629	11.365551
21.979916	11.365551
21.979916	11.413238
23.593750	11.413238
23.593750	11.506990
26.812332	11.506990
26.812332	11.709761
28.726577	11.709761
28.726577	11.962555
29.901288	11.962555
29.901288	12.317876
31.886289	12.317876
31.886289	12.579628
33.362196	12.579628
33.362196	12.668092
34.611585	12.668092
34.611585	12.734180
37.417793	12.734180
37.417793	12.782690
39.703109	12.782690
39.703109	12.813591
41.552605	12.813591
41.552605	12.862261
44.898635	12.862261
44.898635	12.943713
47.087821	12.943713
47.087821	13.034529
48.623255	13.034529
48.623255	13.173468
50.997072	13.173468
50.997072	13.323465
52.680384	13.323465
52.680384	13.401612
54.075662	13.401612
54.075662	13.457055
56.641304	13.457055
56.641304	13.499131
58.833665	13.499131
58.833665	13.525938
60.777887	13.525938
60.777887	13.551872
64.181975	13.551872
64.181975	13.573601
67.138974	13.573601
& cycle # 3, chisq = 478.018544, e = 50.559414
0.000000	10.415221
0.554345	10.415221
0.554345	10.523001
0.802780	10.523001
0.802780	10.556567
1.550100	10.556567
1.550100	10.583319
2.039930	10.583319
2.039930	10.606925
3.610318	10.606925
3.610318	10.632360
4.520127	10.632360
4.520127	10.693667
6.327703	10.693667
6.327703	10.774797
7.261837	10.774797
7.261837	10.821395
9.844277	10.821395
9.844277	10.856234
11.601374	10.856234
11.601374	10.917270
15.308232	10.917270
15.308232	11.052753
17.031781	11.052753
17.031781	11.232927
19.895629	11.232927
19.895629	11.334790
21.979916	11.334790
21.979916	11.382868
23.593750	11.382868
23.593750	11.480175
26.812332	11.480175
26.812332	11.692136
28.726577	11.692136
28.726577	11.957155
29.901288	11.957155
29.901288	12.330549
31.886289	12.330549
31.886289	12.606323
33.362196	12.606323
33.362196	12.699483
34.611585	12.699483
34.611585	12.767914
37.417793	12.767914
37.417793	12.816027
39.703109	12.816027
39.703109	12.844803
41.552605	12.844803
41.552605	12.888422
44.898635	12.888422
44.898635	12.960222
47.087821	12.960222
47.087821	13.039559
48.623255	13.039559
48.623255	13.159947
50.997072	13.159947
50.997072	13.288443
52.680384	13.288443
52.680384	13.353982
54.075662	13.353982
54.075662	13.398885
56.641304	13.398885
56.641304	13.431852
58.833665	13.431852
58.833665	13.452473
60.777887	13.452473
60.777887	13.472250
64.181975	13.472250
64.181975	13.488727
67.138974	13.488727
& cycle # 8, chisq = 406.297961, e = 50.559414
0.000000	10.326856
0.554345	10.326856
0.554345	10.449419
0.802780	10.449419
0.802780	10.490170
1.550100	10.490170
1.550100	10.522491
2.039930	10.522491
2.039930	10.550740
3.610318	10.550740
3.610318	10.580814
4.520127	10.580814
4.520127	10.652820
6.327703	10.652820
6.327703	10.747639
7.261837	10.747639
7.261837	10.801093
9.844277	10.801093
9.844277	10.840000
11.601374	10.840000
11.601374	10.906358
15.308232	10.906358
15.308232	11.052693
17.031781	11.052693
17.031781	11.245525
19.895629	11.245525
19.895629	11.351696
21.979916	11.351696
21.979916	11.399410
23.593750	11.399410
23.593750	11.494578
26.812332	11.494578
26.812332	11.701213
28.726577	11.701213
28.726577	11.959309
29.901288	11.959309
29.901288	12.322782
31.886289	12.322782
31.886289	12.591268
33.362196	12.591268
33.362196	12.682240
34.611585	12.682240
34.611585	12.749783
37.417793	12.749783
37.417793	12.798416
39.703109	12.798416
39.703109	12.828529
41.552605	12.828529
41.552605	12.875128
44.898635	12.875128
44.898635	12.952497
47.087821	12.952497
47.087821	13.038366
48.623255	13.038366
48.623255	13.169161
50.997072	13.169161
50.997072	13.309487
52.680384	13.309487
52.680384	13.381748
54.075662	13.381748
54.075662	13.432044
56.641304	13.432044
56.641304	13.469530
58.833665	13.469530
58.833665	13.493172
60.777887	13.493172
60.777887	13.515933
64.181975	13.515933
64.181975	13.534943
67.138974	13.534943
& cycle # 9, chisq = 436.501753, e = 50.559414
0.000000	10.433661
0.554345	10.433661
0.554345	10.542167
0.802780	10.542167
0.802780	10.575819
1.550100	10.575819
1.550100	10.602536
2.039930	10.602536
2.039930	10.625941
3.610318	10.625941
3.610318	10.650937
4.520127	10.650937
4.520127	10.710919
6.327703	10.710919
6.327703	10.790075
7.261837	10.790075
7.261837	10.835133
9.844277	10.835133
9.844277	10.868479
11.601374	10.868479
11.601374	10.926417
15.308232	10.926417
15.308232	11.054980
17.031781	11.054980
17.031781	11.226483
19.895629	11.226483
19.895629	11.324795
21.979916	11.324795
21.979916	11.372565
23.593750	11.372565
23.593750	11.470291
26.812332	11.470291
26.812332	11.683955
28.726577	11.683955
28.726577	11.951766
29.901288	11.951766
29.901288	12.330359
31.886289	12.330359
31.886289	12.611543
33.362196	12.611543
33.362196	12.707345
34.611585	12.707345
34.611585	12.777712
37.417793	12.777712
37.417793	12.826587
39.703109	12.826587
39.703109	12.855173
41.552605	12.855173
41.552605	12.897782
44.898635	12.897782
44.898635	12.967308
47.087821	12.967308
47.087821	13.043706
48.623255	13.043706
48.623255	13.158984
50.997072	13.158984
50.997072	13.281009
52.680384	13.281009
52.680384	13.342253
54.075662	13.342253
54.075662	13.383052
56.641304	13.383052
56.641304	13.412161
58.833665	13.412161
58.833665	13.430064
60.777887	13.430064
60.777887	13.447095
64.181975	13.447095
64.181975	13.461211
67.138974	13.461211
& cycle # 10, chisq = 397.565829, e = 50.559414
0.000000	10.418630
0.554345	10.418630
0.554345	10.529014
0.802780	10.529014
0.802780	10.563564
1.550100	10.563564
1.550100	10.590973
2.039930	10.590973
2.039930	10.614958
3.610318	10.614958
3.610318	10.640544
4.520127	10.640544
4.520127	10.701905
6.327703	10.701905
6.327703	10.782861
7.261837	10.782861
7.261837	10.828915
9.844277	10.828915
9.844277	10.862979
11.601374	10.862979
11.601374	10.922135
15.308232	10.922135
15.308232	11.053358
17.031781	11.053358
17.031781	11.228205
19.895629	11.228205
19.895629	11.327976
21.979916	11.327976
21.979916	11.375999
23.593750	11.375999
23.593750	11.473879
26.812332	11.473879
26.812332	11.687531
28.726577	11.687531
28.726577	11.954973
29.901288	11.954973
29.901288	12.332294
31.886289	12.332294
31.886289	12.611564
33.362196	12.611564
33.362196	12.706171
34.611585	12.706171
34.611585	12.775539
37.417793	12.775539
37.417793	12.823868
39.703109	12.823868
39.703109	12.852324
41.552605	12.852324
41.552605	12.894971
44.898635	12.894971
44.898635	12.964767
47.087821	12.964767
47.087821	13.041608
48.623255	13.041608
48.623255	13.157779
50.997072	13.157779
50.997072	13.281094
52.680384	13.281094
52.680384	13.343325
54.075662	13.343325
54.075662	13.385183
56.641304	13.385183
56.641304	13.415344
58.833665	13.415344
58.833665	13.434001
60.777887	13.434001
60.777887	13.451799
64.181975	13.451799
64.181975	13.466576
67.138974	13.466576
& cycle # 11, chisq = 399.906661, e = 50.559414
0.000000	9.798141
0.599265	9.798141
0.599265	9.984852
0.870560	9.984852
0.870560	10.049784
1.819123	10.049784
1.819123	10.096347
2.358280	10.096347
2.358280	10.210381
3.630129	10.210381
3.630129	10.369663
4.214065	10.369663
4.214065	10.449075
6.178214	10.449075
6.178214	10.519951
7.342661	10.519951
7.342661	10.668495
9.996460	10.668495
9.996460	10.829094
11.423103	10.829094
11.423103	10.909104
15.247095	10.909104
15.247095	11.036560
17.117184	11.036560
17.117184	11.304550
20.048463	11.304550
20.048463	11.516582
21.904781	11.516582
21.904781	11.561525
23.363681	11.561525
23.363681	11.616511
26.791676	11.616511
26.791676	11.732172
28.821205	11.732172
28.821205	11.892182
30.004617	11.892182
30.004617	12.185394
31.995175	12.185394
31.995175	12.440530
33.345431	12.440530
33.345431	12.521527
34.468371	12.521527
34.468371	12.588763
37.286205	12.588763
37.286205	12.641138
39.558752	12.641138
39.558752	12.673584
41.392671	12.673584
41.392671	12.730600
45.022886	12.730600
45.022886	12.838677
47.252423	12.838677
47.252423	12.970796
48.731111	12.970796
48.731111	13.203586
51.073430	13.203586
51.073430	13.469968
52.643050	13.469968
52.643050	13.601779
53.934869	13.601779
53.934869	13.707815
56.533823	13.707815
56.533823	13.802752
58.715428	13.802752
58.715428	13.867339
60.629156	13.867339
60.629156	13.934659
64.240208	13.934659
64.240208	13.992922
67.326323	13.992922
& cycle # 3, chisq = 1584.265710, e = 57.201896
0.000000	10.219515
0.599265	10.219515
0.599265	10.336140
0.870560	10.336140
0.870560	10.371041
1.819123	10.371041
1.819123	10.396598
2.358280	10.396598
2.358280	10.460363
3.630129	10.460363
3.630129	10.550227
4.214065	10.550227
4.214065	10.596860
6.178214	10.596860
6.178214	10.640482
7.342661	10.640482
7.342661	10.734843
9.996460	10.734843
9.996460	10.839808
11.423103	10.839808
11.423103	10.901273
15.247095	10.901273
15.247095	11.009071
17.117184	11.009071
17.117184	11.242345
20.048463	11.242345
20.048463	11.434164
21.904781	11.434164
21.904781	11.481004
23.363681	11.481004
23.363681	11.546563
26.791676	11.546563
26.791676	11.688681
28.821205	11.688681
28.821205	11.885925
30.004617	11.885925
30.004617	12.246048
31.995175	12.246048
31.995175	12.555831
33.345431	12.555831
33.345431	12.650665
34.468371	12.650665
34.468371	12.724954
37.286205	12.724954
37.286205	12.777239
39.558752	12.777239
39.558752	12.804603
41.392671	12.804603
41.392671	12.847785
45.022886	12.847785
45.022886	12.926588
47.252423	12.926588
47.252423	13.021141
48.731111	13.021141
48.731111	13.184638
51.073430	13.184638
51.073430	13.366432
52.643050	13.366432
52.643050	13.451404
53.934869	13.451404
53.934869	13.514485
56.533823	13.514485
56.533823	13.567992
58.715428	13.567992
58.715428	13.603392
60.629156	13.603392
60.629156	13.639712
64.240208	13.639712
64.240208	13.670861
67.326323	13.670861
& cycle # 8, chisq = 571.245246, e = 57.201896
0.000000	10.011972
0.599265	10.011972
0.599265	10.161837
0.870560	10.161837
0.870560	10.210878
1.819123	10.210878
1.819123	10.246255
2.358280	10.246255
2.358280	10.333412
3.630129	10.333412
3.630129	10.455594
4.214065	10.455594
4.214065	10.517589
6.178214	10.517589
6.178214	10.574145
7.342661	10.574145
7.342661	10.694483
9.996460	10.694483
9.996460	10.826363
11.423103	10.826363
11.423103	10.897533
15.247095	10.897533
15.247095	11.016726
17.117184	11.016726
17.117184	11.271002
20.048463	11.271002
20.048463	11.475905
21.904781	11.475905
21.904781	11.522368
23.363681	11.522368
23.363681	11.583112
26.791676	11.583112
26.791676	11.712834
28.821205	11.712834
28.821205	11.892586
30.004617	11.892586
30.004617	12.221401
31.995175	12.221401
31.995175	12.505913
33.345431	12.505913
33.345431	12.594596
34.468371	12.594596
34.468371	12.665962
37.286205	12.665962
37.286205	12.718545
39.558752	12.718545
39.558752	12.748361
41.392671	12.748361
41.392671	12.797992
45.022886	12.797992
45.022886	12.890263
47.252423	12.890263
47.252423	13.001937
48.731111	13.001937
48.731111	13.196647
51.073430	13.196647
51.073430	13.415888
52.643050	13.415888
52.643050	13.520996
53.934869	13.520996
53.934869	13.601952
56.533823	13.601952
56.533823	13.672388
58.715428	13.672388
58.715428	13.719608
60.629156	13.719608
60.629156	13.768423
64.240208	13.768423
64.240208	13.810474
67.326323	13.810474
& cycle # 9, chisq = 916.873596, e = 57.201896
0.000000	10.402873
0.599265	10.402873
0.599265	10.500783
0.870560	10.500783
0.870560	10.527145
1.819123	10.527145
1.819123	10.546383
2.358280	10.546383
2.358280	10.594258
3.630129	10.594258
3.630129	10.661700
4.214065	10.661700
4.214065	10.696735
6.178214	10.696735
6.178214	10.729655
7.342661	10.729655
7.342661	10.801264
9.996460	10.801264
9.996460	10.881641
11.423103	10.881641
11.423103	10.931243
15.247095	10.931243
15.247095	11.020869
17.117184	11.020869
17.117184	11.217547
20.048463	11.217547
20.048463	11.383786
21.904781	11.383786
21.904781	11.429011
23.363681	11.429011
23.363681	11.498803
26.791676	11.498803
26.791676	11.653691
28.821205	11.653691
28.821205	11.869717
30.004617	11.869717
30.004617	12.264696
31.995175	12.264696
31.995175	12.604331
33.345431	12.604331
33.345431	12.707565
34.468371	12.707565
34.468371	12.786576
37.286205	12.786576
37.286205	12.839227
39.558752	12.839227
39.558752	12.863860
41.392671	12.863860
41.392671	12.899489
45.022886	12.899489
45.022886	12.962459
47.252423	12.962459
47.252423	13.036939
48.731111	13.036939
48.731111	13.164055
51.073430	13.164055
51.073430	13.302657
52.643050	13.302657
52.643050	13.364859
53.934869	13.364859
53.934869	13.408239
56.533823	13.408239
56.533823	13.443417
58.715428	13.443417
58.715428	13.466155
60.629156	13.466155
60.629156	13.489177
64.240208	13.489177
64.240208	13.508767
67.326323	13.508767
& cycle # 10, chisq = 383.926315, e = 57.201896
0.000000	10.411576
0.599265	10.411576
0.599265	10.510302
0.870560	10.510302
0.870560	10.536896
1.819123	10.536896
1.819123	10.556224
2.358280	10.556224
2.358280	10.604162
3.630129	10.604162
3.630129	10.671601
4.214065	10.671601
4.214065	10.706449
6.178214	10.706449
6.178214	10.739018
7.342661	10.739018
7.342661	10.809654
9.996460	10.809654
9.996460	10.888785
11.423103	10.888785
11.423103	10.937217
15.247095	10.937217
15.247095	11.024425
17.117184	11.024425
17.117184	11.215845
20.048463	11.215845
20.048463	11.378066
21.904781	11.378066
21.904781	11.422783
23.363681	11.422783
23.363681	11.492717
26.791676	11.492717
26.791676	11.648545
28.821205	11.648545
28.821205	11.866215
30.004617	11.866215
30.004617	12.264815
31.995175	12.264815
31.995175	12.608413
33.345431	12.608413
33.345431	12.713344
34.468371	12.713344
34.468371	12.793694
37.286205	12.793694
37.286205	12.846883
39.558752	12.846883
39.558752	12.871357
41.392671	12.871357
41.392671	12.906227
45.022886	12.906227
45.022886	12.967474
47.252423	12.967474
47.252423	13.039707
48.731111	13.039707
48.731111	13.162666
51.073430	13.162666
51.073430	13.296205
52.643050	13.296205
52.643050	13.355632
53.934869	13.355632
53.934869	13.396521
56.533823	13.396521
56.533823	13.429347
58.715428	13.429347
58.715428	13.450457
60.629156	13.450457
60.629156	13.471771
64.240208	13.471771
64.240208	13.489876
67.326323	13.489876
& cycle # 11, chisq = 376.962080, e = 57.201896
0.000000	10.086662
0.521427	10.086662
0.521427	10.240816
0.756192	10.240816
0.756192	10.297431
1.515258	10.297431
1.515258	10.341218
2.005051	10.341218
2.005051	10.378252
3.659051	10.378252
3.659051	10.422609
4.536401	10.422609
4.536401	10.537704
6.249040	10.537704
6.249040	10.660524
7.162903	10.660524
7.162903	10.723687
9.888595	10.723687
9.888595	10.773828
11.659087	10.773828
11.659087	10.873862
15.288103	10.873862
15.288103	11.077609
16.900896	11.077609
16.900896	11.260317
19.959401	11.260317
19.959401	11.388267
22.046306	11.388267
22.046306	11.469221
23.567054	11.469221
23.567054	11.575479
26.743931	11.575479
26.743931	11.736310
28.699397	11.736310
28.699397	11.923637
29.915574	11.923637
29.915574	12.239919
31.972815	12.239919
31.972815	12.527695
33.398384	12.527695
33.398384	12.626756
34.583151	12.626756
34.583151	12.697060
37.376925	12.697060
37.376925	12.747620
39.644513	12.747620
39.644513	12.778437
41.478912	12.778437
41.478912	12.828560
44.940137	12.828560
44.940137	12.916667
47.147130	12.916667
47.147130	13.018737
48.659476	13.018737
48.659476	13.185055
51.026817	13.185055
51.026817	13.369939
52.660953	13.369939
52.660953	13.463942
54.008583	13.463942
54.008583	13.533149
56.587234	13.533149
56.587234	13.589087
58.773311	13.589087
58.773311	13.625629
60.702437	13.625629
60.702437	13.661797
64.195341	13.661797
64.195341	13.692059
67.205673	13.692059
& cycle # 3, chisq = 638.462933, e = 53.536628
0.000000	10.346163
0.521427	10.346163
0.521427	10.461471
0.756192	10.461471
0.756192	10.498466
1.515258	10.498466
1.515258	10.527268
2.005051	10.527268
2.005051	10.551958
3.659051	10.551958
3.659051	10.581989
4.536401	10.581989
4.536401	10.660527
6.249040	10.660527
6.249040	10.745096
7.162903	10.745096
7.162903	10.790245
9.888595	10.790245
9.888595	10.828016
11.659087	10.828016
11.659087	10.906954
15.288103	10.906954
15.288103	11.070575
16.900896	11.070575
16.900896	11.224405
19.959401	11.224405
19.959401	11.341066
22.046306	11.341066
22.046306	11.419274
23.567054	11.419274
23.567054	11.528883
26.743931	11.528883
26.743931	11.704200
28.699397	11.704200
28.699397	11.912034
29.915574	11.912034
29.915574	12.263230
31.972815	12.263230
31.972815	12.581706
33.398384	12.581706
33.398384	12.689926
34.583151	12.689926
34.583151	12.764261
37.376925	12.764261
37.376925	12.814268
39.644513	12.814268
39.644513	12.841720
41.478912	12.841720
41.478912	12.883541
44.940137	12.883541
44.940137	12.955224
47.147130	12.955224
47.147130	13.037235
48.659476	13.037235
48.659476	13.169355
51.026817	13.169355
51.026817	13.313852
52.660953	13.313852
52.660953	13.385065
54.008583	13.385065
54.008583	13.434976
56.587234	13.434976
56.587234	13.473701
58.773311	13.473701
58.773311	13.498457
60.702437	13.498457
60.702437	13.522664
64.195341	13.522664
64.195341	13.542700
67.205673	13.542700
& cycle # 8, chisq = 390.446500, e = 53.536628
0.000000	10.220216
0.521427	10.220216
0.521427	10.356102
0.756192	10.356102
0.756192	10.403281
1.515258	10.403281
1.515258	10.439803
2.005051	10.439803
2.005051	10.470749
3.659051	10.470749
3.659051	10.507894
4.536401	10.507894
4.536401	10.604412
6.249040	10.604412
6.249040	10.707639
7.162903	10.707639
7.162903	10.761331
9.888595	10.761331
9.888595	10.804765
11.659087	10.804765
11.659087	10.893004
15.288103	10.893004
15.288103	11.074119
16.900896	11.074119
16.900896	11.240150
19.959401	11.240150
19.959401	11.361099
22.046306	11.361099
22.046306	11.440054
23.567054	11.440054
23.567054	11.547704
26.743931	11.547704
26.743931	11.716190
28.699397	11.716190
28.699397	11.914710
29.915574	11.914710
29.915574	12.250516
31.972815	12.250516
31.972815	12.556191
33.398384	12.556191
33.398384	12.661156
34.583151	12.661156
34.583151	12.734604
37.376925	12.734604
37.376925	12.785598
39.644513	12.785598
39.644513	12.815009
41.478912	12.815009
41.478912	12.861226
44.940137	12.861226
44.940137	12.941361
47.147130	12.941361
47.147130	13.033534
48.659476	13.033534
48.659476	13.182708
51.026817	13.182708
51.026817	13.346906
52.660953	13.346906
52.660953	13.428833
54.008583	13.428833
54.008583	13.487401
56.587234	13.487401
56.587234	13.533610
58.773311	13.533610
58.773311	13.563418
60.702437	13.563418
60.702437	13.592719
64.195341	13.592719
64.195341	13.617099
67.205673	13.617099
& cycle # 9, chisq = 480.462421, e = 53.536628
0.000000	10.413384
0.521427	10.413384
0.521427	10.521941
0.756192	10.521941
0.756192	10.555232
1.515258	10.555232
1.515258	10.581105
2.005051	10.581105
2.005051	10.603219
3.659051	10.603219
3.659051	10.630040
4.536401	10.630040
4.536401	10.700124
6.249040	10.700124
6.249040	10.775582
7.162903	10.775582
7.162903	10.815951
9.888595	10.815951
9.888595	10.849919
11.659087	10.849919
11.659087	10.921367
15.288103	10.921367
15.288103	11.070078
16.900896	11.070078
16.900896	11.211792
19.959401	11.211792
19.959401	11.322043
22.046306	11.322043
22.046306	11.397743
23.567054	11.397743
23.567054	11.507205
26.743931	11.507205
26.743931	11.686915
28.699397	11.686915
28.699397	11.901985
29.915574	11.901985
29.915574	12.266584
31.972815	12.266584
31.972815	12.598402
33.398384	12.598402
33.398384	12.711696
34.583151	12.711696
34.583151	12.789080
37.376925	12.789080
37.376925	12.839690
39.644513	12.839690
39.644513	12.865992
41.478912	12.865992
41.478912	12.904462
44.940137	12.904462
44.940137	12.969249
47.147130	12.969249
47.147130	13.042685
48.659476	13.042685
48.659476	13.159976
51.026817	13.159976
51.026817	13.286646
52.660953	13.286646
52.660953	13.347527
54.008583	13.347527
54.008583	13.388434
56.587234	13.388434
56.587234	13.419001
58.773311	13.419001
58.773311	13.438144
60.702437	13.438144
60.702437	13.456648
64.195341	13.456648
64.195341	13.471812
67.205673	13.471812
& cycle # 10, chisq = 351.829216, e = 53.536628
0.000000	10.442597
0.521427	10.442597
0.521427	10.549721
0.756192	10.549721
0.756192	10.582076
1.515258	10.582076
1.515258	10.607161
2.005051	10.607161
2.005051	10.628504
3.659051	10.628504
3.659051	10.654264
4.536401	10.654264
4.536401	10.721437
6.249040	10.721437
6.249040	10.793643
7.162903	10.793643
7.162903	10.832089
9.888595	10.832089
9.888595	10.864311
11.659087	10.864311
11.659087	10.931942
15.288103	10.931942
15.288103	11.072793
16.900896	11.072793
16.900896	11.207538
19.959401	11.207538
19.959401	11.313438
22.046306	11.313438
22.046306	11.387122
23.567054	11.387122
23.567054	11.495737
26.743931	11.495737
26.743931	11.676889
28.699397	11.676889
28.699397	11.894898
29.915574	11.894898
29.915574	12.265169
31.972815	12.265169
31.972815	12.602855
33.398384	12.602855
33.398384	12.718526
34.583151	12.718526
34.583151	12.797475
37.376925	12.797475
37.376925	12.848624
39.644513	12.848624
39.644513	12.874690
41.478912	12.874690
41.478912	12.912241
44.940137	12.912241
44.940137	12.975075
47.147130	12.975075
47.147130	13.046077
48.659476	13.046077
48.659476	13.159180
51.026817	13.159180
51.026817	13.280886
52.660953	13.280886
52.660953	13.338964
54.008583	13.338964
54.008583	13.377520
56.587234	13.377520
56.587234	13.406027
58.773311	13.406027
58.773311	13.423784
60.702437	13.423784
60.702437	13.440908
64.195341	13.440908
64.195341	13.454917
67.205673	13.454917
& cycle # 11, chisq = 348.174754, e = 53.536628
0.000000	10.254252
0.648724	10.254252
0.648724	10.373391
0.939665	10.373391
0.939665	10.409634
1.817297	10.409634
1.817297	10.440134
2.338454	10.440134
2.338454	10.502207
3.587417	10.502207
3.587417	10.575766
4.257061	10.575766
4.257061	10.621552
6.192644	10.621552
6.192644	10.674400
7.352845	10.674400
7.352845	10.762854
9.963434	10.762854
9.963434	10.836121
11.577400	10.836121
11.577400	10.902601
15.240903	10.902601
15.240903	11.035987
17.051576	11.035987
17.051576	11.247151
19.954709	11.247151
19.954709	11.384354
21.977774	11.384354
21.977774	11.433003
23.552160	11.433003
23.552160	11.520709
26.773944	11.520709
26.773944	11.707988
28.718335	11.707988
28.718335	11.944787
29.913216	11.944787
29.913216	12.296444
31.919229	12.296444
31.919229	12.570500
33.384073	12.570500
33.384073	12.662812
34.619015	12.662812
34.619015	12.730403
37.418366	12.730403
37.418366	12.779648
39.697311	12.779648
39.697311	12.810647
41.542042	12.810647
41.542042	12.859637
44.907513	12.859637
44.907513	12.942252
47.100547	12.942252
47.100547	13.034945
48.632944	13.034945
48.632944	13.178408
51.008945	13.178408
51.008945	13.334252
52.685479	13.334252
52.685479	13.415181
54.073503	13.415181
54.073503	13.472981
56.644549	13.472981
56.644549	13.517392
58.838262	13.517392
58.838262	13.545914
60.781949	13.545914
60.781949	13.573754
64.207406	13.573754
64.207406	13.597079
67.181612	13.597079
& cycle # 3, chisq = 486.667409, e = 51.115072
0.000000	10.398061
0.648724	10.398061
0.648724	10.496985
0.939665	10.496985
0.939665	10.524601
1.817297	10.524601
1.817297	10.547981
2.338454	10.547981
2.338454	10.595790
3.587417	10.595790
3.587417	10.652641
4.257061	10.652641
4.257061	10.688545
6.192644	10.688545
6.192644	10.730511
7.352845	10.730511
7.352845	10.801488
9.963434	10.801488
9.963434	10.861454
11.577400	10.861454
11.577400	10.919015
15.240903	10.919015
15.240903	11.036323
17.051576	11.036323
17.051576	11.224531
19.954709	11.224531
19.954709	11.351143
21.977774	11.351143
21.977774	11.400329
23.552160	11.400329
23.552160	11.492397
26.773944	11.492397
26.773944	11.690388
28.718335	11.690388
28.718335	11.941137
29.913216	11.941137
29.913216	12.313475
31.919229	12.313475
31.919229	12.603059
33.384073	12.603059
33.384073	12.699757
34.619015	12.699757
34.619015	12.768992
37.418366	12.768992
37.418366	12.817141
39.697311	12.817141
39.697311	12.845463
41.542042	12.845463
41.542042	12.888431
44.907513	12.888431
44.907513	12.959668
47.100547	12.959668
47.100547	13.038873
48.632944	13.038873
48.632944	13.160460
51.008945	13.160460
51.008945	13.291026
52.685479	13.291026
52.685479	13.357382
54.073503	13.357382
54.073503	13.403130
56.644549	13.403130
56.644549	13.437148
58.838262	13.437148
58.838262	13.458607
60.781949	13.458607
60.781949	13.479388
64.207406	13.479388
64.207406	13.496726
67.181612	13.496726
& cycle # 8, chisq = 395.034372, e = 51.115072
0.000000	10.311958
0.648724	10.311958
0.648724	10.424761
0.939665	10.424761
0.939665	10.458128
1.817297	10.458128
1.817297	10.486153
2.338454	10.486153
2.338454	10.543117
3.587417	10.543117
3.587417	10.610590
4.257061	10.610590
4.257061	10.652558
6.192644	10.652558
6.192644	10.701011
7.352845	10.701011
7.352845	10.782234
9.963434	10.782234
9.963434	10.849797
11.577400	10.849797
11.577400	10.911930
15.240903	10.911930
15.240903	11.037158
17.051576	11.037158
17.051576	11.236455
19.954709	11.236455
19.954709	11.367951
21.977774	11.367951
21.977774	11.416644
23.552160	11.416644
23.552160	11.506162
26.773944	11.506162
26.773944	11.698169
28.718335	11.698169
28.718335	11.941365
29.913216	11.941365
29.913216	12.303025
31.919229	12.303025
31.919229	12.585322
33.384073	12.585322
33.384073	12.680456
34.619015	12.680456
34.619015	12.749538
37.418366	12.749538
37.418366	12.798747
39.697311	12.798747
39.697311	12.828704
41.542042	12.828704
41.542042	12.875085
44.907513	12.875085
44.907513	12.952604
47.100547	12.952604
47.100547	13.039146
48.632944	13.039146
48.632944	13.172462
51.008945	13.172462
51.008945	13.316318
52.685479	13.316318
52.685479	13.390091
54.073503	13.390091
54.073503	13.441718
56.644549	13.441718
56.644549	13.480649
58.838262	13.480649
58.838262	13.505396
60.781949	13.505396
60.781949	13.529442
64.207406	13.529442
64.207406	13.549540
67.181612	13.549540
& cycle # 9, chisq = 431.003740, e = 51.115072
0.000000	10.420822
0.648724	10.420822
0.648724	10.520027
0.939665	10.520027
0.939665	10.547544
1.817297	10.547544
1.817297	10.570700
2.338454	10.570700
2.338454	10.617847
3.587417	10.617847
3.587417	10.673770
4.257061	10.673770
4.257061	10.708775
6.192644	10.708775
6.192644	10.749422
7.352845	10.749422
7.352845	10.817914
9.963434	10.817914
9.963434	10.875488
11.577400	10.875488
11.577400	10.930070
15.240903	10.930070
15.240903	11.041113
17.051576	11.041113
17.051576	11.219649
19.954709	11.219649
19.954709	11.340917
21.977774	11.340917
21.977774	11.389378
23.552160	11.389378
23.552160	11.481399
26.773944	11.481399
26.773944	11.680337
28.718335	11.680337
28.718335	11.933228
29.913216	11.933228
29.913216	12.310702
31.919229	12.310702
31.919229	12.606877
33.384073	12.606877
33.384073	12.707255
34.619015	12.707255
34.619015	12.779382
37.418366	12.779382
37.418366	12.828862
39.697311	12.828862
39.697311	12.857181
41.542042	12.857181
41.542042	12.899245
44.907513	12.899245
44.907513	12.968229
47.100547	12.968229
47.100547	13.044424
48.632944	13.044424
48.632944	13.160627
51.008945	13.160627
51.008945	13.284228
52.685479	13.284228
52.685479	13.345893
54.073503	13.345893
54.073503	13.387075
56.644549	13.387075
56.644549	13.416749
58.838262	13.416749
58.838262	13.435137
60.781949	13.435137
60.781949	13.452800
64.207406	13.452800
64.207406	13.467474
67.181612	13.467474
& cycle # 10, chisq = 382.452701, e = 51.115072
0.000000	10.448207
0.648724	10.448207
0.648724	10.545209
0.939665	10.545209
0.939665	10.571674
1.817297	10.571674
1.817297	10.593891
2.338454	10.593891
2.338454	10.639045
3.587417	10.639045
3.587417	10.692561
4.257061	10.692561
4.257061	10.725966
6.192644	10.725966
6.192644	10.764686
7.352845	10.764686
7.352845	10.829909
9.963434	10.829909
9.963434	10.884761
11.577400	10.884761
11.577400	10.936889
15.240903	10.936889
15.240903	11.043114
17.051576	11.043114
17.051576	11.214503
19.954709	11.214503
19.954709	11.332194
21.977774	11.332194
21.977774	11.380537
23.552160	11.380537
23.552160	11.473335
26.773944	11.473335
26.773944	11.674397
28.718335	11.674397
28.718335	11.930146
29.913216	11.930146
29.913216	12.311965
31.919229	12.311965
31.919229	12.611543
33.384073	12.611543
33.384073	12.712992
34.619015	12.712992
34.619015	12.785672
37.418366	12.785672
37.418366	12.835183
39.697311	12.835183
39.697311	12.863200
41.542042	12.863200
41.542042	12.904498
44.907513	12.904498
44.907513	12.971996
47.100547	12.971996
47.100547	13.046411
48.632944	13.046411
48.632944	13.159709
51.008945	13.159709
51.008945	13.279932
52.685479	13.279932
52.685479	13.339633
54.073503	13.339633
54.073503	13.379179
56.644549	13.379179
56.644549	13.407440
58.838262	13.407440
58.838262	13.424870
60.781949	13.424870
60.781949	13.441577
64.207406	13.441577
64.207406	13.455441
67.181612	13.455441
& cycle # 11, chisq = 380.692495, e = 51.115072
0.000000	10.258456
0.647746	10.258456
0.647746	10.378448
0.938063	10.378448
0.938063	10.415381
1.807391	10.415381
1.807391	10.445424
2.333683	10.445424
2.333683	10.503124
3.617360	10.503124
3.617360	10.574202
4.301178	10.574202
4.301178	10.624169
6.187914	10.624169
6.187914	10.686873
7.291323	10.686873
7.291323	10.767063
9.938373	10.767063
9.938373	10.822103
11.649976	10.822103
11.649976	10.900060
15.244599	10.900060
15.244599	11.057324
16.964602	11.057324
16.964602	11.238113
19.953252	11.238113
19.953252	11.357034
22.048945	11.357034
22.048945	11.425302
23.616422	11.425302
23.616422	11.533267
26.738315	11.533267
26.738315	11.723082
28.666250	11.723082
28.666250	11.944265
29.884684	11.944265
29.884684	12.280961
31.933837	12.280961
31.933837	12.566081
33.411613	12.566081
33.411613	12.666256
34.650886	12.666256
34.650886	12.735437
37.437292	12.735437
37.437292	12.784800
39.708158	12.784800
39.708158	12.815887
41.548295	12.815887
41.548295	12.864589
44.891134	12.864589
44.891134	12.945939
47.081747	12.945939
47.081747	13.036664
48.619354	13.036664
48.619354	13.176130
50.999919	13.176130
50.999919	13.327679
52.684469	13.327679
52.684469	13.406978
54.078950	13.406978
54.078950	13.463155
56.646236	13.463155
56.646236	13.505484
58.838845	13.505484
58.838845	13.532182
60.782824	13.532182
60.782824	13.557613
64.191271	13.557613
64.191271	13.578419
67.147854	13.578419
& cycle # 3, chisq = 450.032990, e = 50.696346
0.000000	10.418016
0.647746	10.418016
0.647746	10.515782
0.938063	10.515782
0.938063	10.543163
1.807391	10.543163
1.807391	10.565594
2.333683	10.565594
2.333683	10.608945
3.617360	10.608945
3.617360	10.662571
4.301178	10.662571
4.301178	10.700874
6.187914	10.700874
6.187914	10.749465
7.291323	10.749465
7.291323	10.812401
9.938373	10.812401
9.938373	10.856960
11.649976	10.856960
11.649976	10.922863
15.244599	10.922863
15.244599	11.057403
16.964602	11.057403
16.964602	11.215746
19.953252	11.215746
19.953252	11.325522
22.048945	11.325522
22.048945	11.392497
23.616422	11.392497
23.616422	11.502922
26.738315	11.502922
26.738315	11.702029
28.666250	11.702029
28.666250	11.936141
29.884684	11.936141
29.884684	12.293180
31.933837	12.293180
31.933837	12.595507
33.411613	12.595507
33.411613	12.701229
34.650886	12.701229
34.650886	12.772793
37.437292	12.772793
37.437292	12.821537
39.708158	12.821537
39.708158	12.850229
41.548295	12.850229
41.548295	12.893369
44.891134	12.893369
44.891134	12.964181
47.081747	12.964181
47.081747	13.042426
48.619354	13.042426
48.619354	13.161728
50.999919	13.161728
50.999919	13.289911
52.684469	13.289911
52.684469	13.355596
54.078950	13.355596
54.078950	13.400545
56.646236	13.400545
56.646236	13.433300
58.838845	13.433300
58.838845	13.453565
60.782824	13.453565
60.782824	13.472668
64.191271	13.472668
64.191271	13.488130
67.147854	13.488130
& cycle # 8, chisq = 369.144137, e = 50.696346
0.000000	10.315172
0.647746	10.315172
0.647746	10.427888
0.938063	10.427888
0.938063	10.461596
1.807391	10.461596
1.807391	10.489007
2.333683	10.489007
2.333683	10.541647
3.617360	10.541647
3.617360	10.606508
4.301178	10.606508
4.301178	10.652178
6.187914	10.652178
6.187914	10.709585
7.291323	10.709585
7.291323	10.783228
9.938373	10.783228
9.938373	10.834206
11.649976	10.834206
11.649976	10.907337
15.244599	10.907337
15.244599	11.055476
16.964602	11.055476
16.964602	11.227290
19.953252	11.227290
19.953252	11.342668
22.048945	11.342668
22.048945	11.410586
23.616422	11.410586
23.616422	11.519927
26.738315	11.519927
26.738315	11.714285
28.666250	11.714285
28.666250	11.941656
29.884684	11.941656
29.884684	12.288038
31.933837	12.288038
31.933837	12.581318
33.411613	12.581318
33.411613	12.684107
34.650886	12.684107
34.650886	12.754398
37.437292	12.754398
37.437292	12.803443
39.708158	12.803443
39.708158	12.833361
41.548295	12.833361
41.548295	12.879342
44.891134	12.879342
44.891134	12.955517
47.081747	12.955517
47.081747	13.040091
48.619354	13.040091
48.619354	13.169570
50.999919	13.169570
50.999919	13.309463
52.684469	13.309463
52.684469	13.381892
54.078950	13.381892
54.078950	13.432316
56.646236	13.432316
56.646236	13.469680
58.838845	13.469680
58.838845	13.493019
60.782824	13.493019
60.782824	13.515130
64.191271	13.515130
64.191271	13.533117
67.147854	13.533117
& cycle # 9, chisq = 401.635093, e = 50.696346
0.000000	10.433455
0.647746	10.433455
0.647746	10.531976
0.938063	10.531976
0.938063	10.559459
1.807391	10.559459
1.807391	10.581834
2.333683	10.581834
2.333683	10.624853
3.617360	10.624853
3.617360	10.677921
4.301178	10.677921
4.301178	10.715468
6.187914	10.715468
6.187914	10.762843
7.291323	10.762843
7.291323	10.823964
9.938373	10.823964
9.938373	10.866915
11.649976	10.866915
11.649976	10.929913
15.244599	10.929913
15.244599	11.058511
16.964602	11.058511
16.964602	11.210326
19.953252	11.210326
19.953252	11.316688
22.048945	11.316688
22.048945	11.382644
23.616422	11.382644
23.616422	11.492957
26.738315	11.492957
26.738315	11.693764
28.666250	11.693764
28.666250	11.930895
29.884684	11.930895
29.884684	12.293511
31.933837	12.293511
31.933837	12.601669
33.411613	12.601669
33.411613	12.710031
34.650886	12.710031
34.650886	12.783365
37.437292	12.783365
37.437292	12.832711
39.708158	12.832711
39.708158	12.861101
41.548295	12.861101
41.548295	12.903058
44.891134	12.903058
44.891134	12.971318
47.081747	12.971318
47.081747	13.046330
48.619354	13.046330
48.619354	13.160073
50.999919	13.160073
50.999919	13.281305
52.684469	13.281305
52.684469	13.342470
54.078950	13.342470
54.078950	13.383204
56.646236	13.383204
56.646236	13.412066
58.838845	13.412066
58.838845	13.429628
60.782824	13.429628
60.782824	13.446038
64.191271	13.446038
64.191271	13.459218
67.147854	13.459218
& cycle # 10, chisq = 360.541036, e = 50.696346
0.000000	10.019966
0.647746	10.019966
0.647746	10.230926
0.938063	10.230926
0.938063	10.295905
1.807391	10.295905
1.807391	10.344485
2.333683	10.344485
2.333683	10.431854
3.617360	10.431854
3.617360	10.536301
4.301178	10.536301
4.301178	10.602812
6.187914	10.602812
6.187914	10.681636
7.291323	10.681636
7.291323	10.778757
9.938373	10.778757
9.938373	10.840667
11.649976	10.840667
11.649976	10.919962
15.244599	10.919962
15.244599	11.077484
16.964602	11.077484
16.964602	11.256111
19.953252	11.256111
19.953252	11.371697
22.048945	11.371697
22.048945	11.437927
23.616422	11.437927
23.616422	11.543899
26.738315	11.543899
26.738315	11.731981
28.666250	11.731981
28.666250	11.952039
29.884684	11.952039
29.884684	12.287599
31.933837	12.287599
31.933837	12.572227
33.411613	12.572227
33.411613	12.672355
34.650886	12.672355
34.650886	12.741120
37.437292	12.741120
37.437292	12.789330
39.708158	12.789330
39.708158	12.818907
41.548295	12.818907
41.548295	12.864491
44.891134	12.864491
44.891134	12.940053
47.081747	12.940053
47.081747	13.023929
48.619354	13.023929
48.619354	13.152241
50.999919	13.152241
50.999919	13.290658
52.684469	13.290658
52.684469	13.362074
54.078950	13.362074
54.078950	13.411455
56.646236	13.411455
56.646236	13.447746
58.838845	13.447746
58.838845	13.470267
60.782824	13.470267
60.782824	13.491485
64.191271	13.491485
64.191271	13.508619
67.147854	13.508619
& cycle # 11, chisq = 420.889882, e = 50.696346
0.000000	10.195777
0.611997	10.195777
0.611997	10.335430
0.884831	10.335430
0.884831	10.384451
1.640133	10.384451
1.640133	10.423392
2.143971	10.423392
2.143971	10.459282
3.616608	10.459282
3.616608	10.504630
4.476705	10.504630
4.476705	10.597049
6.209502	10.597049
6.209502	10.694808
7.226749	10.694808
7.226749	10.752803
9.876484	10.752803
9.876484	10.799770
11.692345	10.799770
11.692345	10.883667
15.278574	10.883667
15.278574	11.054574
17.044474	11.054574
17.044474	11.260165
19.922461	11.260165
19.922461	11.374142
22.033632	11.374142
22.033632	11.428729
23.663945	11.428729
23.663945	11.532748
26.733906	11.532748
26.733906	11.742962
28.634234	11.742962
28.634234	11.989287
29.852129	11.989287
29.852129	12.312376
31.879249	12.312376
31.879249	12.552809
33.419117	12.552809
33.419117	12.638445
34.728084	12.638445
34.728084	12.700014
37.501187	12.700014
37.501187	12.748970
39.772070	12.748970
39.772070	12.784884
41.617678	12.784884
41.617678	12.841764
44.819454	12.841764
44.819454	12.933404
46.989837	12.933404
46.989837	13.032642
48.558343	13.032642
48.558343	13.177180
50.947723	13.177180
50.947723	13.333221
52.690579	13.333221
52.690579	13.421080
54.142095	13.421080
54.142095	13.485141
56.689769	13.485141
56.689769	13.532461
58.884621	13.532461
58.884621	13.561864
60.841668	13.561864
60.841668	13.589299
64.136850	13.589299
64.136850	13.612311
67.014980	13.612311
& cycle # 1, chisq = 540.573152, e = 47.181666
0.000000	10.189162
0.611997	10.189162
0.611997	10.332300
0.884831	10.332300
0.884831	10.382677
1.640133	10.382677
1.640133	10.422580
2.143971	10.422580
2.143971	10.459167
3.616608	10.459167
3.616608	10.505197
4.476705	10.505197
4.476705	10.598803
6.209502	10.598803
6.209502	10.697630
7.226749	10.697630
7.226749	10.755934
9.876484	10.755934
9.876484	10.802856
11.692345	10.802856
11.692345	10.886288
15.278574	10.886288
15.278574	11.056128
17.044474	11.056128
17.044474	11.260415
19.922461	11.260415
19.922461	11.373774
22.033632	11.373774
22.033632	11.428215
23.663945	11.428215
23.663945	11.532101
26.733906	11.532101
26.733906	11.742199
28.634234	11.742199
28.634234	11.988533
29.852129	11.988533
29.852129	12.311905
31.879249	12.311905
31.879249	12.552879
33.419117	12.552879
33.419117	12.638896
34.728084	12.638896
34.728084	12.700799
37.501187	12.700799
37.501187	12.749981
39.772070	12.749981
39.772070	12.786000
41.617678	12.786000
41.617678	12.842970
44.819454	12.842970
44.819454	12.934672
46.989837	12.934672
46.989837	13.033906
48.558343	13.033906
48.558343	13.178320
50.947723	13.178320
50.947723	13.334042
52.690579	13.334042
52.690579	13.421536
54.142095	13.421536
54.142095	13.485114
56.689769	13.485114
56.689769	13.531903
58.884621	13.531903
58.884621	13.560904
60.841668	13.560904
60.841668	13.587923
64.136850	13.587923
64.136850	13.610550
67.014980	13.610550
& cycle # 2, chisq = 537.143391, e = 47.181666
0.000000	10.384051
0.611997	10.384051
0.611997	10.496857
0.884831	10.496857
0.884831	10.532790
1.640133	10.532790
1.640133	10.561373
2.143971	10.561373
2.143971	10.587816
3.616608	10.587816
3.616608	10.621367
4.476705	10.621367
4.476705	10.689993
6.209502	10.689993
6.209502	10.762995
7.226749	10.762995
7.226749	10.807314
9.876484	10.807314
9.876484	10.844504
11.692345	10.844504
11.692345	10.913044
15.278574	10.913044
15.278574	11.054240
17.044474	11.054240
17.044474	11.227962
19.922461	11.227962
19.922461	11.331299
22.033632	11.331299
22.033632	11.387138
23.663945	11.387138
23.663945	11.497208
26.733906	11.497208
26.733906	11.721681
28.634234	11.721681
28.634234	11.985836
29.852129	11.985836
29.852129	12.333556
31.879249	12.333556
31.879249	12.593174
33.419117	12.593174
33.419117	12.685388
34.728084	12.685388
34.728084	12.749753
37.501187	12.749753
37.501187	12.797698
39.772070	12.797698
39.772070	12.830297
41.617678	12.830297
41.617678	12.879747
44.819454	12.879747
44.819454	12.957754
46.989837	12.957754
46.989837	13.041141
48.558343	13.041141
48.558343	13.161110
50.947723	13.161110
50.947723	13.288478
52.690579	13.288478
52.690579	13.358128
54.142095	13.358128
54.142095	13.406540
56.689769	13.406540
56.689769	13.440494
58.884621	13.440494
58.884621	13.460879
60.841668	13.460879
60.841668	13.479533
64.136850	13.479533
64.136850	13.494889
67.014980	13.494889
& cycle # 3, chisq = 402.720143, e = 47.181666
0.000000	10.240338
0.611997	10.240338
0.611997	10.376287
0.884831	10.376287
0.884831	10.423066
1.640133	10.423066
1.640133	10.460108
2.143971	10.460108
2.143971	10.494058
3.616608	10.494058
3.616608	10.536766
4.476705	10.536766
4.476705	10.623650
6.209502	10.623650
6.209502	10.715472
7.226749	10.715472
7.226749	10.769908
9.876484	10.769908
9.876484	10.814088
11.692345	10.814088
11.692345	10.893266
15.278574	10.893266
15.278574	11.054915
17.044474	11.054915
17.044474	11.250492
19.922461	11.250492
19.922461	11.361069
22.033632	11.361069
22.033632	11.416010
23.663945	11.416010
23.663945	11.521894
26.733906	11.521894
26.733906	11.736590
28.634234	11.736590
28.634234	11.988615
29.852129	11.988615
29.852129	12.319765
31.879249	12.319765
31.879249	12.566714
33.419117	12.566714
33.419117	12.654739
34.728084	12.654739
34.728084	12.717471
37.501187	12.717471
37.501187	12.766309
39.772070	12.766309
39.772070	12.801274
41.617678	12.801274
41.617678	12.855884
44.819454	12.855884
44.819454	12.943245
46.989837	12.943245
46.989837	13.037413
48.558343	13.037413
48.558343	13.173938
50.947723	13.173938
50.947723	13.320388
52.690579	13.320388
52.690579	13.401929
54.142095	13.401929
54.142095	13.460316
56.689769	13.460316
56.689769	13.502617
58.884621	13.502617
58.884621	13.528563
60.841668	13.528563
60.841668	13.552588
64.136850	13.552588
64.136850	13.572584
67.014980	13.572584
& cycle # 4, chisq = 480.589298, e = 47.181666
0.000000	10.350192
0.611997	10.350192
0.611997	10.469856
0.884831	10.469856
0.884831	10.508760
1.640133	10.508760
1.640133	10.539603
2.143971	10.539603
2.143971	10.567949
3.616608	10.567949
3.616608	10.603703
4.476705	10.603703
4.476705	10.676598
6.209502	10.676598
6.209502	10.753883
7.226749	10.753883
7.226749	10.800300
9.876484	10.800300
9.876484	10.838731
11.692345	10.838731
11.692345	10.908844
15.278574	10.908844
15.278574	11.052932
17.044474	11.052932
17.044474	11.229654
19.922461	11.229654
19.922461	11.333943
22.033632	11.333943
22.033632	11.389664
23.663945	11.389664
23.663945	11.499294
26.733906	11.499294
26.733906	11.722950
28.634234	11.722950
28.634234	11.986397
29.852129	11.986397
29.852129	12.333795
31.879249	12.333795
31.879249	12.593964
33.419117	12.593964
33.419117	12.686839
34.728084	12.686839
34.728084	12.751826
37.501187	12.751826
37.501187	12.800136
39.772070	12.800136
39.772070	12.832805
41.617678	12.832805
41.617678	12.882095
44.819454	12.882095
44.819454	12.959545
46.989837	12.959545
46.989837	13.042076
48.558343	13.042076
48.558343	13.160385
50.947723	13.160385
50.947723	13.285315
52.690579	13.285315
52.690579	13.352953
54.142095	13.352953
54.142095	13.399149
56.689769	13.399149
56.689769	13.430887
58.884621	13.430887
58.884621	13.449660
60.841668	13.449660
60.841668	13.466689
64.136850	13.466689
64.136850	13.480588
67.014980	13.480588
& cycle # 8, chisq = 399.565862, e = 47.181666
0.000000	9.970367
0.463113	9.970367
0.463113	10.161630
0.672469	10.161630
0.672469	10.236452
1.392342	10.236452
1.392342	10.294901
1.850752	10.294901
1.850752	10.344966
3.544614	10.344966
3.544614	10.382968
4.525592	10.382968
4.525592	10.481387
6.497146	10.481387
6.497146	10.665372
7.304285	10.665372
7.304285	10.764090
9.746335	10.764090
9.746335	10.822398
11.393399	10.822398
11.393399	10.890512
15.396232	10.890512
15.396232	11.048247
17.130623	11.048247
17.130623	11.313356
19.940645	11.313356
19.940645	11.458916
21.902470	11.458916
21.902470	11.497969
23.440877	11.497969
23.440877	11.562132
26.901151	11.562132
26.901151	11.706252
28.898998	11.706252
28.898998	11.903865
30.058444	11.903865
30.058444	12.235264
32.032758	12.235264
32.032758	12.496916
33.423088	12.496916
33.423088	12.581565
34.587723	12.581565
34.587723	12.653636
37.459056	12.653636
37.459056	12.709120
39.777866	12.709120
39.777866	12.743265
41.648942	12.743265
41.648942	12.801557
45.298176	12.801557
45.298176	12.908520
47.568675	12.908520
47.568675	13.035228
49.096270	13.035228
49.096270	13.247942
51.533345	13.247942
51.533345	13.481572
53.201464	13.481572
53.201464	13.595422
54.581637	13.595422
54.581637	13.683946
57.321401	13.683946
57.321401	13.760279
59.628688	13.760279
59.628688	13.810670
61.656260	13.810670
61.656260	13.860642
65.434715	13.860642
65.434715	13.900978
68.668829	13.900978
& cycle # 3, chisq = 1057.159246, e = 56.105019
0.000000	10.319266
0.463113	10.319266
0.463113	10.442563
0.672469	10.442563
0.672469	10.483290
1.392342	10.483290
1.392342	10.515620
1.850752	10.515620
1.850752	10.544042
3.544614	10.544042
3.544614	10.566590
4.525592	10.566590
4.525592	10.627027
6.497146	10.627027
6.497146	10.741387
7.304285	10.741387
7.304285	10.805790
9.746335	10.805790
9.746335	10.846679
11.393399	10.846679
11.393399	10.901100
15.396232	10.901100
15.396232	11.031638
17.130623	11.031638
17.130623	11.256510
19.940645	11.256510
19.940645	11.387177
21.902470	11.387177
21.902470	11.428183
23.440877	11.428183
23.440877	11.501784
26.901151	11.501784
26.901151	11.670047
28.898998	11.670047
28.898998	11.901175
30.058444	11.901175
30.058444	12.287472
32.032758	12.287472
32.032758	12.589185
33.423088	12.589185
33.423088	12.683654
34.587723	12.683654
34.587723	12.760225
37.459056	12.760225
37.459056	12.814100
39.777866	12.814100
39.777866	12.842719
41.648942	12.842719
41.648942	12.887258
45.298176	12.887258
45.298176	12.966277
47.568675	12.966277
47.568675	13.058347
49.096270	13.058347
49.096270	13.210451
51.533345	13.210451
51.533345	13.373516
53.201464	13.373516
53.201464	13.449266
54.581637	13.449266
54.581637	13.504271
57.321401	13.504271
57.321401	13.549508
59.628688	13.549508
59.628688	13.578684
61.656260	13.578684
61.656260	13.607297
65.434715	13.607297
65.434715	13.630285
68.668829	13.630285
& cycle # 8, chisq = 525.453726, e = 56.105019
0.000000	10.089266
0.463113	10.089266
0.463113	10.251023
0.672469	10.251023
0.672469	10.311450
1.392342	10.311450
1.392342	10.358996
1.850752	10.358996
1.850752	10.400192
3.544614	10.400192
3.544614	10.432073
4.525592	10.432073
4.525592	10.515902
6.497146	10.515902
6.497146	10.673418
7.304285	10.673418
7.304285	10.759642
9.746335	10.759642
9.746335	10.812085
11.393399	10.812085
11.393399	10.876769
15.396232	10.876769
15.396232	11.028795
17.130623	11.028795
17.130623	11.286683
19.940645	11.286683
19.940645	11.431079
21.902470	11.431079
21.902470	11.471930
23.440877	11.471930
23.440877	11.541064
26.901151	11.541064
26.901151	11.697158
28.898998	11.697158
28.898998	11.911117
30.058444	11.911117
30.058444	12.268903
32.032758	12.268903
32.032758	12.549295
33.423088	12.549295
33.423088	12.638175
34.587723	12.638175
34.587723	12.711805
37.459056	12.711805
37.459056	12.765876
39.777866	12.765876
39.777866	12.796793
41.648942	12.796793
41.648942	12.847274
45.298176	12.847274
45.298176	12.938385
47.568675	12.938385
47.568675	13.045387
49.096270	13.045387
49.096270	13.223432
51.533345	13.223432
51.533345	13.416337
53.201464	13.416337
53.201464	13.507849
54.581637	13.507849
54.581637	13.576351
57.321401	13.576351
57.321401	13.633891
59.628688	13.633891
59.628688	13.671381
61.656260	13.671381
61.656260	13.708324
65.434715	13.708324
65.434715	13.738064
68.668829	13.738064
& cycle # 9, chisq = 691.792375, e = 56.105019
0.000000	10.432962
0.463113	10.432962
0.463113	10.544320
0.672469	10.544320
0.672469	10.578365
1.392342	10.578365
1.392342	10.605344
1.850752	10.605344
1.850752	10.629029
3.544614	10.629029
3.544614	10.647799
4.525592	10.647799
4.525592	10.698093
6.497146	10.698093
6.497146	10.793313
7.304285	10.793313
7.304285	10.847143
9.746335	10.847143
9.746335	10.881636
11.393399	10.881636
11.393399	10.928422
15.396232	10.928422
15.396232	11.041376
17.130623	11.041376
17.130623	11.237691
19.940645	11.237691
19.940645	11.355011
21.902470	11.355011
21.902470	11.395047
23.440877	11.395047
23.440877	11.470507
26.901151	11.470507
26.901151	11.645224
28.898998	11.645224
28.898998	11.886374
30.058444	11.886374
30.058444	12.291424
32.032758	12.291424
32.032758	12.610306
33.423088	12.610306
33.423088	12.711383
34.587723	12.711383
34.587723	12.792858
37.459056	12.792858
37.459056	12.848383
39.777866	12.848383
39.777866	12.875977
41.648942	12.875977
41.648942	12.916745
45.298176	12.916745
45.298176	12.987525
47.568675	12.987525
47.568675	13.069081
49.096270	13.069081
49.096270	13.202353
51.533345	13.202353
51.533345	13.342847
53.201464	13.342847
53.201464	13.405870
54.581637	13.405870
54.581637	13.449204
57.321401	13.449204
57.321401	13.483410
59.628688	13.483410
59.628688	13.505013
61.656260	13.505013
61.656260	13.525973
65.434715	13.525973
65.434715	13.542715
68.668829	13.542715
& cycle # 10, chisq = 489.120224, e = 56.105019
0.000000	10.382199
0.463113	10.382199
0.463113	10.504221
0.672469	10.504221
0.672469	10.543648
1.392342	10.543648
1.392342	10.574739
1.850752	10.574739
1.850752	10.601792
3.544614	10.601792
3.544614	10.622900
4.525592	10.622900
4.525592	10.678783
6.497146	10.678783
6.497146	10.784136
7.304285	10.784136
7.304285	10.842732
9.746335	10.842732
9.746335	10.879453
11.393399	10.879453
11.393399	10.927531
15.396232	10.927531
15.396232	11.042633
17.130623	11.042633
17.130623	11.241726
19.940645	11.241726
19.940645	11.359715
21.902470	11.359715
21.902470	11.399383
23.440877	11.399383
23.440877	11.473859
26.901151	11.473859
26.901151	11.646409
28.898998	11.646409
28.898998	11.884928
30.058444	11.884928
30.058444	12.286730
32.032758	12.286730
32.032758	12.604937
33.423088	12.604937
33.423088	12.707055
34.587723	12.707055
34.587723	12.789951
37.459056	12.789951
37.459056	12.846603
39.777866	12.846603
39.777866	12.874800
41.648942	12.874800
41.648942	12.916392
45.298176	12.916392
45.298176	12.988441
47.568675	12.988441
47.568675	13.071304
49.096270	13.071304
49.096270	13.206398
51.533345	13.206398
51.533345	13.348272
53.201464	13.348272
53.201464	13.411391
54.581637	13.411391
54.581637	13.454205
57.321401	13.454205
57.321401	13.487637
59.628688	13.487637
59.628688	13.508632
61.656260	13.508632
61.656260	13.528944
65.434715	13.528944
65.434715	13.545142
68.668829	13.545142
& cycle # 11, chisq = 490.036416, e = 56.105019
0.000000	10.232984
0.640726	10.232984
0.640726	10.348723
0.928696	10.348723
0.928696	10.383559
1.823597	10.383559
1.823597	10.414170
2.339468	10.414170
2.339468	10.479440
3.579998	10.479440
3.579998	10.549340
4.253047	10.549340
4.253047	10.595474
6.209970	10.595474
6.209970	10.658811
7.315677	10.658811
7.315677	10.749039
9.946982	10.749039
9.946982	10.809905
11.616986	10.809905
11.616986	10.890020
15.247793	10.890020
15.247793	11.054694
16.946377	11.054694
16.946377	11.242614
19.971948	11.242614
19.971948	11.367702
22.057937	11.367702
22.057937	11.442111
23.595860	11.442111
23.595860	11.553343
26.737518	11.553343
26.737518	11.730939
28.673842	11.730939
28.673842	11.930206
29.893807	11.930206
29.893807	12.253746
31.961433	12.253746
31.961433	12.547351
33.409215	12.547351
33.409215	12.650588
34.613520	12.650588
34.613520	12.721425
37.403579	12.721425
37.403579	12.771275
39.671672	12.771275
39.671672	12.801613
41.507673	12.801613
41.507673	12.850010
44.925051	12.850010
44.925051	12.933381
47.126411	12.933381
47.126411	13.028594
48.648480	13.028594
48.648480	13.180510
51.022483	13.180510
51.022483	13.348164
52.676103	13.348164
52.676103	13.434495
54.041460	13.434495
54.041460	13.497366
56.617663	13.497366
56.617663	13.547232
58.807596	13.547232
58.807596	13.579731
60.743438	13.579731
60.743438	13.611953
64.208877	13.611953
64.208877	13.639165
67.207072	13.639165
& cycle # 3, chisq = 514.113044, e = 52.506747
0.000000	10.378083
0.640726	10.378083
0.640726	10.477980
0.928696	10.477980
0.928696	10.505752
1.823597	10.505752
1.823597	10.530103
2.339468	10.530103
2.339468	10.581975
3.579998	10.581975
3.579998	10.637534
4.253047	10.637534
4.253047	10.674297
6.209970	10.674297
6.209970	10.724920
7.315677	10.724920
7.315677	10.797494
9.946982	10.797494
9.946982	10.847366
11.616986	10.847366
11.616986	10.915192
15.247793	10.915192
15.247793	11.056043
16.946377	11.056043
16.946377	11.220473
19.971948	11.220473
19.971948	11.335688
22.057937	11.335688
22.057937	11.408031
23.595860	11.408031
23.595860	11.521136
26.737518	11.521136
26.737518	11.708492
28.673842	11.708492
28.673842	11.922116
29.893807	11.922116
29.893807	12.269998
31.961433	12.269998
31.961433	12.585625
33.409215	12.585625
33.409215	12.696023
34.613520	12.696023
34.613520	12.770136
37.403579	12.770136
37.403579	12.819645
39.671672	12.819645
39.671672	12.847415
41.507673	12.847415
41.507673	12.889485
44.925051	12.889485
44.925051	12.960449
47.126411	12.960449
47.126411	13.040607
48.648480	13.040607
48.648480	13.167214
51.022483	13.167214
51.022483	13.304936
52.676103	13.304936
52.676103	13.373938
54.041460	13.373938
54.041460	13.422022
56.617663	13.422022
56.617663	13.458718
58.807596	13.458718
58.807596	13.482152
60.743438	13.482152
60.743438	13.505165
64.208877	13.505165
64.208877	13.524500
67.207072	13.524500
& cycle # 8, chisq = 373.757983, e = 52.506747
0.000000	10.258625
0.640726	10.258625
0.640726	10.376608
0.928696	10.376608
0.928696	10.411833
1.823597	10.411833
1.823597	10.442430
2.339468	10.442430
2.339468	10.507181
3.579998	10.507181
3.579998	10.576189
4.253047	10.576189
4.253047	10.620984
6.209970	10.620984
6.209970	10.682001
7.315677	10.682001
7.315677	10.768542
9.946982	10.768542
9.946982	10.826486
11.616986	10.826486
11.616986	10.902009
15.247793	10.902009
15.247793	11.057273
16.946377	11.057273
16.946377	11.235229
19.971948	11.235229
19.971948	11.355302
22.057937	11.355302
22.057937	11.428128
23.595860	11.428128
23.595860	11.539299
26.737518	11.539299
26.737518	11.720169
28.673842	11.720169
28.673842	11.924979
29.893807	11.924979
29.893807	12.258591
31.961433	12.258591
31.961433	12.562213
33.409215	12.562213
33.409215	12.669352
34.613520	12.669352
34.613520	12.742513
37.403579	12.742513
37.403579	12.792887
39.671672	12.792887
39.671672	12.822453
41.507673	12.822453
41.507673	12.868508
44.925051	12.868508
44.925051	12.947010
47.126411	12.947010
47.126411	13.036120
48.648480	13.036120
48.648480	13.177434
51.022483	13.177434
51.022483	13.331999
52.676103	13.331999
52.676103	13.410239
54.041460	13.410239
54.041460	13.465670
56.617663	13.465670
56.617663	13.508587
58.807596	13.508587
58.807596	13.536196
60.743438	13.536196
60.743438	13.563399
64.208877	13.563399
64.208877	13.586295
67.207072	13.586295
& cycle # 9, chisq = 438.488301, e = 52.506747
0.000000	10.418963
0.640726	10.418963
0.640726	10.517091
0.928696	10.517091
0.928696	10.543816
1.823597	10.543816
1.823597	10.567082
2.339468	10.567082
2.339468	10.616407
3.579998	10.616407
3.579998	10.669076
4.253047	10.669076
4.253047	10.703560
6.209970	10.703560
6.209970	10.750809
7.315677	10.750809
7.315677	10.818370
9.946982	10.818370
9.946982	10.864614
11.616986	10.864614
11.616986	10.927257
15.247793	10.927257
15.247793	11.057550
16.946377	11.057550
16.946377	11.210734
19.971948	11.210734
19.971948	11.320139
22.057937	11.320139
22.057937	11.390499
23.595860	11.390499
23.595860	11.503116
26.737518	11.503116
26.737518	11.693365
28.673842	11.693365
28.673842	11.912326
29.893807	11.912326
29.893807	12.270236
31.961433	12.270236
31.961433	12.596227
33.409215	12.596227
33.409215	12.710901
34.613520	12.710901
34.613520	12.787699
37.403579	12.787699
37.403579	12.837926
39.671672	12.837926
39.671672	12.864965
41.507673	12.864965
41.507673	12.904683
44.925051	12.904683
44.925051	12.970728
47.126411	12.970728
47.126411	13.044730
48.648480	13.044730
48.648480	13.160709
51.022483	13.160709
51.022483	13.285445
52.676103	13.285445
52.676103	13.346558
54.041460	13.346558
54.041460	13.387551
56.617663	13.387551
56.617663	13.417741
58.807596	13.417741
58.807596	13.436646
60.743438	13.436646
60.743438	13.455039
64.208877	13.455039
64.208877	13.470414
67.207072	13.470414
& cycle # 10, chisq = 349.728363, e = 52.506747
0.000000	10.440160
0.640726	10.440160
0.640726	10.536087
0.928696	10.536087
0.928696	10.561868
1.823597	10.561868
1.823597	10.584324
2.339468	10.584324
2.339468	10.631951
3.579998	10.631951
3.579998	10.682825
4.253047	10.682825
4.253047	10.716176
6.209970	10.716176
6.209970	10.761904
7.315677	10.761904
7.315677	10.827330
9.946982	10.827330
9.946982	10.872175
11.616986	10.872175
11.616986	10.933053
15.247793	10.933053
15.247793	11.059749
16.946377	11.059749
16.946377	11.208929
19.971948	11.208929
19.971948	11.315959
22.057937	11.315959
22.057937	11.385269
23.595860	11.385269
23.595860	11.497126
26.737518	11.497126
26.737518	11.687508
28.673842	11.687508
28.673842	11.907497
29.893807	11.907497
29.893807	12.267931
31.961433	12.267931
31.961433	12.597227
33.409215	12.597227
33.409215	12.713680
34.613520	12.713680
34.613520	12.791842
37.403579	12.791842
37.403579	12.842679
39.671672	12.842679
39.671672	12.869703
41.507673	12.869703
41.507673	12.909007
44.925051	12.909007
44.925051	12.974065
47.126411	12.974065
47.126411	13.046787
48.648480	13.046787
48.648480	13.160523
51.022483	13.160523
51.022483	13.282493
52.676103	13.282493
52.676103	13.341915
54.041460	13.341915
54.041460	13.381391
56.617663	13.381391
56.617663	13.410203
58.807596	13.410203
58.807596	13.428159
60.743438	13.428159
60.743438	13.445593
64.208877	13.445593
64.208877	13.460149
67.207072	13.460149
& cycle # 11, chisq = 346.478384, e = 52.506747
0.000000	10.281930
0.564227	10.281930
0.564227	10.407094
0.817041	10.407094
0.817041	10.449352
1.575312	10.449352
1.575312	10.482503
2.072555	10.482503
2.072555	10.511819
3.637870	10.511819
3.637870	10.548351
4.507691	10.548351
4.507691	10.632921
6.237079	10.632921
6.237079	10.723213
7.202123	10.723213
7.202123	10.773375
9.895484	10.773375
9.895484	10.815266
11.684287	10.815266
11.684287	10.898045
15.265461	10.898045
15.265461	11.067160
16.936893	11.067160
16.936893	11.236182
19.935079	11.236182
19.935079	11.342219
22.072516	11.342219
22.072516	11.412441
23.656240	11.412441
23.656240	11.531731
26.740692	11.531731
26.740692	11.734626
28.640002	11.734626
28.640002	11.953035
29.858754	11.953035
29.858754	12.277883
31.928135	12.277883
31.928135	12.564132
33.417253	12.564132
33.417253	12.669124
34.661755	12.669124
34.661755	12.739447
37.444853	12.739447
37.444853	12.788653
39.713834	12.788653
39.713834	12.819602
41.553005	12.819602
41.553005	12.867880
44.883452	12.867880
44.883452	12.948130
47.071925	12.948130
47.071925	13.037340
48.611598	13.037340
48.611598	13.173863
50.992932	13.173863
50.992932	13.322110
52.681631	13.322110
52.681631	13.400065
54.079946	13.400065
54.079946	13.455309
56.645156	13.455309
56.645156	13.496841
58.837391	13.496841
58.837391	13.523086
60.781894	13.523086
60.781894	13.548211
64.181938	13.548211
64.181938	13.568934
67.135296	13.568934
& cycle # 3, chisq = 432.067239, e = 50.439664
0.000000	10.400901
0.564227	10.400901
0.564227	10.508190
0.817041	10.508190
0.817041	10.541572
1.575312	10.541572
1.575312	10.567838
2.072555	10.567838
2.072555	10.591232
3.637870	10.591232
3.637870	10.620602
4.507691	10.620602
4.507691	10.688904
6.237079	10.688904
6.237079	10.762241
7.202123	10.762241
7.202123	10.803924
9.895484	10.803924
9.895484	10.839840
11.684287	10.839840
11.684287	10.912622
15.265461	10.912622
15.265461	11.062666
16.936893	11.062666
16.936893	11.215971
19.935079	11.215971
19.935079	11.317104
22.072516	11.317104
22.072516	11.387040
23.656240	11.387040
23.656240	11.508707
26.740692	11.508707
26.740692	11.719267
28.640002	11.719267
28.640002	11.948108
29.858754	11.948108
29.858754	12.289400
31.928135	12.289400
31.928135	12.590073
33.417253	12.590073
33.417253	12.699855
34.661755	12.699855
34.661755	12.772083
37.444853	12.772083
37.444853	12.820568
39.713834	12.820568
39.713834	12.849296
41.553005	12.849296
41.553005	12.892501
44.883452	12.892501
44.883452	12.963190
47.071925	12.963190
47.071925	13.041098
48.611598	13.041098
48.611598	13.159408
50.992932	13.159408
50.992932	13.286514
52.681631	13.286514
52.681631	13.352045
54.079946	13.352045
54.079946	13.396989
56.645156	13.396989
56.645156	13.429713
58.837391	13.429713
58.837391	13.450017
60.781894	13.450017
60.781894	13.469276
64.181938	13.469276
64.181938	13.485036
67.135296	13.485036
& cycle # 8, chisq = 364.516825, e = 50.439664
0.000000	10.327240
0.564227	10.327240
0.564227	10.448339
0.817041	10.448339
0.817041	10.488321
1.575312	10.488321
1.575312	10.519614
2.072555	10.519614
2.072555	10.547170
3.637870	10.547170
3.637870	10.581375
4.507691	10.581375
4.507691	10.660444
6.237079	10.660444
6.237079	10.744799
7.202123	10.744799
7.202123	10.791633
9.895484	10.791633
9.895484	10.830816
11.684287	10.830816
11.684287	10.908460
15.265461	10.908460
15.265461	11.067449
16.936893	11.067449
16.936893	11.227562
19.935079	11.227562
19.935079	11.330074
22.072516	11.330074
22.072516	11.399423
23.656240	11.399423
23.656240	11.519013
26.740692	11.519013
26.740692	11.724908
28.640002	11.724908
28.640002	11.948166
29.858754	11.948166
29.858754	12.281222
31.928135	12.281222
31.928135	12.575232
33.417253	12.575232
33.417253	12.683193
34.661755	12.683193
34.661755	12.755087
37.444853	12.755087
37.444853	12.804447
39.713834	12.804447
39.713834	12.834626
41.553005	12.834626
41.553005	12.880873
44.883452	12.880873
44.883452	12.957129
47.071925	12.957129
47.071925	13.041508
48.611598	13.041508
48.611598	13.170077
50.992932	13.170077
50.992932	13.308831
52.681631	13.308831
52.681631	13.380966
54.079946	13.380966
54.079946	13.431132
56.645156	13.431132
56.645156	13.468160
58.837391	13.468160
58.837391	13.491312
60.781894	13.491312
60.781894	13.513357
64.181938	13.513357
64.181938	13.531455
67.135296	13.531455
& cycle # 9, chisq = 392.534461, e = 50.439664
0.000000	10.455181
0.564227	10.455181
0.564227	10.558856
0.817041	10.558856
0.817041	10.590149
1.575312	10.590149
1.575312	10.614693
2.072555	10.614693
2.072555	10.636422
3.637870	10.636422
3.637870	10.663554
4.507691	10.663554
4.507691	10.726497
6.237079	10.726497
6.237079	10.793949
7.202123	10.793949
7.202123	10.832088
9.895484	10.832088
9.895484	10.864819
11.684287	10.864819
11.684287	10.931051
15.265461	10.931051
15.265461	11.067807
16.936893	11.067807
16.936893	11.208583
19.935079	11.208583
19.935079	11.303561
22.072516	11.303561
22.072516	11.371004
23.656240	11.371004
23.656240	11.490985
26.740692	11.490985
26.740692	11.702656
28.640002	11.702656
28.640002	11.935562
29.858754	11.935562
29.858754	12.285373
31.928135	12.285373
31.928135	12.595766
33.417253	12.595766
33.417253	12.710318
34.661755	12.710318
34.661755	12.785883
37.444853	12.785883
37.444853	12.835767
39.713834	12.835767
39.713834	12.864362
41.553005	12.864362
41.553005	12.906307
44.883452	12.906307
44.883452	12.974067
47.071925	12.974067
47.071925	13.048179
48.611598	13.048179
48.611598	13.159906
50.992932	13.159906
50.992932	13.278695
52.681631	13.278695
52.681631	13.338736
54.079946	13.338736
54.079946	13.378519
56.645156	13.378519
56.645156	13.406474
58.837391	13.406474
58.837391	13.423461
60.781894	13.423461
60.781894	13.439419
64.181938	13.439419
64.181938	13.452384
67.135296	13.452384
& cycle # 10, chisq = 352.048178, e = 50.439664
0.000000	10.425413
0.564227	10.425413
0.564227	10.533974
0.817041	10.533974
0.817041	10.567609
1.575312	10.567609
1.575312	10.593935
2.072555	10.593935
2.072555	10.617134
3.637870	10.617134
3.637870	10.645964
4.507691	10.645964
4.507691	10.712686
6.237079	10.712686
6.237079	10.784014
7.202123	10.784014
7.202123	10.824004
9.895484	10.824004
9.895484	10.857978
11.684287	10.857978
11.684287	10.926221
15.265461	10.926221
15.265461	11.066851
16.936893	11.066851
16.936893	11.211028
19.935079	11.211028
19.935079	11.307467
22.072516	11.307467
22.072516	11.375451
23.656240	11.375451
23.656240	11.495815
26.740692	11.495815
26.740692	11.707288
28.640002	11.707288
28.640002	11.939301
29.858754	11.939301
29.858754	12.287015
31.928135	12.287015
31.928135	12.594731
33.417253	12.594731
33.417253	12.707819
34.661755	12.707819
34.661755	12.782292
37.444853	12.782292
37.444853	12.831682
39.713834	12.831682
39.713834	12.860276
41.553005	12.860276
41.553005	12.902547
44.883452	12.902547
44.883452	12.971103
47.071925	12.971103
47.071925	13.046255
48.611598	13.046255
48.611598	13.159778
50.992932	13.159778
50.992932	13.280813
52.681631	13.280813
52.681631	13.342308
54.079946	13.342308
54.079946	13.383422
56.645156	13.383422
56.645156	13.412581
58.837391	13.412581
58.837391	13.430392
60.781894	13.430392
60.781894	13.447159
64.181938	13.447159
64.181938	13.460800
67.135296	13.460800
& cycle # 11, chisq = 354.798140, e = 50.439664
0.000000	10.016174
0.696794	10.016174
0.696794	10.236391
1.004918	10.236391
1.004918	10.309552
1.753261	10.309552
1.753261	10.367842
2.266488	10.367842
2.266488	10.422361
3.604611	10.422361
3.604611	10.485278
4.464013	10.485278
4.464013	10.584413
6.235890	10.584413
6.235890	10.684961
7.377268	10.684961
7.377268	10.750589
10.014175	10.750589
10.014175	10.807823
11.844080	10.807823
11.844080	10.907256
15.176108	10.907256
15.176108	11.076939
17.021458	11.076939
17.021458	11.252788
19.977766	11.252788
19.977766	11.364407
22.168253	11.364407
22.168253	11.436029
23.841985	11.436029
23.841985	11.567497
26.701799	11.567497
26.701799	11.807160
28.566531	11.807160
28.566531	12.059579
29.839723	12.059579
29.839723	12.347401
31.912274	12.347401
31.912274	12.554256
33.556189	12.554256
33.556189	12.633552
34.966737	12.633552
34.966737	12.689952
37.691188	12.689952
37.691188	12.739323
39.940091	12.739323
39.940091	12.779925
41.782216	12.779925
41.782216	12.840967
44.777250	12.840967
44.777250	12.931528
46.917114	12.931528
46.917114	13.024127
48.533735	13.024127
48.533735	13.147312
50.931142	13.147312
50.931142	13.276347
52.761385	13.276347
52.761385	13.354286
54.304630	13.354286
54.304630	13.411715
56.829404	13.411715
56.829404	13.451921
59.031121	13.451921
59.031121	13.475595
61.011582	13.475595
61.011582	13.496352
64.157967	13.496352
64.157967	13.512946
66.952471	13.512946
& cycle # 1, chisq = 482.022978, e = 41.956395
0.000000	10.260234
0.696794	10.260234
0.696794	10.415422
1.004918	10.415422
1.004918	10.461057
1.753261	10.461057
1.753261	10.498426
2.266488	10.498426
2.266488	10.534980
3.604611	10.534980
3.604611	10.578704
4.464013	10.578704
4.464013	10.649291
6.235890	10.649291
6.235890	10.722540
7.377268	10.722540
7.377268	10.773614
10.014175	10.773614
10.014175	10.821783
11.844080	10.821783
11.844080	10.909150
15.176108	10.909150
15.176108	11.060341
17.021458	11.060341
17.021458	11.220788
19.977766	11.220788
19.977766	11.328736
22.168253	11.328736
22.168253	11.402594
23.841985	11.402594
23.841985	11.539922
26.701799	11.539922
26.701799	11.791034
28.566531	11.791034
28.566531	12.055878
29.839723	12.055878
29.839723	12.358127
31.912274	12.358127
31.912274	12.575351
33.556189	12.575351
33.556189	12.658300
34.966737	12.658300
34.966737	12.716462
37.691188	12.716462
37.691188	12.766217
39.940091	12.766217
39.940091	12.806303
41.782216	12.806303
41.782216	12.865847
44.777250	12.865847
44.777250	12.953556
46.917114	12.953556
46.917114	13.042787
48.533735	13.042787
48.533735	13.160911
50.931142	13.160911
50.931142	13.283857
52.761385	13.283857
52.761385	13.357364
54.304630	13.357364
54.304630	13.410655
56.829404	13.410655
56.829404	13.447225
59.031121	13.447225
59.031121	13.468420
61.011582	13.468420
61.011582	13.486877
64.157967	13.486877
64.157967	13.501590
66.952471	13.501590
& cycle # 2, chisq = 428.947219, e = 41.956395
0.000000	9.955820
0.696794	9.955820
0.696794	10.212512
1.004918	10.212512
1.004918	10.295440
1.753261	10.295440
1.753261	10.359805
2.266488	10.359805
2.266488	10.418054
3.604611	10.418054
3.604611	10.483726
4.464013	10.483726
4.464013	10.585977
6.235890	10.585977
6.235890	10.688971
7.377268	10.688971
7.377268	10.755255
10.014175	10.755255
10.014175	10.812314
11.844080	10.812314
11.844080	10.910924
15.176108	10.910924
15.176108	11.079139
17.021458	11.079139
17.021458	11.253626
19.977766	11.253626
19.977766	11.364710
22.168253	11.364710
22.168253	11.436234
23.841985	11.436234
23.841985	11.567580
26.701799	11.567580
26.701799	11.806957
28.566531	11.806957
28.566531	12.058960
29.839723	12.058960
29.839723	12.346113
31.912274	12.346113
31.912274	12.552302
33.556189	12.552302
33.556189	12.631280
34.966737	12.631280
34.966737	12.687521
37.691188	12.687521
37.691188	12.736918
39.940091	12.736918
39.940091	12.777675
41.782216	12.777675
41.782216	12.839068
44.777250	12.839068
44.777250	12.930241
46.917114	12.930241
46.917114	13.023517
48.533735	13.023517
48.533735	13.147641
50.931142	13.147641
50.931142	13.277689
52.761385	13.277689
52.761385	13.356259
54.304630	13.356259
54.304630	13.414161
56.829404	13.414161
56.829404	13.454697
59.031121	13.454697
59.031121	13.478559
61.011582	13.478559
61.011582	13.499475
64.157967	13.499475
64.157967	13.516190
66.952471	13.516190
& cycle # 3, chisq = 485.389894, e = 41.956395
0.000000	10.292473
0.696794	10.292473
0.696794	10.442027
1.004918	10.442027
1.004918	10.484399
1.753261	10.484399
1.753261	10.519173
2.266488	10.519173
2.266488	10.553320
3.604611	10.553320
3.604611	10.594295
4.464013	10.594295
4.464013	10.660607
6.235890	10.660607
6.235890	10.729613
7.377268	10.729613
7.377268	10.778151
10.014175	10.778151
10.014175	10.824411
11.844080	10.824411
11.844080	10.908840
15.176108	10.908840
15.176108	11.055378
17.021458	11.055378
17.021458	11.211902
19.977766	11.211902
19.977766	11.318942
22.168253	11.318942
22.168253	11.393457
23.841985	11.393457
23.841985	11.532515
26.701799	11.532515
26.701799	11.787026
28.566531	11.787026
28.566531	12.055550
29.839723	12.055550
29.839723	12.362014
31.912274	12.362014
31.912274	12.582145
33.556189	12.582145
33.556189	12.665978
34.966737	12.665978
34.966737	12.724337
37.691188	12.724337
37.691188	12.773742
39.940091	12.773742
39.940091	12.813201
41.782216	12.813201
41.782216	12.871547
44.777250	12.871547
44.777250	12.957286
46.917114	12.957286
46.917114	13.044386
48.533735	13.044386
48.533735	13.159545
50.931142	13.159545
50.931142	13.279225
52.761385	13.279225
52.761385	13.350613
54.304630	13.350613
54.304630	13.402176
56.829404	13.402176
56.829404	13.437398
59.031121	13.437398
59.031121	13.457737
61.011582	13.457737
61.011582	13.475422
64.157967	13.475422
64.157967	13.489510
66.952471	13.489510
& cycle # 4, chisq = 417.458592, e = 41.956395
0.000000	10.240637
0.696794	10.240637
0.696794	10.390734
1.004918	10.390734
1.004918	10.435431
1.753261	10.435431
1.753261	10.472433
2.266488	10.472433
2.266488	10.509243
3.604611	10.509243
3.604611	10.553826
4.464013	10.553826
4.464013	10.626342
6.235890	10.626342
6.235890	10.702029
7.377268	10.702029
7.377268	10.755516
10.014175	10.755516
10.014175	10.806581
11.844080	10.806581
11.844080	10.899539
15.176108	10.899539
15.176108	11.060072
17.021458	11.060072
17.021458	11.228894
19.977766	11.228894
19.977766	11.339551
22.168253	11.339551
22.168253	11.412965
23.841985	11.412965
23.841985	11.548314
26.701799	11.548314
26.701799	11.794921
28.566531	11.794921
28.566531	12.054292
29.839723	12.054292
29.839723	12.349353
31.912274	12.349353
31.912274	12.560616
33.556189	12.560616
33.556189	12.641120
34.966737	12.641120
34.966737	12.698134
37.691188	12.698134
37.691188	12.748055
39.940091	12.748055
39.940091	12.789238
41.782216	12.789238
41.782216	12.851381
44.777250	12.851381
44.777250	12.943868
46.917114	12.943868
46.917114	13.038724
48.533735	13.038724
48.533735	13.165378
50.931142	13.165378
50.931142	13.298755
52.761385	13.298755
52.761385	13.380037
54.304630	13.380037
54.304630	13.440799
56.829404	13.440799
56.829404	13.484106
59.031121	13.484106
59.031121	13.509974
61.011582	13.509974
61.011582	13.532810
64.157967	13.532810
64.157967	13.551127
66.952471	13.551127
& cycle # 6, chisq = 472.804071, e = 41.956395
