15.000000	414.283760
14.626500	410.269096
14.052000	406.259049
13.843500	402.216066
13.749000	398.152455
13.678500	394.113152
13.618500	390.006064
13.566000	385.937810
13.518000	381.872181
13.473000	377.800679
13.429500	373.660248
13.389000	369.651888
13.348500	365.521770
13.309500	361.456360
13.270500	357.333593
13.231500	353.183898
13.192500	349.036505
13.153500	344.917164
13.114500	340.847498
13.075500	336.846084
13.035000	332.781695
12.993000	328.685594
12.949500	324.594438
12.904500	320.548441
12.856500	316.463578
12.805500	312.400220
12.750000	308.309892
12.690000	304.278119
12.622500	300.227265
12.544500	296.180344
12.450000	292.137955
12.328500	288.134724
12.147000	284.111643
11.791500	280.101552
11.341500	276.098488
11.127000	272.066422
11.001000	268.030701
10.911000	264.021571
10.839000	259.937226
10.780500	255.925662
10.729500	251.848380
10.684500	247.756117
10.644000	243.645337
10.608000	239.629012
10.573500	235.441458
10.542000	231.313021
10.512000	227.096513
10.485000	223.052837
10.459500	219.007812
10.435500	214.992223
10.411500	210.767109
10.389000	206.609581
10.368000	202.552753
10.347000	198.321308
10.327500	194.232424
10.308000	189.986914
10.290000	185.926777
10.272000	181.729227
10.254000	177.392610
10.237500	173.293905
10.221000	169.075952
10.204500	164.737681
10.189500	160.688503
10.174500	156.538222
10.159500	152.286025
10.144500	147.931070
10.131000	143.923029
10.117500	139.830377
10.104000	135.652421
10.090500	131.388443
10.077000	127.037704
10.063500	122.599449
10.051500	118.580248
10.039500	114.490761
10.027500	110.330460
10.015500	106.098832
10.003500	101.795380
0.000000	0.000000
& cycle # 3, chisq = 478.018544, e = 50.559414
15.000000	441.212880
14.713500	437.198616
14.536500	433.174192
14.037000	429.161120
13.882500	425.134251
13.803000	421.050775
13.743000	416.960717
13.693500	412.936655
13.650000	408.928054
13.609500	404.817643
13.572000	400.710636
13.537500	396.701835
13.504500	392.684985
13.471500	388.513176
13.440000	384.407023
13.410000	380.401360
13.380000	376.319502
13.350000	372.178350
13.320000	367.995926
13.290000	363.791393
13.260000	359.584555
13.230000	355.395008
13.200000	351.241208
13.170000	347.139782
13.140000	343.105273
13.108500	338.954901
13.077000	334.905339
13.044000	330.784358
13.009500	326.623461
12.973500	322.458450
12.936000	318.328828
12.897000	314.276017
12.855000	310.200401
12.810000	306.173505
12.760500	302.149465
12.705000	298.133490
12.640500	294.105120
12.561000	290.040689
12.454500	286.000004
12.274500	281.988841
11.302500	277.983399
11.080500	273.972864
10.978500	269.961210
10.908000	265.930160
10.852500	261.830441
10.807500	257.794224
10.768500	253.709367
10.734000	249.594012
10.702500	245.390317
10.674000	241.194140
10.648500	237.104330
10.624500	232.950560
10.602000	228.775503
10.581000	224.622822
10.561500	220.536553
10.542000	216.220157
10.524000	212.024204
10.507500	207.993462
10.491000	203.780744
10.474500	199.380577
10.459500	195.213111
10.444500	190.881980
10.431000	186.840572
10.417500	182.660174
10.404000	178.337774
10.390500	173.870397
10.378500	169.775319
10.366500	165.561361
10.354500	161.226543
10.342500	156.768932
10.332000	152.766310
10.321500	148.666994
10.311000	144.469780
10.300500	140.173490
10.290000	135.776975
10.279500	131.279110
10.269000	126.678798
10.260000	122.653315
10.251000	118.551106
10.242000	114.371513
10.233000	110.113886
10.224000	105.777582
10.215000	101.361962
0.000000	0.000000
& cycle # 8, chisq = 406.297961, e = 50.559414
15.000000	427.357000
14.737500	423.342105
14.523000	419.324224
13.984500	415.303485
13.845000	411.294077
13.764000	407.207132
13.702500	403.195276
13.650000	399.160948
13.603500	395.140685
13.560000	391.031097
13.519500	386.936775
13.480500	382.783340
13.443000	378.623999
13.407000	374.503098
13.372500	370.458034
13.338000	366.340953
13.303500	362.175261
13.270500	358.168302
13.237500	354.162118
13.203000	349.997785
13.168500	345.879430
13.134000	341.825733
13.098000	337.681881
13.062000	333.641718
13.024500	329.559876
12.985500	325.469961
12.945000	321.409844
12.901500	317.281653
12.856500	313.281381
12.807000	309.208935
12.753000	305.159179
12.693000	301.132641
12.624000	297.102863
12.541500	293.094584
12.433500	289.051540
12.273000	285.040400
11.893500	281.035027
11.301000	277.029784
11.109000	273.021380
10.998000	269.002154
10.917000	264.944794
10.852500	260.861113
10.798500	256.754816
10.752000	252.651526
10.711500	248.609624
10.674000	244.450640
10.641000	240.440430
10.609500	236.291402
10.581000	232.255352
10.554000	228.174281
10.528500	224.081071
10.504500	220.008932
10.482000	215.991211
10.459500	211.773650
10.438500	207.651631
10.417500	203.345469
10.398000	199.177977
10.378500	194.844259
10.360500	190.693579
10.342500	186.396207
10.326000	182.326304
10.309500	178.129962
10.293000	173.805920
10.278000	169.763225
10.263000	165.613353
10.248000	161.355662
10.233000	156.989583
10.219500	152.967018
10.206000	148.855900
10.192500	144.655902
10.179000	140.366703
10.165500	135.987984
10.152000	131.519417
10.140000	127.471655
10.128000	123.352383
10.116000	119.161340
10.104000	114.898254
10.092000	110.562842
10.080000	106.154814
10.068000	101.673876
0.000000	0.000000
& cycle # 9, chisq = 436.501753, e = 50.559414
15.000000	478.906985
14.754000	474.885862
14.619000	470.860044
14.146500	466.833868
14.026500	462.821750
13.957500	458.794642
13.905000	454.791801
13.860000	450.696406
13.821000	446.658828
13.785000	442.546795
13.752000	438.470754
13.720500	434.322819
13.690500	430.153557
13.662000	426.008581
13.635000	421.929297
13.608000	417.715776
13.582500	413.627207
13.557000	409.447336
13.533000	405.443456
13.509000	401.384713
13.485000	397.283371
13.461000	393.151065
13.437000	388.998738
13.413000	384.836752
13.389000	380.675127
13.365000	376.523811
13.341000	372.392896
13.317000	368.292699
13.293000	364.233700
13.269000	360.226327
13.243500	356.036314
13.218000	351.927174
13.192500	347.908914
13.165500	343.762864
13.138500	339.736781
13.110000	335.624819
13.080000	331.456620
13.048500	327.264202
13.015500	323.082300
12.981000	318.948450
12.945000	314.902397
12.906000	310.834137
12.864000	306.821704
12.817500	302.819494
12.763500	298.730943
12.700500	294.675412
12.622500	290.633861
12.514500	286.609513
12.304500	282.598983
11.224500	278.594690
11.071500	274.592897
10.983000	270.510571
10.918500	266.408486
10.867500	262.341972
10.824000	258.207961
10.786500	254.093987
10.753500	250.013486
10.723500	245.902672
10.696500	241.856583
10.671000	237.718583
10.647000	233.530372
10.624500	229.334862
10.603500	225.175454
10.584000	221.095413
10.564500	216.799011
10.546500	212.635289
10.528500	208.276145
10.512000	204.103912
10.495500	199.758583
10.480500	195.654438
10.465500	191.400401
10.450500	186.993218
10.437000	182.893142
10.423500	178.664077
10.410000	174.303742
10.396500	169.809912
10.384500	165.701578
10.372500	161.484593
10.360500	157.157543
10.348500	152.719068
10.336500	148.167872
10.326000	144.092134
10.315500	139.928354
10.305000	135.675779
10.294500	131.333690
10.284000	126.901402
10.273500	122.378262
10.263000	117.763649
10.254000	113.735008
10.245000	109.638364
10.236000	105.473368
10.227000	101.239684
0.000000	0.000000
& cycle # 10, chisq = 397.565829, e = 50.559414
15.000000	489.994157
14.989500	485.925397
14.977500	481.794912
14.964000	477.750375
14.947500	473.562514
14.928000	469.530737
14.902500	465.499289
14.865000	461.497310
14.779500	457.493431
14.080500	453.490413
13.977000	449.429820
13.908000	445.336466
13.854000	441.273397
13.807500	437.158189
13.767000	433.120518
13.729500	429.020533
13.695000	424.955259
13.662000	420.817022
13.630500	416.653382
13.600500	412.509802
13.572000	408.428708
13.543500	404.224098
13.516500	400.143337
13.489500	395.983573
13.462500	391.759799
13.437000	387.724750
13.411500	383.656807
13.386000	379.567262
13.360500	375.467535
13.335000	371.369436
13.309500	367.285238
13.284000	363.227535
13.258500	359.208913
13.231500	355.009983
13.204500	350.881827
13.177500	346.836303
13.149000	342.666934
13.120500	338.611152
13.090500	334.474123
13.059000	330.285778
13.027500	326.266182
12.994500	322.246070
12.958500	318.094401
12.921000	314.040122
12.880500	309.980030
12.835500	305.859968
12.786000	301.796471
12.729000	297.702692
12.663000	293.701793
12.579000	289.668664
12.457500	285.646127
12.163500	281.643813
11.185500	277.639486
11.050500	273.627156
10.966500	269.548066
10.905000	265.538064
10.854000	261.420719
10.812000	257.411627
10.774500	253.307882
10.741500	249.252781
10.711500	245.181255
10.683000	240.954474
10.657500	236.862039
10.633500	232.731105
10.611000	228.603244
10.590000	224.520210
10.569000	220.207591
10.549500	215.991190
10.531500	211.912890
10.513500	207.650986
10.497000	203.578895
10.480500	199.344854
10.464000	194.945183
10.449000	190.798676
10.434000	186.509559
10.419000	182.075187
10.405500	177.957938
10.392000	173.719154
10.378500	169.357110
10.365000	164.870164
10.353000	160.775659
10.341000	156.580221
10.329000	152.282892
10.317000	147.882777
10.305000	143.379049
10.294500	139.352686
10.284000	135.245931
10.273500	131.058343
10.263000	126.789511
10.252500	122.439057
10.242000	118.006626
10.231500	113.491889
10.221000	108.894533
10.212000	104.887964
10.203000	100.820305
0.000000	0.000000
& cycle # 11, chisq = 399.906661, e = 50.559414
15.000000	414.283760
13.807500	410.276143
13.608000	406.242598
13.485000	402.241567
13.386000	398.223211
13.300500	394.222986
13.222500	390.205867
13.149000	386.168695
13.078500	382.113834
13.011000	378.097500
12.945000	374.084305
12.879000	370.034261
12.813000	365.987467
12.747000	361.967936
12.679500	357.903942
12.610500	353.826046
12.540000	349.773814
12.466500	345.697432
12.390000	341.620264
12.310500	337.559564
12.228000	333.545606
12.139500	329.480313
12.046500	325.460886
11.947500	321.419732
11.842500	317.368082
11.731500	313.323076
11.616000	309.294534
11.497500	305.249277
11.379000	301.235432
11.262000	297.226949
11.149500	293.214945
11.043000	289.200955
10.942500	285.180434
10.848000	281.132293
10.761000	277.106858
10.680000	273.059216
10.605000	269.036811
10.534500	265.001586
10.468500	260.978894
10.405500	256.890881
10.347000	252.855645
10.291500	248.801881
10.239000	244.761330
10.188000	240.644878
10.140000	236.598486
10.093500	232.516891
10.048500	228.409932
10.005000	224.285750
9.963000	220.152950
9.922500	216.022284
9.883500	211.907294
9.846000	207.823897
9.810000	203.789289
9.774000	199.645887
9.739500	195.576471
9.705000	191.413341
9.672000	187.345127
9.639000	183.193077
9.607500	179.150801
9.576000	175.029949
9.544500	170.828797
9.514500	166.751671
9.484500	162.599688
9.456000	158.586225
9.427500	154.506691
9.399000	150.363297
9.370500	146.159128
9.343500	142.123537
9.316500	138.040161
9.289500	133.912382
9.262500	129.743257
9.235500	125.535278
9.210000	121.527006
9.184500	117.486516
9.159000	113.414088
9.133500	109.309538
9.108000	105.172409
9.082500	101.002194
0.000000	0.000000
& cycle # 3, chisq = 1584.265710, e = 57.201896
15.000000	441.212880
14.499000	437.208989
13.866000	433.196251
13.744500	429.160405
13.660500	425.145932
13.591500	421.093106
13.531500	417.050595
13.477500	413.047326
13.426500	408.988993
13.378500	404.953948
13.332000	400.874822
13.287000	396.799659
13.243500	392.774713
13.200000	388.698961
13.156500	384.602194
13.113000	380.509243
13.069500	376.441323
13.026000	372.419026
12.981000	368.329601
12.934500	364.207424
12.886500	360.090402
12.837000	356.015081
12.786000	352.012978
12.732000	348.002906
12.673500	343.931789
12.610500	339.878225
12.541500	335.845433
12.463500	331.793846
12.373500	327.738749
12.267000	323.702258
12.135000	319.699812
11.959500	315.673251
11.727000	311.654731
11.472000	307.642653
11.268000	303.641198
11.121000	299.609154
11.011500	295.584276
10.924500	291.556549
10.852500	287.521290
10.791000	283.467147
10.737000	279.376710
10.689000	275.278993
10.645500	271.158867
10.606500	267.113553
10.570500	263.066036
10.536000	258.887942
10.504500	254.802608
10.474500	250.658417
10.446000	246.480667
10.419000	242.296182
10.393500	238.133184
10.369500	234.020970
10.347000	229.989462
10.324500	225.782712
10.303500	221.694632
10.282500	217.447171
10.263000	213.357880
10.243500	209.126543
10.225500	205.092843
10.207500	200.934785
10.189500	196.650787
10.173000	192.611776
10.156500	188.464290
10.140000	184.206973
10.123500	179.838396
10.108500	175.769146
10.093500	171.605509
10.078500	167.346249
10.063500	162.990086
10.050000	158.985607
10.036500	154.900616
10.023000	150.734148
10.009500	146.485251
9.996000	142.152997
9.982500	137.736492
9.969000	133.234885
9.957000	129.161373
9.945000	125.019484
9.933000	120.808750
9.921000	116.528759
9.909000	112.179150
9.897000	107.759616
9.885000	103.269909
0.000000	0.000000
& cycle # 8, chisq = 571.245246, e = 57.201896
15.000000	427.357000
13.978500	423.355354
13.761000	419.319510
13.647000	415.279994
13.560000	411.255832
13.485000	407.186634
13.417500	403.111848
13.356000	399.100657
13.297500	395.060316
13.240500	390.960809
13.185000	386.864155
13.131000	382.818315
13.077000	378.742976
13.023000	374.664684
12.969000	370.613833
12.913500	366.514884
12.858000	362.514417
12.799500	358.429405
12.739500	354.394980
12.676500	350.340754
12.610500	346.312207
12.540000	342.279344
12.463500	338.229644
12.381000	334.225211
12.289500	330.189899
12.187500	326.167206
12.072000	322.158566
11.940000	318.122444
11.793000	314.115557
11.632500	310.091654
11.472000	306.084830
11.320500	302.064277
11.185500	298.031373
11.068500	293.981380
10.968000	289.980904
10.879500	285.967576
10.801500	281.962795
10.731000	277.903157
10.668000	273.886920
10.609500	269.808716
10.555500	265.729395
10.506000	261.707509
10.459500	257.665810
10.416000	253.637934
10.374000	249.509293
10.335000	245.455667
10.297500	241.352707
10.261500	237.221696
10.227000	233.084968
10.194000	228.964747
10.162500	224.882342
10.132500	220.857765
10.102500	216.698520
10.074000	212.620622
10.045500	208.417069
10.018500	204.316565
9.991500	200.098883
9.966000	196.006206
9.940500	191.806107
9.916500	187.754340
9.892500	183.606791
9.868500	179.363968
9.846000	175.300704
9.823500	171.155827
9.801000	166.930834
9.780000	162.916698
9.759000	158.835644
9.738000	154.689055
9.717000	150.478206
9.696000	146.204204
9.676500	142.179731
9.657000	138.102122
9.637500	133.971750
9.618000	129.788839
9.598500	125.553499
9.579000	121.265771
9.561000	117.261398
9.543000	113.212478
9.525000	109.119156
9.507000	104.981698
9.489000	100.800528
0.000000	0.000000
& cycle # 9, chisq = 916.873596, e = 57.201896
15.000000	478.906985
14.881500	474.906856
14.572500	470.884545
14.373000	466.883826
13.902000	462.878105
13.809000	458.827886
13.743000	454.727632
13.689000	450.604449
13.642500	446.509454
13.600500	442.396827
13.561500	438.252082
13.525500	434.175005
13.491000	430.067565
13.458000	425.978150
13.426500	421.947511
13.395000	417.810712
13.365000	413.788804
13.335000	409.703761
13.305000	405.573562
13.275000	401.417230
13.245000	397.254138
13.215000	393.103089
13.185000	388.981467
13.155000	384.904745
13.125000	380.886463
13.093500	376.743266
13.062000	372.690466
13.029000	368.555017
12.996000	364.546227
12.961500	360.505394
12.925500	356.467689
12.886500	352.314701
12.846000	348.257468
12.802500	344.196754
12.754500	340.074111
12.702000	335.990424
12.643500	331.953879
12.576000	327.950054
12.492000	323.885802
12.381000	319.868713
12.202500	315.853757
11.664000	311.852131
11.253000	307.829257
11.109000	303.824039
11.017500	299.764718
10.950000	295.746833
10.894500	291.642984
10.848000	287.553628
10.807500	283.444343
10.771500	279.319432
10.740000	275.315745
10.710000	271.137536
10.683000	267.055451
10.657500	262.906571
10.633500	258.729891
10.611000	254.565311
10.590000	250.453039
10.570500	246.433079
10.551000	242.212910
10.533000	238.134246
10.515000	233.874588
10.498500	229.806496
10.482000	225.577945
10.465500	221.184869
10.450500	217.044965
10.435500	212.762679
10.420500	208.335002
10.407000	204.223343
10.393500	199.989426
10.380000	195.631210
10.366500	191.146727
10.354500	187.052983
10.342500	182.856701
10.330500	178.556658
10.318500	174.151690
10.306500	169.640689
10.296000	165.605750
10.285500	161.488146
10.275000	157.287233
10.264500	153.002392
10.254000	148.633029
10.243500	144.178574
10.233000	139.638474
10.222500	135.012191
10.213500	130.977815
10.204500	126.879410
10.195500	122.716657
10.186500	118.489236
10.177500	114.196830
10.168500	109.839120
10.159500	105.415787
10.150500	100.926508
0.000000	0.000000
& cycle # 10, chisq = 383.926315, e = 57.201896
15.000000	489.994157
14.922000	485.975662
14.616000	481.933113
14.481000	477.918971
14.004000	473.895113
13.873500	469.830160
13.801500	465.813460
13.746000	461.782190
13.699500	457.781488
13.657500	453.692061
13.620000	449.675815
13.584000	445.517989
13.551000	441.469748
13.519500	437.416986
13.489500	433.406663
13.459500	429.268855
13.431000	425.236684
13.402500	421.121597
13.374000	416.939165
13.347000	412.929391
13.320000	408.888199
13.293000	404.830799
13.266000	400.772769
13.239000	396.729530
13.212000	392.715754
13.183500	388.525796
13.155000	384.397667
13.126500	380.343584
13.096500	376.167908
13.066500	372.097501
13.035000	367.948567
13.003500	363.939479
12.970500	359.902023
12.936000	355.871760
12.898500	351.725091
12.859500	347.681379
12.817500	343.638615
12.771000	339.538894
12.720000	335.487921
12.661500	331.397209
12.594000	327.384178
12.510000	323.372216
12.393000	319.333034
12.184500	315.319927
11.470500	311.315358
11.206500	307.296736
11.088000	303.278818
11.007000	299.214208
10.945500	295.213857
10.894500	291.183355
10.851000	287.160352
10.812000	283.042940
10.777500	278.961637
10.746000	274.848952
10.717500	270.791355
10.690500	266.637642
10.665000	262.426125
10.641000	258.196445
10.618500	253.988819
10.597500	249.843419
10.578000	245.799884
10.558500	241.564126
10.540500	237.479110
10.522500	233.221744
10.506000	229.164143
10.489500	224.954878
10.473000	220.590644
10.458000	216.485912
10.443000	212.247944
10.428000	207.874342
10.414500	203.820209
10.401000	199.652689
10.387500	195.370212
10.374000	190.971288
10.362000	186.962236
10.350000	182.859138
10.338000	178.661129
10.326000	174.367408
10.314000	169.977233
10.302000	165.489927
10.291500	161.483371
10.281000	157.401598
10.270500	153.244265
10.260000	149.011055
10.249500	144.701681
10.239000	140.315876
10.228500	135.853399
10.218000	131.314024
10.207500	126.697538
10.198500	122.679026
10.189500	118.603593
10.180500	114.471122
10.171500	110.281497
10.162500	106.034602
10.153500	101.730322
0.000000	0.000000
& cycle # 11, chisq = 376.962080, e = 57.201896
15.000000	414.283760
14.127000	410.280815
13.822500	406.256087
13.710000	402.231205
13.626000	398.192680
13.555500	394.142422
13.492500	390.069208
13.435500	386.067199
13.381500	382.036590
13.329000	377.929173
13.279500	373.922942
13.230000	369.828586
13.182000	365.812672
13.134000	361.783771
13.086000	357.767047
13.036500	353.661264
12.987000	349.618506
12.936000	345.549634
12.883500	341.494650
12.829500	337.490799
12.772500	333.464703
12.712500	329.458411
12.648000	325.427541
12.577500	321.365785
12.499500	317.302560
12.412500	313.282733
12.312000	309.243801
12.193500	305.225308
12.048000	301.222487
11.866500	297.213673
11.649000	293.208787
11.428500	289.180725
11.242500	285.167880
11.097000	281.144497
10.981500	277.127518
10.885500	273.071640
10.804500	269.011830
10.735500	265.006591
10.674000	260.962887
10.618500	256.900578
10.567500	252.799589
10.521000	248.733105
10.477500	244.627168
10.437000	240.525001
10.399500	236.472566
10.363500	232.341435
10.330500	228.339941
10.299000	224.323959
10.269000	220.317860
10.239000	216.132815
10.210500	211.989944
10.183500	207.913930
10.156500	203.689738
10.131000	199.562951
10.107000	195.555769
10.083000	191.427638
10.059000	187.176812
10.036500	183.078535
10.014000	178.869131
9.993000	174.838729
9.972000	170.709054
9.951000	166.479199
9.931500	162.461222
9.912000	158.356077
9.892500	154.163792
9.873000	149.884679
9.855000	145.858165
9.837000	141.758817
9.819000	137.587445
9.801000	133.344983
9.783000	129.032455
9.766500	125.018662
9.750000	120.947712
9.733500	116.820406
9.717000	112.637494
9.700500	108.399661
9.684000	104.107509
0.000000	0.000000
& cycle # 3, chisq = 638.462933, e = 53.536628
15.000000	441.212880
14.668500	437.193054
14.446500	433.189489
13.903500	429.175891
13.794000	425.135216
13.720500	421.126076
13.660500	417.066460
13.608000	412.947456
13.561500	408.885865
13.518000	404.770249
13.477500	400.697156
13.438500	396.583699
13.401000	392.475839
13.365000	388.413383
13.329000	384.257143
13.294500	380.209192
13.260000	376.121849
13.225500	372.019257
13.191000	367.924258
13.156500	363.857198
13.122000	359.835634
13.086000	355.704347
13.050000	351.655577
13.012500	347.543220
12.973500	343.399717
12.933000	339.262016
12.891000	335.169464
12.847500	331.160612
12.801000	327.145377
12.750000	323.067935
12.694500	319.019439
12.633000	315.005283
12.561000	310.929285
12.475500	306.921044
12.364500	302.901806
12.199500	298.886886
11.836500	294.882479
11.308500	290.873130
11.113500	286.855005
11.002500	282.836098
10.923000	278.810484
10.860000	274.745495
10.807500	270.646864
10.762500	266.542656
10.723500	262.495234
10.687500	258.319664
10.656000	254.295344
10.626000	250.121164
10.599000	246.064052
10.573500	241.957946
10.549500	237.838560
10.527000	233.742390
10.506000	229.706388
10.485000	225.456821
10.465500	221.312577
10.447500	217.311944
10.429500	213.137871
10.411500	208.785259
10.395000	204.634220
10.378500	200.325129
10.363500	196.267507
10.348500	192.073513
10.333500	187.740544
10.320000	183.719971
10.306500	179.583034
10.293000	175.328031
10.279500	170.953321
10.266000	166.457314
10.254000	162.357787
10.242000	158.160144
10.230000	153.863344
10.218000	149.466360
10.206000	144.968173
10.195500	140.948440
10.185000	136.849758
10.174500	132.671436
10.164000	128.412778
10.153500	124.073077
10.143000	119.651615
10.132500	115.147661
10.122000	110.560473
10.111500	105.889295
10.102500	101.817996
0.000000	0.000000
& cycle # 8, chisq = 390.446500, e = 53.536628
15.000000	427.357000
14.610000	423.352817
13.987500	419.347989
13.821000	415.339207
13.729500	411.319747
13.659000	407.299411
13.599000	403.260537
13.545000	399.178627
13.495500	395.111203
13.449000	391.047398
13.404000	386.924040
13.360500	382.789136
13.318500	378.686968
13.278000	374.659242
13.237500	370.592123
13.197000	366.515928
13.156500	362.457466
13.116000	358.439004
13.074000	354.334086
13.032000	350.312108
12.988500	346.255539
12.943500	342.200158
12.897000	338.184974
12.847500	334.128335
12.795000	330.085535
12.738000	326.005351
12.676500	321.966152
12.607500	317.886258
12.529500	313.847411
12.438000	309.841521
12.324000	305.809839
12.172500	301.796935
11.946000	297.790598
11.619000	293.788867
11.338500	289.788577
11.160000	285.772590
11.037000	281.723652
10.944000	277.704883
10.867500	273.620732
10.803000	269.520768
10.747500	265.442115
10.698000	261.331314
10.654500	257.324110
10.614000	253.242412
10.576500	249.146165
10.542000	245.095506
10.509000	240.956052
10.477500	236.752089
10.449000	232.726788
10.422000	228.711646
10.395000	224.493714
10.369500	220.318592
10.345500	216.215097
10.323000	212.212028
10.300500	208.055785
10.279500	204.036930
10.258500	199.882082
10.237500	195.590391
10.218000	191.482113
10.198500	187.254768
10.180500	183.246520
10.162500	179.136037
10.144500	174.922882
10.126500	170.606553
10.110000	166.558788
10.093500	162.423337
10.077000	158.199648
10.060500	153.887129
10.044000	149.485175
10.029000	145.405281
10.014000	141.250540
9.999000	137.020559
9.984000	132.715000
9.969000	128.333598
9.955500	124.325345
9.942000	120.255464
9.928500	116.123979
9.915000	111.930996
9.901500	107.676707
9.888000	103.361391
0.000000	0.000000
& cycle # 9, chisq = 480.462421, e = 53.536628
15.000000	478.906985
14.691000	474.877940
14.497500	470.868597
14.028000	466.858618
13.936500	462.817901
13.873500	458.799639
13.822500	454.770339
13.777500	450.648223
13.737000	446.503170
13.701000	442.489293
13.666500	438.366997
13.633500	434.187291
13.602000	429.999087
13.572000	425.848388
13.543500	421.776790
13.515000	417.597890
13.488000	413.555799
13.461000	409.447344
13.434000	405.285977
13.407000	401.084525
13.380000	396.855579
13.354500	392.847868
13.329000	388.838269
13.302000	384.603730
13.275000	380.394350
13.248000	376.224199
13.221000	372.106668
13.194000	368.053961
13.165500	363.858237
13.137000	359.757388
13.107000	355.553178
13.077000	351.473379
13.045500	347.332723
13.012500	343.162214
12.978000	338.996326
12.942000	334.872540
12.904500	330.829881
12.864000	326.761542
12.820500	322.738555
12.772500	318.710268
12.718500	314.677426
12.655500	310.610726
12.579000	306.542576
12.478500	302.502128
12.319500	298.491260
11.560500	294.490622
11.169000	290.487335
11.046000	286.482111
10.965000	282.406811
10.903500	278.307243
10.854000	274.244283
10.812000	270.180959
10.774500	266.019184
10.741500	261.901871
10.711500	257.761601
10.684500	253.691862
10.659000	249.533495
10.635000	245.327253
10.612500	241.115195
10.591500	236.940009
10.572000	232.844430
10.552500	228.531026
10.534500	224.349751
10.518000	220.343336
10.501500	216.166097
10.485000	211.813311
10.470000	207.699877
10.455000	203.433806
10.440000	199.011488
10.426500	194.894848
10.413000	190.646157
10.399500	186.262868
10.387500	182.251597
10.375500	178.130292
10.363500	173.897284
10.351500	169.550952
10.339500	165.089723
10.327500	160.512082
10.317000	156.409999
10.306500	152.216720
10.296000	147.931329
10.285500	143.552941
10.275000	139.080700
10.264500	134.513775
10.254000	129.851359
10.245000	125.778405
10.236000	121.634233
10.227000	117.418370
10.218000	113.130345
10.209000	108.769697
10.200000	104.335965
0.000000	0.000000
& cycle # 10, chisq = 351.829216, e = 53.536628
15.000000	489.994157
14.704500	485.966395
14.586000	481.925959
14.398500	477.919560
13.993500	473.913910
13.912500	469.855714
13.855500	465.821180
13.809000	461.780221
13.768500	457.721401
13.732500	453.707399
13.699500	449.706447
13.668000	445.614476
13.638000	441.484119
13.609500	437.364977
13.582500	433.302902
13.555500	429.102277
13.530000	425.023839
13.504500	420.853027
13.479000	416.604943
13.455000	412.549172
13.431000	408.449404
13.407000	404.316840
13.383000	400.162532
13.359000	395.997631
13.335000	391.833560
13.311000	387.682056
13.287000	383.555048
13.263000	379.464407
13.239000	375.421608
13.213500	371.190559
13.188000	367.037296
13.162500	362.972021
13.135500	358.773238
13.108500	354.691807
13.080000	350.519460
13.051500	346.494628
13.021500	342.425667
12.990000	338.347295
12.957000	334.297168
12.921000	330.147703
12.883500	326.130531
12.841500	322.003250
12.795000	317.885661
12.742500	313.787509
12.682500	309.781212
12.607500	305.716220
12.505500	301.678333
12.321000	297.658585
11.278500	293.648555
11.106000	289.614010
11.014500	285.560100
10.948500	281.461082
10.896000	277.334653
10.852500	273.238991
10.815000	269.155187
10.782000	265.097235
10.752000	261.002205
10.725000	256.965445
10.699500	252.831322
10.675500	248.641981
10.653000	244.441037
10.632000	240.272732
10.612500	236.181219
10.593000	231.870414
10.575000	227.690977
10.558500	223.686410
10.542000	219.511780
10.525500	215.162955
10.510500	211.054793
10.495500	206.796028
10.480500	202.383468
10.467000	198.278030
10.453500	194.043116
10.440000	189.676435
10.426500	185.175736
10.414500	181.060822
10.402500	176.836769
10.390500	172.502115
10.378500	168.055454
10.366500	163.495432
10.356000	159.411407
10.345500	155.238780
10.335000	150.976767
10.324500	146.624625
10.314000	142.181651
10.303500	137.647182
10.293000	133.020597
10.284000	128.981189
10.275000	124.873326
10.266000	120.696677
10.257000	116.450931
10.248000	112.135793
10.239000	107.750979
10.230000	103.296222
0.000000	0.000000
& cycle # 11, chisq = 348.174754, e = 53.536628
15.000000	414.283760
14.614500	410.270942
14.013000	406.261327
13.828500	402.251209
13.735500	398.245168
13.663500	394.161474
13.603500	390.116551
13.549500	386.014063
13.500000	381.915136
13.453500	377.811823
13.410000	373.784201
13.368000	369.749629
13.326000	365.600234
13.285500	361.520504
13.245000	357.395891
13.204500	353.258178
13.164000	349.136032
13.123500	345.053535
13.083000	341.030944
13.041000	336.942482
12.997500	332.819318
12.952500	328.698412
12.906000	324.620719
12.856500	320.505740
12.804000	316.412949
12.748500	312.398294
12.687000	308.326638
12.619500	304.316280
12.541500	300.277796
12.448500	296.255222
12.330000	292.214077
12.165000	288.210024
11.886000	284.208252
11.472000	280.194744
11.211000	276.182010
11.061000	272.157908
10.956000	268.109245
10.875000	264.062158
10.809000	260.026605
10.752000	255.917817
10.702500	251.825794
10.659000	247.793574
10.618500	243.647873
10.582500	239.627328
10.548000	235.461829
10.516500	231.377669
10.486500	227.226404
10.458000	223.035408
10.431000	218.833287
10.405500	214.649765
10.381500	210.515395
10.359000	206.461146
10.336500	202.230289
10.315500	198.119006
10.294500	193.848226
10.275000	189.737731
10.255500	185.486210
10.237500	181.435338
10.219500	177.262087
10.201500	172.965493
10.185000	168.917785
10.168500	164.764895
10.152000	160.506047
10.135500	156.140422
10.120500	152.078278
10.105500	147.926465
10.090500	143.684245
10.075500	139.350845
10.060500	134.925471
10.047000	130.863329
10.033500	126.725446
10.020000	122.511249
10.006500	118.220187
9.993000	113.851742
9.979500	109.405447
9.967500	105.387494
9.955500	101.307458
0.000000	0.000000
& cycle # 3, chisq = 486.667409, e = 51.115072
15.000000	441.212880
14.667000	437.212813
14.482500	433.187021
13.962000	429.164443
13.852500	425.163443
13.780500	421.080819
13.723500	417.004244
13.675500	413.002317
13.632000	408.941977
13.591500	404.813396
13.554000	400.717789
13.518000	396.567178
13.483500	392.414582
13.450500	388.305043
13.419000	384.275898
13.387500	380.160491
13.356000	375.976727
13.326000	371.946121
13.296000	367.888572
13.266000	363.822589
13.236000	359.766701
13.206000	355.738535
13.174500	351.556272
13.143000	347.438370
13.111500	343.398793
13.078500	339.264334
13.045500	335.242675
13.011000	331.172879
12.975000	327.088427
12.937500	323.026543
12.898500	319.026543
12.856500	314.987965
12.811500	310.978696
12.762000	306.949098
12.706500	302.898173
12.643500	298.883510
12.568500	294.883190
12.471000	290.847855
12.325500	286.832657
11.899500	282.831223
11.179500	278.805819
11.035500	274.796726
10.947000	270.736703
10.882500	266.722178
10.830000	262.642532
10.786500	258.619089
10.747500	254.455079
10.713000	250.290583
10.683000	246.273810
10.654500	242.094953
10.629000	238.039424
10.605000	233.935531
10.582500	229.823834
10.561500	225.745639
10.542000	221.742492
10.522500	217.523295
10.504500	213.430117
10.486500	209.139862
10.470000	205.028519
10.453500	200.741182
10.438500	196.686654
10.423500	192.478755
10.408500	188.113741
10.395000	184.047835
10.381500	179.849011
10.368000	175.514666
10.354500	171.042254
10.342500	166.948860
10.330500	162.742718
10.318500	158.422177
10.306500	153.985630
10.294500	149.431517
10.284000	145.349030
10.273500	141.174374
10.263000	136.906577
10.252500	132.544686
10.242000	128.087765
10.231500	123.534889
10.221000	118.885145
10.212000	114.821863
10.203000	110.686178
10.194000	106.477521
10.185000	102.195323
0.000000	0.000000
& cycle # 8, chisq = 395.034372, e = 51.115072
15.000000	427.357000
14.698500	423.350125
14.493000	419.346735
13.945500	415.324138
13.822500	411.275659
13.744500	407.187359
13.683000	403.111889
13.630500	399.053169
13.584000	395.038867
13.540500	390.961587
13.500000	386.920947
13.461000	382.838895
13.423500	378.763958
13.387500	374.736791
13.351500	370.619338
13.317000	366.611145
13.282500	362.565584
13.248000	358.506992
13.213500	354.459201
13.179000	350.443983
13.143000	346.309252
13.107000	342.248561
13.069500	338.114406
13.032000	334.094462
12.993000	330.052805
12.952500	326.025364
12.909000	321.913153
12.864000	317.910126
12.814500	313.814409
12.760500	309.717956
12.702000	305.713315
12.634500	301.642143
12.555000	297.580529
12.456000	293.548804
12.319500	289.539854
12.078000	285.533769
11.503500	281.526899
11.200500	277.524467
11.056500	273.481595
10.960500	269.459828
10.887000	265.435248
10.827000	261.408961
10.776000	257.381083
10.731000	253.313121
10.690500	249.205753
10.654500	245.176967
10.621500	241.154881
10.590000	237.008180
10.561500	232.986418
10.534500	228.930037
10.509000	224.870505
10.485000	220.839632
10.461000	216.597995
10.438500	212.423958
10.417500	208.350766
10.396500	204.101864
10.377000	199.995590
10.357500	195.731347
10.339500	191.652577
10.321500	187.435010
10.303500	183.076979
10.287000	178.957480
10.270500	174.717765
10.254000	170.356994
10.239000	166.286993
10.224000	162.115854
10.209000	157.843132
10.194000	153.468408
10.180500	149.443606
10.167000	145.335553
10.153500	141.143940
10.140000	136.868445
10.126500	132.508728
10.113000	128.064428
10.101000	124.042625
10.089000	119.953414
10.077000	115.796508
10.065000	111.571617
10.053000	107.278448
10.041000	102.916717
0.000000	0.000000
& cycle # 9, chisq = 431.003740, e = 51.115072
15.000000	478.906985
14.758500	474.867865
14.628000	470.833290
14.161500	466.820124
14.025000	462.760436
13.953000	458.730286
13.897500	454.611381
13.852500	450.605441
13.812000	446.499449
13.776000	442.469437
13.741500	438.290508
13.710000	434.220282
13.680000	430.132050
13.651500	426.070064
13.623000	421.848861
13.596000	417.717794
13.570500	413.712659
13.545000	409.621416
13.519500	405.458688
13.494000	401.238897
13.470000	397.227554
13.446000	393.188686
13.422000	389.132490
13.398000	385.068755
13.374000	381.007122
13.350000	376.957329
13.326000	372.929352
13.300500	368.684947
13.275000	364.489010
13.249500	360.353573
13.224000	356.289950
13.197000	352.076890
13.170000	347.966248
13.141500	343.747981
13.113000	339.661977
13.083000	335.511499
13.051500	331.327367
13.018500	327.143159
12.984000	322.995383
12.948000	318.922997
12.909000	314.813771
12.867000	310.744448
12.820500	306.666179
12.768000	302.584158
12.708000	298.561749
12.634500	294.501908
12.538500	290.492640
12.382500	286.479660
11.395500	282.472424
11.127000	278.465485
11.017500	274.421844
10.944000	270.419417
10.887000	266.410337
10.839000	262.308280
10.798500	258.260973
10.762500	254.166285
10.729500	249.968311
10.699500	245.758393
10.672500	241.631104
10.647000	237.424647
10.623000	233.180249
10.600500	228.940005
10.579500	224.746266
10.560000	220.641120
10.540500	216.326445
10.522500	212.152184
10.504500	207.788842
10.488000	203.618577
10.471500	199.281038
10.456500	195.189270
10.441500	190.952906
10.426500	186.568968
10.413000	182.494828
10.399500	178.296704
10.386000	173.972575
10.372500	169.520495
10.360500	165.454160
10.348500	161.283995
10.336500	157.008800
10.324500	152.627434
10.312500	148.138818
10.302000	144.122493
10.291500	140.022620
10.281000	135.838583
10.270500	131.569792
10.260000	127.215690
10.249500	122.775741
10.239000	118.249434
10.228500	113.636276
10.219500	109.612653
10.210500	105.524579
10.201500	101.371766
0.000000	0.000000
& cycle # 10, chisq = 382.452701, e = 51.115072
15.000000	489.994157
14.635500	485.991871
14.125500	481.956622
14.041500	477.925485
13.981500	473.840562
13.933500	469.799176
13.891500	465.682954
13.854000	461.551723
13.819500	457.382514
13.788000	453.282350
13.758000	449.131984
13.729500	444.980892
13.702500	440.872928
13.677000	436.846933
13.651500	432.689416
13.627500	428.666672
13.603500	424.548514
13.579500	420.346897
13.557000	416.343459
13.534500	412.288821
13.512000	408.193871
13.489500	404.069181
13.467000	399.924802
13.444500	395.770193
13.422000	391.614290
13.399500	387.465662
13.377000	383.332716
13.354500	379.223888
13.332000	375.147746
13.309500	371.113009
13.285500	366.864804
13.261500	362.684135
13.237500	358.580948
13.213500	354.564357
13.188000	350.400591
13.162500	346.351834
13.135500	342.197716
13.108500	338.186505
13.080000	334.113322
13.050000	330.010010
13.018500	325.910926
12.985500	321.852998
12.949500	317.708479
12.910500	313.556226
12.868500	309.478044
12.822000	305.430531
12.769500	301.427415
12.706500	297.365875
12.628500	293.359867
12.517500	289.349626
12.271500	285.342151
11.193000	281.321303
11.062500	277.307176
10.981500	273.229196
10.921500	269.173294
10.873500	265.167423
10.831500	261.026606
10.795500	256.952833
10.762500	252.755819
10.734000	248.750094
10.707000	244.610633
10.681500	240.378287
10.659000	236.372368
10.636500	232.102258
10.615500	227.870281
10.596000	223.720623
10.578000	219.696663
10.560000	215.481836
10.543500	211.446250
10.527000	207.242065
10.510500	202.865256
10.495500	198.733121
10.480500	194.451893
10.465500	190.018499
10.452000	185.895821
10.438500	181.645219
10.425000	177.264532
10.413000	173.259673
10.401000	169.148922
10.389000	164.930883
10.377000	160.604212
10.365000	156.167622
10.353000	151.619885
10.342500	147.548526
10.332000	143.390443
10.321500	139.144937
10.311000	134.811352
10.300500	130.389068
10.290000	125.877503
10.279500	121.276113
10.270500	117.260184
10.261500	113.177583
10.252500	109.028024
10.243500	104.811234
10.234500	100.526954
0.000000	0.000000
& cycle # 11, chisq = 380.692495, e = 51.115072
15.000000	414.283760
14.632500	410.281739
14.052000	406.278333
13.846500	402.263271
13.752000	398.216372
13.681500	394.199204
13.621500	390.119259
13.569000	386.081094
13.521000	382.048067
13.476000	378.011756
13.432500	373.909873
13.390500	369.792035
13.350000	365.701609
13.311000	361.678399
13.272000	357.601292
13.233000	353.500272
13.194000	349.404160
13.155000	345.338308
13.116000	341.323897
13.075500	337.228869
13.035000	333.227610
12.993000	329.197630
12.949500	325.174770
12.903000	321.069179
12.855000	317.063670
12.802500	312.968291
12.745500	308.866094
12.684000	304.841990
12.615000	300.822608
12.534000	296.763598
12.436500	292.759641
12.309000	288.755712
12.117000	284.750170
11.752500	280.740546
11.344500	276.739894
11.137500	272.737921
11.010000	268.690371
10.917000	264.628419
10.843500	260.565987
10.782000	256.470307
10.729500	252.401273
10.683000	248.313435
10.641000	244.201786
10.603500	240.173954
10.569000	236.155144
10.536000	232.016010
10.506000	227.990778
10.477500	223.924814
10.450500	219.846238
10.425000	215.784089
10.401000	211.768127
10.377000	207.559734
10.354500	203.435196
10.333500	199.425885
10.312500	195.259659
10.293000	191.248534
10.273500	187.098592
10.254000	182.808487
10.236000	178.722968
10.218000	174.516192
10.200000	170.187388
10.183500	166.111477
10.167000	161.931807
10.150500	157.647764
10.134000	153.258686
10.119000	149.176875
10.104000	145.007102
10.089000	140.748761
10.074000	136.401215
10.059000	131.963810
10.045500	127.892769
10.032000	123.747929
10.018500	119.528829
10.005000	115.235033
9.991500	110.866146
9.978000	106.421821
9.966000	102.407747
0.000000	0.000000
& cycle # 3, chisq = 450.032990, e = 50.696346
15.000000	441.212880
14.742000	437.207804
14.541000	433.203625
14.034000	429.199803
13.881000	425.172285
13.801500	421.087944
13.741500	417.003647
13.692000	412.988603
13.647000	408.845668
13.606500	404.735456
13.569000	400.632193
13.534500	396.630048
13.501500	392.622401
13.468500	388.462386
13.437000	384.369697
13.405500	380.177069
13.375500	376.108333
13.345500	371.982909
13.315500	367.818899
13.285500	363.635509
13.255500	359.452478
13.225500	355.289198
13.195500	351.163808
13.165500	347.092555
13.135500	343.089619
13.104000	338.973583
13.072500	334.959358
13.039500	330.876340
13.005000	326.756074
12.969000	322.634344
12.931500	318.550455
12.892500	314.545360
12.850500	310.520516
12.804000	306.419976
12.753000	302.350642
12.696000	298.321583
12.630000	294.319191
12.547500	290.265381
12.435000	286.246595
12.229500	282.234176
11.250000	278.215715
11.064000	274.189677
10.968000	270.152240
10.900500	266.126171
10.846500	262.014367
10.801500	257.873809
10.764000	253.862021
10.729500	249.674694
10.699500	245.615591
10.672500	241.607650
10.647000	237.496096
10.623000	233.322046
10.600500	229.128243
10.579500	224.958382
10.560000	220.856505
10.540500	216.524902
10.522500	212.315328
10.506000	208.272505
10.489500	204.048143
10.474500	200.045722
10.459500	195.884682
10.444500	191.560892
10.431000	187.526916
10.417500	183.354767
10.404000	179.041473
10.390500	174.584099
10.378500	170.498696
10.366500	166.295179
10.354500	161.971599
10.342500	157.526052
10.330500	152.956680
10.320000	148.855481
10.309500	144.656912
10.299000	140.359820
10.288500	135.963081
10.278000	131.465597
10.267500	126.866291
10.258500	122.842190
10.249500	118.741857
10.240500	114.564650
10.231500	110.309935
10.222500	105.977083
10.213500	101.565471
0.000000	0.000000
& cycle # 8, chisq = 369.144137, e = 50.696346
15.000000	427.357000
14.700000	423.331383
14.524500	419.329229
14.005500	415.319613
13.846500	411.263868
13.764000	407.252116
13.701000	403.245589
13.647000	399.171084
13.599000	395.076239
13.555500	391.013186
13.515000	386.964345
13.476000	382.856040
13.438500	378.740594
13.402500	374.661730
13.368000	370.656572
13.333500	366.578937
13.299000	362.452204
13.264500	358.301331
13.230000	354.151535
13.195500	350.026609
13.161000	345.947635
13.126500	341.932585
13.090500	337.827762
13.054500	333.825103
13.017000	329.780759
12.978000	325.728271
12.937500	321.705265
12.894000	317.614464
12.847500	313.521911
12.798000	309.493159
12.744000	305.484257
12.682500	301.401795
12.612000	297.340748
12.528000	293.329562
12.418500	289.311389
12.253500	285.289452
11.862000	281.285823
11.292000	277.271355
11.100000	273.232652
10.989000	269.225522
10.908000	265.199864
10.843500	261.159088
10.789500	257.104142
10.743000	253.059185
10.701000	248.924867
10.663500	244.820555
10.629000	240.680567
10.597500	236.580688
10.567500	232.379192
10.540500	228.339763
10.515000	224.291338
10.491000	220.266316
10.467000	216.025811
10.444500	211.848292
10.423500	207.767647
10.402500	203.506994
10.383000	199.385741
10.363500	195.102388
10.345500	191.002124
10.327500	186.759193
10.311000	182.742942
10.294500	178.604027
10.278000	174.341356
10.261500	169.953980
10.246500	165.856540
10.231500	161.654799
10.216500	157.348260
10.201500	152.936458
10.188000	148.875473
10.174500	144.728550
10.161000	140.495368
10.147500	136.175597
10.134000	131.768889
10.120500	127.274880
10.108500	123.206606
10.096500	119.068770
10.084500	114.861082
10.072500	110.583245
10.060500	106.234962
10.048500	101.815935
0.000000	0.000000
& cycle # 9, chisq = 401.635093, e = 50.696346
15.000000	478.906985
14.764500	474.898264
14.640000	470.868859
14.197500	466.857939
14.038500	462.829119
13.963500	458.765632
13.908000	454.709489
13.861500	450.597757
13.821000	446.493113
13.785000	442.452476
13.752000	438.442105
13.720500	434.356643
13.690500	430.246366
13.662000	426.156705
13.635000	422.128966
13.608000	417.965963
13.582500	413.923999
13.557000	409.789509
13.531500	405.577459
13.507500	401.555783
13.483500	397.490857
13.459500	393.394196
13.435500	389.276637
13.411500	385.148460
13.387500	381.019629
13.363500	376.900059
13.339500	372.799824
13.315500	368.729234
13.291500	364.698756
13.266000	360.471959
13.240500	356.314203
13.215000	352.236600
13.188000	348.017448
13.161000	343.909187
13.132500	339.702076
13.104000	335.635618
13.074000	331.514374
13.042500	327.370174
13.009500	323.237626
12.975000	319.154116
12.937500	314.998620
12.898500	310.996108
12.855000	306.917366
12.807000	302.880606
12.751500	298.795234
12.687000	294.782917
12.606000	290.770100
12.490500	286.761758
12.234000	282.759695
11.193000	278.759604
11.055000	274.727677
10.971000	270.643306
10.909500	266.602480
10.860000	262.569021
10.818000	258.518139
10.780500	254.357924
10.747500	250.234951
10.717500	246.084370
10.690500	242.001754
10.665000	237.828756
10.641000	233.607242
10.618500	229.380234
10.597500	225.191198
10.578000	221.083443
10.558500	216.759123
10.540500	212.569438
10.524000	208.557182
10.507500	204.376333
10.491000	200.022615
10.476000	195.911050
10.461000	191.649805
10.446000	187.235643
10.432500	183.129503
10.419000	178.894601
10.405500	174.528682
10.392000	170.029548
10.380000	165.916762
10.368000	161.695593
10.356000	157.364653
10.344000	152.922608
10.332000	148.368185
10.321500	144.289927
10.311000	140.123927
10.300500	135.869448
10.290000	131.525786
10.279500	127.092271
10.269000	122.568263
10.258500	117.953152
10.249500	113.924387
10.240500	109.827905
10.231500	105.663362
10.222500	101.430425
0.000000	0.000000
& cycle # 10, chisq = 360.541036, e = 50.696346
15.000000	489.994157
14.923500	485.978316
14.829000	481.924423
14.721000	477.886873
14.610000	473.865359
14.505000	469.811439
14.412000	465.780261
14.329500	461.736808
14.256000	457.669856
14.190000	453.614901
14.130000	449.570003
14.074500	445.501864
14.023500	441.487816
13.975500	437.475678
13.929000	433.372898
13.885500	429.340915
13.843500	425.274416
13.803000	421.202517
13.764000	417.154314
13.726500	413.154173
13.689000	409.055375
13.653000	405.033007
13.617000	400.931563
13.581000	396.760838
13.546500	392.710769
13.512000	388.621362
13.477500	384.504365
13.443000	380.369627
13.408500	376.225181
13.374000	372.078401
13.339500	367.937515
13.305000	363.812618
13.270500	359.715666
13.236000	355.659474
13.201500	351.656265
13.165500	347.546761
13.129500	343.515654
13.092000	339.407960
13.054500	335.401188
13.015500	331.350561
12.975000	327.282029
12.933000	323.226117
12.889500	319.216075
12.843000	315.157710
12.793500	311.105894
12.739500	307.006356
12.681000	302.947216
12.616500	298.941580
12.541500	294.915314
12.450000	290.907847
12.324000	286.882274
12.039000	282.879311
11.340000	278.869944
11.196000	274.829503
11.094000	270.828759
11.010000	266.771580
10.938000	262.728912
10.873500	258.673691
10.815000	254.659825
10.759500	250.573536
10.707000	246.470353
10.657500	242.397108
10.611000	238.395805
10.566000	234.369703
10.522500	230.344157
10.479000	226.200682
10.437000	222.103125
10.396500	218.076039
10.356000	213.987457
10.315500	209.848417
10.276500	205.823327
10.237500	201.766219
10.198500	197.683057
10.159500	193.580386
10.120500	189.466312
10.081500	185.351012
10.042500	181.246604
10.003500	177.166387
9.964500	173.123665
9.924000	168.978055
9.883500	164.896900
9.843000	160.888284
9.801000	156.813756
9.757500	152.687198
9.714000	148.660985
9.669000	144.609132
9.622500	140.554673
9.574500	136.526332
9.523500	132.439941
9.469500	128.349604
9.412500	124.308936
9.351000	120.270925
9.283500	116.215040
9.208500	112.159145
9.123000	108.118056
9.019500	104.083678
8.878500	100.051586
0.000000	0.000000
& cycle # 11, chisq = 420.889882, e = 50.696346
15.000000	379.925929
14.542500	375.916416
13.891500	371.910898
13.758000	367.874505
13.669500	363.825305
13.599000	359.810660
13.537500	355.776167
13.482000	351.763299
13.429500	347.689735
13.380000	343.638254
13.332000	339.548103
13.285500	335.470727
13.240500	331.455387
13.195500	327.409116
13.150500	323.364756
13.105500	319.349276
13.059000	315.254730
13.012500	311.240483
12.964500	307.209118
12.915000	303.202086
12.862500	299.149010
12.807000	295.107666
12.747000	291.033527
12.682500	287.003467
12.610500	282.943455
12.529500	278.938307
12.433500	274.931963
12.313500	270.916175
12.150000	266.913723
11.887500	262.898372
11.485500	258.887062
11.193000	254.880273
11.023500	250.835816
10.908000	246.814434
10.819500	242.764650
10.747500	238.687270
10.687500	234.664615
10.635000	230.627351
10.588500	226.613650
10.546500	222.607977
10.507500	218.541988
10.471500	214.472682
10.438500	210.459462
10.407000	206.362305
10.377000	202.206954
10.348500	198.021303
10.321500	193.834887
10.296000	189.678230
10.272000	185.582161
10.249500	181.577207
10.227000	177.410213
10.206000	173.372801
10.185000	169.190395
10.165500	165.175252
10.146000	161.031862
10.126500	156.758519
10.108500	152.696970
10.090500	148.521595
10.072500	144.230772
10.056000	140.194661
10.039500	136.058799
10.023000	131.821857
10.006500	127.482528
9.991500	123.447778
9.976500	119.326489
9.961500	115.117845
9.946500	110.821124
9.931500	106.435703
9.918000	102.412566
0.000000	0.000000
& cycle # 1, chisq = 540.573152, e = 47.181666
15.000000	381.345955
14.568000	377.335778
13.918500	373.325732
13.777500	369.285170
13.687500	365.218550
13.617000	361.214557
13.555500	357.168327
13.500000	353.127423
13.447500	349.016080
13.398000	344.922523
13.351500	340.917861
13.305000	336.793757
13.260000	332.726591
13.215000	328.623550
13.170000	324.520505
13.125000	320.447394
13.080000	316.428726
13.033500	312.356965
12.985500	308.266745
12.936000	304.199287
12.885000	300.198839
12.831000	296.198597
12.772500	292.153993
12.709500	288.141051
12.639000	284.077307
12.559500	280.042965
12.466500	276.042628
12.351000	272.036105
12.195000	268.016779
11.950500	264.008307
11.559000	260.003452
11.244000	255.998258
11.062500	251.968499
10.939500	247.913656
10.846500	243.857692
10.771500	239.796258
10.708500	235.744290
10.653000	231.636055
10.603500	227.511376
10.560000	223.503038
10.519500	219.427304
10.482000	215.339325
10.447500	211.296005
10.414500	207.162011
10.383000	202.961913
10.354500	198.940104
10.327500	194.929974
10.300500	190.720807
10.275000	186.559467
10.251000	182.475553
10.227000	178.227557
10.204500	174.094647
10.182000	169.814906
10.161000	165.686873
10.140000	161.428666
10.120500	157.356942
10.101000	153.170733
10.081500	148.868788
10.063500	144.793878
10.045500	140.618113
10.027500	136.340382
10.011000	132.328629
9.994500	128.229502
9.978000	124.042292
9.961500	119.766390
9.945000	115.401318
9.930000	111.355409
9.915000	107.235399
9.900000	103.041277
0.000000	0.000000
& cycle # 2, chisq = 537.143391, e = 47.181666
15.000000	414.283760
14.763000	410.282416
14.550000	406.274649
14.056500	402.273526
13.882500	398.239557
13.800000	394.161015
13.738500	390.096713
13.687500	386.068641
13.642500	382.034876
13.600500	377.887328
13.561500	373.733953
13.525500	369.671371
13.491000	365.599559
13.458000	361.565198
13.425000	357.416210
13.393500	353.368159
13.362000	349.253351
13.330500	345.091425
13.299000	340.903375
13.267500	336.711169
13.236000	332.536796
13.204500	328.401112
13.173000	324.322897
13.141500	320.318443
13.108500	316.217645
13.074000	312.048776
13.039500	308.015596
13.003500	303.967360
12.966000	299.941371
12.925500	295.830479
12.882000	291.706999
12.835500	287.646075
12.784500	283.607978
12.727500	279.601361
12.660000	275.525450
12.577500	271.479988
12.465000	267.457649
12.259500	263.451834
11.208000	259.448448
11.028000	255.435565
10.932000	251.413017
10.863000	247.346069
10.809000	243.307850
10.764000	239.274647
10.725000	235.230369
10.690500	231.190054
10.659000	227.094471
10.630500	223.034272
10.603500	218.860349
10.578000	214.611575
10.555500	210.604218
10.533000	206.344549
10.512000	202.132478
10.492500	198.009522
10.473000	193.675768
10.455000	189.482416
10.438500	185.471096
10.422000	181.295445
10.405500	176.951458
10.390500	172.853010
10.375500	168.609357
10.360500	164.217747
10.347000	160.136608
10.333500	155.931640
10.320000	151.601079
10.306500	147.143249
10.294500	143.072595
10.282500	138.899049
10.270500	134.621587
10.258500	130.239228
10.246500	125.751027
10.236000	121.736312
10.225500	117.639271
10.215000	113.459324
10.204500	109.195901
10.194000	104.848437
10.183500	100.416373
0.000000	0.000000
& cycle # 3, chisq = 402.720143, e = 47.181666
15.000000	389.922768
14.629500	385.916656
14.059500	381.909822
13.845000	377.885122
13.749000	373.821635
13.677000	369.758863
13.617000	365.722763
13.563000	361.620021
13.513500	357.514548
13.467000	353.402423
13.423500	349.367221
13.381500	345.327718
13.341000	341.326106
13.300500	337.249265
13.260000	333.129279
13.219500	328.999122
13.179000	324.889421
13.138500	320.826266
13.096500	316.684776
13.054500	312.637411
13.011000	308.566406
12.966000	304.508837
12.919500	300.506283
12.870000	296.482705
12.816000	292.391330
12.757500	288.318533
12.693000	284.260841
12.619500	280.186380
12.534000	276.169763
12.426000	272.122563
12.277500	268.096518
12.021000	264.090846
11.497500	260.086872
11.181000	256.075471
11.023500	252.051144
10.917000	248.004933
10.836000	243.963784
10.770000	239.913626
10.714500	235.903061
10.665000	231.813316
10.621500	227.790708
10.581000	223.662676
10.543500	219.492509
10.509000	215.344460
10.477500	211.283184
10.447500	207.160936
10.419000	203.005428
10.392000	198.845711
10.366500	194.711868
10.342500	190.634557
10.318500	186.372638
10.296000	182.206780
10.275000	178.168131
10.254000	173.982792
10.234500	169.964104
10.215000	165.817250
10.195500	161.541562
10.177500	157.479866
10.159500	153.307321
10.141500	149.023364
10.125000	144.997999
10.108500	140.877961
10.092000	136.662672
10.075500	132.351513
10.060500	128.348542
10.045500	124.265312
10.030500	120.101338
10.015500	115.856160
10.000500	111.529360
9.985500	107.120580
9.972000	103.082352
0.000000	0.000000
& cycle # 4, chisq = 480.589298, e = 47.181666
15.000000	441.212880
14.599500	437.200165
14.112000	433.153681
14.020500	429.086483
13.956000	425.007605
13.903500	420.911932
13.858500	416.845023
13.818000	412.760969
13.780500	408.643246
13.746000	404.590048
13.713000	400.493254
13.681500	396.397430
13.651500	392.342459
13.621500	388.152084
13.593000	384.061323
13.564500	379.880156
13.537500	375.851505
13.510500	371.772426
13.483500	367.657356
13.456500	363.519727
13.429500	359.371883
13.402500	355.225334
13.375500	351.091205
13.348500	346.980686
13.321500	342.905316
13.294500	338.876981
13.266000	334.689079
13.237500	330.580439
13.209000	326.563411
13.179000	322.445597
13.147500	318.254823
13.116000	314.209173
13.083000	310.134336
13.048500	306.060559
13.012500	302.020530
12.973500	297.895955
12.931500	293.757017
12.886500	289.678333
12.837000	285.616943
12.781500	281.578560
12.717000	277.532996
12.639000	273.501826
12.535500	269.459736
12.369000	265.452244
11.452500	261.451231
11.112000	257.416233
10.987500	253.393641
10.903500	249.324090
10.839000	245.240190
10.786500	241.183867
10.741500	237.115429
10.702500	233.106060
10.666500	228.977746
10.633500	224.811577
10.603500	220.690776
10.575000	216.468204
10.549500	212.425069
10.525500	208.382072
10.503000	204.374831
10.480500	200.150438
10.459500	196.005448
10.440000	191.976512
10.420500	187.769547
10.402500	183.724355
10.384500	179.520373
10.366500	175.154453
10.350000	171.007589
10.333500	166.720093
10.318500	162.698713
10.303500	158.558201
10.288500	154.297356
10.273500	149.915085
10.260000	145.866398
10.246500	141.717886
10.233000	137.468932
10.219500	133.118958
10.206000	128.667416
10.194000	124.624793
10.182000	120.501133
10.170000	116.296072
10.158000	112.009240
10.146000	107.640263
10.134000	103.188757
0.000000	0.000000
& cycle # 8, chisq = 399.565862, e = 47.181666
15.000000	414.283760
13.983000	410.278482
13.747500	406.265269
13.627500	402.236126
13.536000	398.232358
13.456500	394.177571
13.384500	390.112192
13.318500	386.105751
13.255500	382.086052
13.194000	378.038550
13.134000	374.022918
13.074000	369.977879
13.014000	365.934946
12.954000	361.930873
12.892500	357.909339
12.828000	353.819636
12.762000	349.793197
12.693000	345.767525
12.619500	341.703607
12.541500	337.669773
12.457500	333.657967
12.366000	329.653663
12.265500	325.651222
12.153000	321.628150
12.027000	317.604441
11.889000	313.595899
11.740500	309.581443
11.589000	305.578034
11.443500	301.565643
11.308500	297.535011
11.188500	293.525803
11.082000	289.492684
10.987500	285.473621
10.902000	281.426150
10.825500	277.414667
10.755000	273.344464
10.690500	269.281711
10.630500	265.201535
10.575000	261.163844
10.522500	257.104191
10.473000	253.052782
10.426500	249.038817
10.381500	244.953850
10.338000	240.812475
10.297500	236.785400
10.258500	232.753180
10.221000	228.736736
10.183500	224.587789
10.147500	220.483661
10.113000	216.441514
10.078500	212.293821
10.045500	208.227889
10.012500	204.065276
9.981000	200.001452
9.949500	195.849630
9.919500	191.814858
9.889500	187.703588
9.859500	183.519122
9.831000	179.480049
9.802500	175.383299
9.774000	171.233724
9.745500	167.036263
9.718500	163.019813
9.691500	158.968189
9.664500	154.884430
9.637500	150.770988
9.610500	146.629784
9.583500	142.462346
9.556500	138.270027
9.529500	134.054258
9.504000	130.052757
9.478500	126.033869
9.453000	122.000124
9.427500	117.954693
9.402000	113.901366
9.376500	109.844470
9.351000	105.788708
9.325500	101.738957
0.000000	0.000000
& cycle # 3, chisq = 1057.159246, e = 56.105019
15.000000	441.212880
14.590500	437.194926
13.959000	433.178529
13.812000	429.161975
13.725000	425.159646
13.656000	421.092204
13.597500	417.038803
13.545000	412.964223
13.497000	408.919786
13.452000	404.888832
13.408500	400.802947
13.366500	396.708304
13.326000	392.647181
13.285500	388.504720
13.246500	384.468609
13.207500	380.415301
13.168500	376.370878
13.129500	372.357541
13.089000	368.242874
13.048500	364.201139
13.006500	360.107320
12.963000	355.995563
12.918000	351.904686
12.871500	347.874692
12.822000	343.823396
12.769500	339.806336
12.712500	335.775722
12.649500	331.724796
12.579000	327.698203
12.496500	323.652837
12.396000	319.613269
12.265500	315.592536
12.070500	311.568683
11.734500	307.561477
11.382000	303.552750
11.187000	299.543788
11.065500	295.513017
10.977000	291.469280
10.906500	287.385103
10.848000	283.286959
10.798500	279.232415
10.755000	275.168978
10.716000	271.089426
10.680000	266.929010
10.647000	262.760771
10.617000	258.660403
10.588500	254.476404
10.561500	250.240550
10.536000	245.985629
10.512000	241.745232
10.489500	237.553541
10.468500	233.445088
10.447500	229.140297
10.428000	224.961268
10.410000	220.943601
10.392000	216.767954
10.374000	212.430271
10.357500	208.308370
10.341000	204.044123
10.326000	200.041679
10.311000	195.917316
10.296000	191.669135
10.281000	187.295318
10.267500	183.250024
10.254000	179.100329
10.240500	174.845040
10.227000	170.482993
10.213500	166.013033
10.201500	161.948216
10.189500	157.796420
10.177500	153.556829
10.165500	149.228614
10.153500	144.810928
10.141500	140.302906
10.131000	136.283585
10.120500	132.193811
10.110000	128.032961
10.099500	123.800398
10.089000	119.495473
10.078500	115.117528
10.068000	110.665894
10.057500	106.139896
10.047000	101.538857
0.000000	0.000000
& cycle # 8, chisq = 525.453726, e = 56.105019
15.000000	427.357000
14.155500	423.354972
13.840500	419.318187
13.729500	415.313234
13.645500	411.248018
13.575000	407.171271
13.512000	403.070398
13.455000	399.045303
13.401000	394.999785
13.348500	390.885595
13.299000	386.878463
13.249500	382.787569
13.201500	378.780414
13.153500	374.768128
13.104000	370.653524
13.054500	366.586149
13.003500	362.470084
12.952500	358.458204
12.898500	354.355869
12.843000	350.323225
12.784500	346.291696
12.721500	342.209442
12.654000	338.140610
12.580500	334.081319
12.499500	330.062416
12.406500	326.001795
12.300000	321.988475
12.172500	317.959284
12.016500	313.944405
11.829000	309.936815
11.620500	305.928927
11.425500	301.914175
11.262000	297.884426
11.131500	293.867854
11.025000	289.853339
10.935000	285.831796
10.857000	281.786463
10.788000	277.698400
10.726500	273.602258
10.671000	269.512093
10.620000	265.408104
10.573500	261.365962
10.530000	257.314025
10.489500	253.295284
10.450500	249.190105
10.414500	245.186754
10.380000	241.150422
10.347000	237.101734
10.315500	233.062856
10.285500	229.056841
10.255500	224.895102
10.227000	220.797757
10.200000	216.787712
10.173000	212.653582
10.147500	208.635750
10.122000	204.508049
10.096500	200.270424
10.072500	196.181330
10.048500	191.994037
10.026000	187.978734
10.003500	183.876129
9.981000	179.685881
9.958500	175.407885
9.937500	171.336117
9.916500	167.188617
9.895500	162.966244
9.874500	158.670221
9.855000	154.616484
9.835500	150.502113
9.816000	146.328821
9.796500	142.098469
9.777000	137.813015
9.759000	133.810022
9.741000	129.763314
9.723000	125.674377
9.705000	121.544606
9.687000	117.375284
9.669000	113.167568
9.651000	108.922485
9.633000	104.640940
9.615000	100.323735
0.000000	0.000000
& cycle # 9, chisq = 691.792375, e = 56.105019
15.000000	478.906985
14.253000	474.905769
14.079000	470.879426
13.989000	466.830747
13.921500	462.754957
13.866000	458.699121
13.818000	454.680396
13.774500	450.647652
13.734000	446.579175
13.696500	442.558558
13.660500	438.483776
13.626000	434.395983
13.593000	430.334986
13.560000	426.145425
13.528500	422.045564
13.497000	417.866173
13.467000	413.828051
13.437000	409.747873
13.407000	405.638640
13.377000	401.512947
13.347000	397.383725
13.317000	393.264736
13.287000	389.170588
13.257000	385.116249
13.225500	380.917924
13.194000	376.794798
13.162500	372.759939
13.129500	368.639261
13.096500	364.637277
13.062000	360.589758
13.026000	356.524974
12.988500	352.474655
12.949500	348.473873
12.907500	344.419420
12.862500	340.377921
12.813000	336.297308
12.759000	332.274886
12.697500	328.220173
12.625500	324.153688
12.537000	320.098879
12.418500	316.094677
12.220500	312.094212
11.581500	308.093407
11.242500	304.092892
11.110500	300.068607
11.025000	296.019551
10.960500	291.959985
10.908000	287.874898
10.864500	283.869665
10.825500	279.736986
10.791000	275.608533
10.759500	271.417393
10.731000	267.253182
10.705500	263.209106
10.681500	259.113854
10.659000	255.008093
10.638000	250.933537
10.618500	246.932247
10.599000	242.713622
10.581000	238.619990
10.563000	234.328452
10.546500	230.215236
10.530000	225.925299
10.515000	221.867643
10.500000	217.655674
10.485000	213.285346
10.471500	209.213268
10.458000	205.006585
10.444500	200.662274
10.431000	196.177309
10.419000	192.070158
10.407000	187.847394
10.395000	183.506939
10.383000	179.046747
10.372500	175.044272
10.362000	170.947258
10.351500	166.754404
10.341000	162.464440
10.330500	158.076123
10.320000	153.588236
10.309500	148.999595
10.300500	144.985403
10.291500	140.895623
10.282500	136.729556
10.273500	132.486517
10.264500	128.165832
10.255500	123.766838
10.246500	119.288882
10.237500	114.731320
10.228500	110.093514
10.219500	105.374829
10.210500	100.574638
0.000000	0.000000
& cycle # 10, chisq = 489.120224, e = 56.105019
15.000000	489.994157
14.784000	485.968097
14.601000	481.951276
14.112000	477.909172
14.016000	473.891672
13.950000	469.875207
13.896000	465.794028
13.849500	461.708575
13.807500	457.584848
13.770000	453.579569
13.734000	449.470249
13.699500	445.308848
13.666500	441.141281
13.635000	437.009086
13.605000	432.950328
13.575000	428.789145
13.546500	424.758656
13.518000	420.670023
13.489500	416.539688
13.461000	412.382928
13.432500	408.213644
13.404000	404.044608
13.375500	399.888022
13.347000	395.756106
13.318500	391.661469
13.290000	387.617107
13.260000	383.428490
13.230000	379.324417
13.200000	375.317748
13.168500	371.227282
13.135500	367.080452
13.101000	362.905565
13.066500	358.902098
13.029000	354.752604
12.990000	350.668925
12.948000	346.544964
12.903000	342.450075
12.853500	338.335483
12.799500	334.303540
12.738000	330.264184
12.666000	326.231245
12.577500	322.214948
12.457500	318.204226
12.259500	314.202148
11.731500	310.201598
11.344500	306.179893
11.187000	302.153103
11.086500	298.095580
11.011500	294.050166
10.950000	289.950624
10.899000	285.932214
10.854000	281.861119
10.813500	277.732633
10.777500	273.663036
10.744500	269.580334
10.714500	265.561136
10.686000	261.459785
10.659000	257.310446
10.633500	253.148153
10.609500	249.008159
10.587000	244.925452
10.564500	240.642542
10.543500	236.459847
10.524000	232.411705
10.504500	228.201658
10.486500	224.168517
10.468500	219.991257
10.450500	215.666930
10.434000	211.571296
10.417500	207.347500
10.401000	202.993488
10.386000	198.920672
10.371000	194.737302
10.356000	190.442149
10.341000	186.034108
10.327500	181.969540
10.314000	177.812113
10.300500	173.561287
10.287000	169.216600
10.273500	164.777667
10.261500	160.752569
10.249500	156.652567
10.237500	152.477508
10.225500	148.227263
10.213500	143.901727
10.201500	139.500803
10.189500	135.024407
10.177500	130.472455
10.167000	126.427451
10.156500	122.324473
10.146000	118.163454
10.135500	113.944321
10.125000	109.666993
10.114500	105.331381
10.104000	100.937390
0.000000	0.000000
& cycle # 11, chisq = 490.036416, e = 56.105019
15.000000	414.283760
14.518500	410.274842
13.872000	406.264796
13.746000	402.255208
13.660500	398.253918
13.590000	394.165618
13.530000	390.160323
13.474500	386.075079
13.423500	382.040004
13.375500	378.027955
13.329000	373.973021
13.284000	369.924085
13.239000	365.789114
13.195500	361.745005
13.152000	357.685048
13.108500	353.634251
13.065000	349.614274
13.020000	345.510802
12.975000	341.488462
12.928500	337.445193
12.880500	333.419712
12.829500	329.331538
12.775500	325.231882
12.718500	321.170849
12.657000	317.106931
12.589500	313.041364
12.514500	309.019041
12.427500	304.982440
12.324000	300.972143
12.192000	296.943438
12.007500	292.926943
11.728500	288.913160
11.401500	284.894500
11.176500	280.865037
11.032500	276.822172
10.929000	272.796080
10.848000	268.757332
10.782000	264.741398
10.725000	260.655933
10.675500	256.586069
10.632000	252.570871
10.591500	248.434076
10.555500	244.410929
10.521000	240.228792
10.489500	236.113111
10.459500	231.913622
10.432500	227.887914
10.407000	223.861260
10.381500	219.606958
10.357500	215.386911
10.335000	211.233911
10.314000	207.181017
10.293000	202.953103
10.273500	198.866952
10.254000	194.623360
10.236000	190.563895
10.218000	186.365474
10.200000	182.025821
10.183500	177.921773
10.167000	173.695298
10.150500	169.344517
10.135500	165.279747
10.120500	161.109094
10.105500	156.830967
10.090500	152.443713
10.077000	148.400469
10.063500	144.266172
10.050000	140.039524
10.036500	135.719209
10.023000	131.303912
10.011000	127.298406
9.999000	123.215910
9.987000	119.055535
9.975000	114.816419
9.963000	110.497731
9.951000	106.098680
9.939000	101.618518
0.000000	0.000000
& cycle # 3, chisq = 514.113044, e = 52.506747
15.000000	441.212880
14.742000	437.203800
14.514000	433.176672
13.969500	429.175767
13.833000	425.111726
13.753500	421.027284
13.692000	416.949399
13.639500	412.840032
13.593000	408.737514
13.551000	404.687623
13.512000	400.665284
13.474500	396.588901
13.438500	392.508119
13.404000	388.464884
13.369500	384.312614
13.336500	380.258955
13.303500	376.146468
13.270500	371.997735
13.237500	367.835912
13.204500	363.683335
13.171500	359.560335
13.138500	355.484689
13.105500	351.471850
13.071000	347.358849
13.036500	343.344847
13.000500	339.278202
12.963000	335.192558
12.924000	331.125337
12.883500	327.115618
12.840000	323.066228
12.793500	319.041284
12.742500	314.990247
12.685500	310.909633
12.621000	306.853948
12.544500	302.795690
12.448500	298.769174
12.312000	294.741918
12.037500	290.735839
11.317500	286.727400
11.104500	282.684733
10.995000	278.655088
10.918500	274.630790
10.858500	270.577811
10.809000	266.522620
10.767000	262.504562
10.729500	258.420275
10.696500	254.405247
10.666500	250.389230
10.638000	246.231594
10.612500	242.213613
10.588500	238.162314
10.566000	234.116096
10.545000	230.113925
10.524000	225.885154
10.504500	221.747876
10.486500	217.742487
10.468500	213.552247
10.452000	209.543809
10.435500	205.370601
10.419000	201.028107
10.404000	196.929717
10.389000	192.684408
10.374000	188.288932
10.360500	184.201990
10.347000	179.988597
10.333500	175.646570
10.320000	171.173793
10.308000	167.086572
10.296000	162.893032
10.284000	158.591821
10.272000	154.181626
10.260000	149.661164
10.249500	145.614323
10.239000	141.481277
10.228500	137.261216
10.218000	132.953334
10.207500	128.556833
10.197000	124.070916
10.186500	119.494786
10.176000	114.827642
10.167000	110.754180
10.158000	106.612744
10.149000	102.402815
0.000000	0.000000
& cycle # 8, chisq = 373.757983, e = 52.506747
15.000000	427.357000
14.641500	423.348907
14.100000	419.348371
13.860000	415.341465
13.764000	411.274710
13.693500	407.253612
13.633500	403.150645
13.581000	399.074456
13.533000	394.990414
13.488000	390.892934
13.446000	386.868458
13.405500	382.832702
13.366500	378.826933
13.327500	374.729117
13.290000	370.728118
13.252500	366.694808
13.215000	362.656170
13.177500	358.636971
13.138500	354.500368
13.099500	350.427584
13.059000	346.284387
13.018500	342.247718
12.976500	338.194758
12.933000	334.162449
12.886500	330.061003
12.837000	325.951221
12.784500	321.892069
12.727500	317.836817
12.664500	313.778884
12.594000	309.762777
12.511500	305.748945
12.409500	301.718245
12.274500	297.694858
12.067500	293.686304
11.697000	289.676272
11.343000	285.669682
11.151000	281.645986
11.028000	277.594585
10.936500	273.524351
10.864500	269.520032
10.803000	265.429906
10.750500	261.381373
10.704000	257.324540
10.662000	253.252419
10.623000	249.104391
10.587000	244.946027
10.554000	240.843247
10.522500	236.655576
10.494000	232.628528
10.467000	228.596304
10.441500	224.587045
10.416000	220.375994
10.392000	216.222895
10.369500	212.158022
10.347000	207.923833
10.326000	203.816535
10.305000	199.557108
10.285500	195.464225
10.266000	191.237606
10.248000	187.216631
10.230000	183.080354
10.212000	178.828274
10.194000	174.459937
10.177500	170.353122
10.161000	166.147892
10.144500	161.843859
10.128000	157.440590
10.113000	153.351101
10.098000	149.178803
10.083000	144.923264
10.068000	140.584031
10.053000	136.160635
10.039500	132.107233
10.026000	127.984950
10.012500	123.793476
9.999000	119.532534
9.985500	115.201891
9.972000	110.801370
9.958500	106.330856
9.946500	102.298276
0.000000	0.000000
& cycle # 9, chisq = 438.488301, e = 52.506747
15.000000	478.906985
14.707500	474.880957
14.560500	470.868713
14.077500	466.842539
13.969500	462.799791
13.902000	458.735093
13.849500	454.680637
13.804500	450.582464
13.765500	446.582369
13.729500	442.538499
13.695000	438.363244
13.663500	434.309637
13.633500	430.249549
13.605000	426.227260
13.576500	422.060711
13.549500	417.996995
13.522500	413.836717
13.497000	409.833766
13.471500	405.772812
13.446000	401.666567
13.420500	397.527074
13.395000	393.365950
13.369500	389.194730
13.344000	385.025176
13.318500	380.869428
13.293000	376.739948
13.267500	372.649254
13.242000	368.609521
13.215000	364.400350
13.188000	360.273211
13.161000	356.238571
13.132500	352.089860
13.104000	348.062729
13.074000	343.963212
13.042500	339.821272
13.009500	335.669930
12.975000	331.545358
12.939000	327.486231
12.900000	323.379850
12.858000	319.301191
12.811500	315.198801
12.760500	311.184912
12.702000	307.176987
12.631500	303.140828
12.541500	299.138196
12.405000	295.110619
11.967000	291.108597
11.200500	287.081531
11.065500	283.031959
10.981500	278.990553
10.918500	274.943277
10.867500	270.896237
10.824000	266.816658
10.786500	262.782648
10.752000	258.610332
10.722000	254.597389
10.693500	250.433796
10.668000	246.403913
10.644000	242.336870
10.621500	238.273183
10.600500	234.253658
10.579500	230.007909
10.560000	225.856488
10.542000	221.840507
10.524000	217.643025
10.507500	213.631691
10.491000	209.459874
10.474500	205.123701
10.459500	201.035840
10.444500	196.806048
10.429500	192.431461
10.416000	188.368213
10.402500	184.183414
10.389000	179.875129
10.375500	175.441496
10.363500	171.393813
10.351500	167.244484
10.339500	162.992370
10.327500	158.636392
10.315500	154.175531
10.303500	149.608828
10.293000	145.525429
10.282500	141.359736
10.272000	137.111211
10.261500	132.779346
10.251000	128.363656
10.240500	123.863683
10.230000	119.278987
10.219500	114.609147
10.210500	110.538348
10.201500	106.404443
10.192500	102.207184
0.000000	0.000000
& cycle # 10, chisq = 349.728363, e = 52.506747
15.000000	489.994157
14.733000	485.972472
14.613000	481.971602
14.194500	477.966675
14.020500	473.959617
13.945500	469.923676
13.890000	465.850977
13.845000	461.843734
13.804500	457.704843
13.768500	453.619355
13.735500	449.555155
13.704000	445.406242
13.674000	441.224477
13.645500	437.057532
13.618500	432.949234
13.593000	428.939328
13.567500	424.817647
13.542000	420.599319
13.518000	416.554757
13.494000	412.451163
13.470000	408.300869
13.446000	404.115577
13.422000	399.906395
13.398000	395.684036
13.374000	391.459075
13.350000	387.242195
13.326000	383.044320
13.302000	378.876601
13.278000	374.750254
13.254000	370.676264
13.230000	366.665061
13.204500	362.482631
13.179000	358.391994
13.152000	354.170377
13.125000	350.069952
13.096500	345.881140
13.068000	341.842661
13.038000	337.761255
13.006500	333.670685
12.973500	329.607590
12.937500	325.442970
12.900000	321.408738
12.859500	317.402717
12.814500	313.374011
12.763500	309.327979
12.703500	305.237201
12.631500	301.214016
12.535500	297.194511
12.375000	293.184302
11.332500	289.182809
11.118000	285.151728
11.019000	281.136768
10.950000	277.112690
10.896000	273.086070
10.851000	269.040248
10.812000	264.960338
10.777500	260.862468
10.746000	256.687890
10.717500	252.531189
10.692000	248.489480
10.668000	244.394211
10.645500	240.287826
10.624500	236.213382
10.603500	231.897402
10.584000	227.666436
10.566000	223.564293
10.548000	219.267971
10.531500	215.154509
10.515000	210.869154
10.500000	206.820620
10.485000	202.623255
10.470000	198.273804
10.456500	194.226579
10.443000	190.051179
10.429500	185.745278
10.416000	181.306590
10.404000	177.247807
10.392000	173.080814
10.380000	168.804131
10.368000	164.416329
10.356000	159.916036
10.345500	155.884967
10.335000	151.765925
10.324500	147.558106
10.314000	143.260744
10.303500	138.873111
10.293000	134.394513
10.282500	129.824293
10.272000	125.161826
10.263000	121.091553
10.254000	116.952713
10.245000	112.744960
10.236000	108.467964
10.227000	104.121404
0.000000	0.000000
& cycle # 11, chisq = 346.478384, e = 52.506747
15.000000	414.283760
14.634000	410.278828
14.124000	406.277667
13.852500	402.237873
13.756500	398.209873
13.684500	394.126072
13.624500	390.033516
13.572000	385.966640
13.524000	381.891980
13.479000	377.803450
13.437000	373.786335
13.396500	369.756042
13.357500	365.754073
13.318500	361.659283
13.279500	357.500476
13.242000	353.469978
13.204500	349.435803
13.167000	345.422318
13.128000	341.292525
13.089000	337.227361
13.048500	333.093496
13.008000	329.068660
12.966000	325.031791
12.922500	321.021010
12.876000	316.948068
12.826500	312.874209
12.774000	308.858863
12.717000	304.858282
12.652500	300.781831
12.579000	296.717659
12.492000	292.681560
12.382500	288.670503
12.228000	284.650819
11.947500	280.643699
11.436000	276.639433
11.166000	272.610356
11.025000	268.580891
10.927500	264.519591
10.852500	260.450034
10.791000	256.358887
10.738500	252.243931
10.693500	248.209884
10.653000	244.145920
10.615500	239.992143
10.581000	235.818803
10.549500	231.697540
10.519500	227.482303
10.492500	223.434775
10.467000	219.381424
10.443000	215.353502
10.419000	211.111327
10.396500	206.933150
10.375500	202.852652
10.354500	198.592966
10.335000	194.473479
10.315500	190.192875
10.297500	186.096136
10.279500	181.857743
10.263000	177.846541
10.246500	173.713457
10.230000	169.457260
10.213500	165.076772
10.198500	160.985689
10.183500	156.790081
10.168500	152.489080
10.153500	148.081799
10.140000	144.023617
10.126500	139.877906
10.113000	135.643944
10.099500	131.320981
10.086000	126.908246
10.072500	122.404946
10.060500	118.325332
10.048500	114.172956
10.036500	109.947252
10.024500	105.647663
10.012500	101.273647
0.000000	0.000000
& cycle # 3, chisq = 432.067239, e = 50.439664
15.000000	441.212880
14.683500	437.182124
14.539500	433.150987
14.085000	429.150042
13.894500	425.148016
13.812000	421.096282
13.750500	417.008530
13.699500	412.928186
13.654500	408.821041
13.614000	404.736950
13.576500	400.651474
13.540500	396.481346
13.507500	392.470223
13.474500	388.302517
13.443000	384.198836
13.413000	380.194240
13.383000	376.112134
13.353000	371.969286
13.323000	367.783548
13.293000	363.573922
13.264500	359.570608
13.234500	355.371009
13.204500	351.204484
13.174500	347.087897
13.144500	343.036041
13.113000	338.865311
13.081500	334.793319
13.048500	330.646652
13.015500	326.635396
12.981000	322.601042
12.945000	318.580080
12.906000	314.457553
12.865500	310.446951
12.820500	306.323075
12.772500	302.311464
12.718500	298.269071
12.657000	294.255994
12.583500	290.252520
12.487500	286.222335
12.340500	282.210597
11.560500	278.209220
11.107500	274.189295
10.987500	270.134991
10.909500	266.048267
10.851000	261.987530
10.803000	257.885389
10.762500	253.804812
10.726500	249.648949
10.695000	245.568839
10.666500	241.494871
10.639500	237.279592
10.615500	233.226391
10.593000	229.151917
10.572000	225.098712
10.551000	220.793653
10.531500	216.561647
10.513500	212.447308
10.495500	208.126418
10.479000	203.978226
10.462500	199.645217
10.447500	195.541143
10.432500	191.275693
10.417500	186.844764
10.404000	182.712072
10.390500	178.439104
10.377000	174.022967
10.365000	169.975024
10.353000	165.809765
10.341000	161.525277
10.329000	157.119696
10.317000	152.591200
10.306500	148.526542
10.296000	144.365259
10.285500	140.106217
10.275000	135.748306
10.264500	131.290438
10.254000	126.731544
10.243500	122.070573
10.234500	117.993425
10.225500	113.839875
10.216500	109.609279
10.207500	105.301001
10.198500	100.914403
0.000000	0.000000
& cycle # 8, chisq = 364.516825, e = 50.439664
15.000000	427.357000
14.739000	423.343001
14.529000	419.340005
13.998000	415.336752
13.851000	411.303608
13.770000	407.259884
13.707000	403.162190
13.654500	399.121274
13.608000	395.087989
13.564500	390.959431
13.524000	386.841450
13.486500	382.824545
13.450500	378.810827
13.414500	374.667136
13.380000	370.595887
13.345500	366.448405
13.312500	362.431422
13.279500	358.388018
13.246500	354.340846
13.213500	350.311914
13.179000	346.141123
13.144500	342.032085
13.110000	338.001644
13.074000	333.895625
13.036500	329.743223
12.999000	325.735049
12.958500	321.587672
12.916500	317.505791
12.871500	313.398482
12.823500	309.333651
12.771000	305.265646
12.712500	301.192076
12.646500	297.163747
12.568500	293.152019
12.469500	289.140231
12.327000	285.115446
12.037500	281.106539
11.353500	277.090906
11.127000	273.074791
11.008500	269.074347
10.924500	265.045530
10.858500	260.995115
10.804500	256.991567
10.758000	252.979660
10.716000	248.863003
10.678500	244.762416
10.644000	240.614354
10.612500	236.496596
10.584000	232.486914
10.557000	228.428966
10.531500	224.355794
10.507500	220.300797
10.485000	216.297521
10.462500	212.092719
10.441500	207.980975
10.420500	203.683391
10.401000	199.522235
10.381500	195.193173
10.363500	191.045199
10.345500	186.748910
10.329000	182.678493
10.312500	178.480123
10.296000	174.152468
10.281000	170.105060
10.266000	165.949065
10.251000	161.683797
10.236000	157.308650
10.222500	153.276618
10.209000	149.154774
10.195500	144.942769
10.182000	140.640266
10.168500	136.246930
10.155000	131.762419
10.143000	127.699362
10.131000	123.563730
10.119000	119.355254
10.107000	115.073656
10.095000	110.718645
10.083000	106.289924
10.071000	101.787189
0.000000	0.000000
& cycle # 9, chisq = 392.534461, e = 50.439664
15.000000	478.906985
14.700000	474.905140
14.557500	470.900581
14.094000	466.897379
13.990500	462.879875
13.926000	458.807974
13.876500	454.780529
13.834500	450.736313
13.797000	446.649368
13.762500	442.509198
13.731000	438.426604
13.701000	434.284311
13.672500	430.132793
13.645500	426.018240
13.620000	421.982779
13.594500	417.815759
13.570500	413.787079
13.546500	409.668522
13.522500	405.473902
13.498500	401.216980
13.476000	397.181397
13.453500	393.113265
13.431000	389.022583
13.408500	384.918973
13.386000	380.811864
13.363500	376.710680
13.341000	372.624983
13.318500	368.564517
13.296000	364.539146
13.272000	360.295161
13.248000	356.113844
13.224000	352.006061
13.200000	347.981682
13.174500	343.806860
13.149000	339.744888
13.122000	335.575257
13.095000	331.547951
13.066500	327.458389
13.036500	323.340027
13.005000	319.229275
12.972000	315.165345
12.936000	311.022999
12.897000	306.884250
12.855000	302.833633
12.808500	298.831695
12.754500	294.794474
12.690000	290.775940
12.606000	286.732906
12.477000	282.732601
11.286000	278.732496
11.076000	274.719610
10.983000	270.645400
10.918500	266.545888
10.869000	262.517482
10.827000	258.398380
10.791000	254.292613
10.759500	250.223168
10.731000	246.128684
10.705500	242.112325
10.681500	238.011720
10.659000	233.872158
10.638000	229.740147
10.618500	225.662579
10.599000	221.345201
10.581000	217.140202
10.564500	213.094724
10.548000	208.861505
10.533000	204.845932
10.518000	200.667129
10.503000	196.321173
10.489500	192.263632
10.476000	188.064599
10.462500	183.721179
10.449000	179.230482
10.437000	175.112797
10.425000	170.874494
10.413000	166.513615
10.401000	162.028241
10.390500	157.999938
10.380000	153.873656
10.369500	149.648205
10.359000	145.322427
10.348500	140.895205
10.338000	136.365459
10.327500	131.732150
10.318500	127.677557
10.309500	123.545539
10.300500	119.335512
10.291500	115.046916
10.282500	110.679210
10.273500	106.231873
10.264500	101.704403
0.000000	0.000000
& cycle # 10, chisq = 352.048178, e = 50.439664
15.000000	489.994157
14.985000	485.589110
14.968500	481.528402
14.947500	477.369423
14.920500	473.363564
14.878500	469.354509
14.731500	465.353932
14.086500	461.352916
13.996500	457.317320
13.933500	453.287284
13.882500	449.231324
13.839000	445.196526
13.800000	441.136714
13.764000	437.032733
13.731000	432.984596
13.699500	428.878211
13.669500	424.759654
13.641000	420.671620
13.614000	416.653667
13.587000	412.508476
13.561500	408.490649
13.536000	404.387070
13.510500	400.212021
13.485000	395.979540
13.461000	391.955596
13.437000	387.903277
13.413000	383.832723
13.389000	379.753835
13.365000	375.676538
13.341000	371.610981
13.317000	367.567626
13.293000	363.557162
13.267500	359.344059
13.242000	355.192641
13.216500	351.114558
13.189500	346.888131
13.162500	342.766378
13.135500	338.758314
13.107000	334.659234
13.077000	330.498632
13.045500	326.308659
13.012500	322.124461
12.978000	317.984236
12.942000	313.928567
12.903000	309.847884
12.861000	305.821157
12.814500	301.803538
12.760500	297.699537
12.697500	293.631796
12.619500	289.586753
12.511500	285.579355
12.294000	281.571979
11.199000	277.566715
11.055000	273.521755
10.971000	269.507791
10.908000	265.417085
10.857000	261.284563
10.815000	257.247207
10.777500	253.104382
10.744500	249.002833
10.714500	244.878392
10.687500	240.826125
10.662000	236.688951
10.638000	232.508605
10.615500	228.327731
10.594500	224.189190
10.575000	220.135491
10.555500	215.872845
10.537500	211.747495
10.519500	207.434276
10.503000	203.311334
10.486500	199.022728
10.471500	194.977083
10.456500	190.788623
10.441500	186.454578
10.428000	182.427218
10.414500	178.277804
10.401000	174.004468
10.387500	169.605413
10.375500	165.588213
10.363500	161.469181
10.351500	157.247233
10.339500	152.921350
10.327500	148.490581
10.315500	143.954039
10.305000	139.897152
10.294500	135.758146
10.284000	131.536551
10.273500	127.231931
10.263000	122.843882
10.252500	118.372034
10.242000	113.816041
10.231500	109.175583
10.222500	105.130593
10.213500	101.023150
0.000000	0.000000
& cycle # 11, chisq = 354.798140, e = 50.439664
15.000000	379.925929
14.367000	375.924396
14.175000	371.910193
14.071500	367.853696
13.993500	363.832824
13.927500	359.777329
13.869000	355.712965
13.815000	351.595529
13.765500	347.529014
13.719000	343.473176
13.674000	339.356278
13.630500	335.224427
13.588500	331.115849
13.548000	327.059837
13.507500	322.925804
13.468500	318.886123
13.429500	314.806651
13.390500	310.707561
13.351500	306.609009
13.312500	302.528562
13.273500	298.480231
13.234500	294.475516
13.194000	290.374940
13.153500	286.347733
13.111500	282.266367
13.068000	278.160905
13.023000	274.062979
12.976500	270.002478
12.927000	265.884876
12.876000	261.872089
12.820500	257.782356
12.760500	253.704740
12.694500	249.651525
12.619500	245.599834
12.531000	241.550338
12.420000	237.533991
12.252000	233.518661
11.392500	229.511635
11.142000	225.503078
11.002500	221.482960
10.896000	217.440032
10.807500	213.380256
10.731000	209.323774
10.663500	205.316564
10.600500	201.220079
10.542000	197.112094
10.488000	193.058003
10.437000	188.991781
10.389000	184.947738
10.342500	180.825684
10.299000	176.787571
10.257000	172.724892
10.216500	168.659520
10.177500	164.612105
10.140000	160.600886
10.102500	156.474060
10.066500	152.403263
10.032000	148.400316
9.997500	144.295612
9.964500	140.272194
9.931500	136.152460
9.900000	132.129922
9.868500	128.020330
9.837000	123.825686
9.807000	119.754333
9.777000	115.611337
9.747000	111.399608
9.718500	107.337111
9.690000	103.216435
0.000000	0.000000
& cycle # 1, chisq = 482.022978, e = 41.956395
15.000000	381.345955
14.547000	377.339149
14.049000	373.336306
13.953000	369.292372
13.885500	365.283172
13.830000	361.243047
13.782000	357.228987
13.738500	353.203196
13.698000	349.147757
13.659000	344.984222
13.623000	340.936827
13.588500	336.896151
13.554000	332.721489
13.521000	328.627222
13.488000	324.457481
13.456500	320.426712
13.425000	316.363974
13.393500	312.285191
13.362000	308.205951
13.330500	304.142323
13.299000	300.111189
13.266000	295.941869
13.233000	291.846760
13.200000	287.843591
13.165500	283.772998
13.129500	279.664691
13.092000	275.549158
13.053000	271.458250
13.012500	267.426368
12.969000	263.355385
12.922500	259.315847
12.871500	255.268418
12.814500	251.220351
12.748500	247.139917
12.670500	243.105867
12.570000	239.062285
12.418500	235.044931
11.847000	231.044915
11.079000	227.036318
10.932000	222.997615
10.839000	218.984536
10.768500	214.943537
10.711500	210.931135
10.662000	206.842817
10.618500	202.747444
10.579500	198.648384
10.543500	194.484158
10.510500	190.328180
10.480500	186.254481
10.452000	182.111740
10.425000	177.931841
10.399500	173.747909
10.375500	169.593932
10.353000	165.504261
10.330500	161.221463
10.309500	157.046824
10.290000	153.014812
10.270500	148.831240
10.251000	144.494635
10.233000	140.354675
10.215000	136.082329
10.198500	132.049005
10.182000	127.903129
10.165500	123.644090
10.149000	119.271259
10.134000	115.196658
10.119000	111.026947
10.104000	106.761572
10.089000	102.399954
0.000000	0.000000
& cycle # 2, chisq = 428.947219, e = 41.956395
15.000000	414.283760
14.559000	410.262202
14.451000	406.204803
14.371500	402.195582
14.304000	398.134431
14.244000	394.045050
14.190000	390.017253
14.139000	385.930298
14.091000	381.845332
14.046000	377.825933
14.002500	373.788893
13.960500	369.766033
13.918500	365.629962
13.878000	361.542374
13.839000	357.525223
13.800000	353.443458
13.761000	349.312376
13.723500	345.305053
13.686000	341.270599
13.648500	337.214459
13.611000	333.143242
13.573500	329.066501
13.536000	324.996229
13.498500	320.944587
13.461000	316.921517
13.422000	312.775116
13.383000	308.672180
13.344000	304.617994
13.303500	300.467549
13.263000	296.389133
13.221000	292.249104
13.179000	288.212046
13.135500	284.147979
13.090500	280.074481
13.044000	276.009319
12.996000	271.974180
12.945000	267.879403
12.891000	263.776947
12.834000	259.720761
12.772500	255.665212
12.705000	251.595163
12.630000	247.543220
12.544500	243.542227
12.439500	239.523319
12.297000	235.518009
11.980500	231.514578
11.205000	227.492653
11.049000	223.474090
10.939500	219.467914
10.849500	215.394718
10.773000	211.388919
10.704000	207.357128
10.641000	203.331045
10.582500	199.300012
10.527000	195.224043
10.474500	191.158593
10.425000	187.157570
10.377000	183.140790
10.330500	179.136484
10.284000	175.033203
10.239000	170.977095
10.194000	166.845145
10.150500	162.787404
10.107000	158.678321
10.065000	154.675733
10.023000	150.654362
9.981000	146.631141
9.939000	142.622570
9.895500	138.501703
9.852000	134.424864
9.808500	130.401634
9.763500	126.304191
9.718500	122.280661
9.672000	118.211758
9.624000	114.122073
9.574500	110.043233
9.523500	106.012390
9.469500	101.958847
0.000000	0.000000
& cycle # 3, chisq = 485.389894, e = 41.956395
15.000000	389.922768
14.739000	385.901830
14.575500	381.880407
14.070000	377.872430
13.962000	373.815550
13.891500	369.752439
13.836000	365.722596
13.788000	361.662467
13.744500	357.550336
13.705500	353.537854
13.668000	349.410265
13.633500	345.398946
13.600500	341.390237
13.567500	337.235999
13.536000	333.157523
13.504500	328.991178
13.474500	324.961232
13.444500	320.888388
13.414500	316.788649
13.384500	312.677244
13.354500	308.569357
13.324500	304.480685
13.294500	300.427554
13.264500	296.426537
13.233000	292.299106
13.201500	288.263757
13.168500	284.150757
13.134000	279.990421
13.099500	275.984736
13.063500	271.980512
13.024500	267.856530
12.984000	263.822121
12.940500	259.784379
12.892500	255.696972
12.840000	251.673969
12.780000	247.637629
12.709500	243.620653
12.621000	239.602474
12.493500	235.574906
12.186000	231.572355
11.059500	227.563478
10.920000	223.548607
10.833000	219.540750
10.767000	215.477325
10.713000	211.375109
10.668000	207.357645
10.627500	203.235194
10.591500	199.139011
10.558500	195.004913
10.528500	190.914260
10.500000	186.719903
10.474500	182.700690
10.450500	178.678496
10.426500	174.415404
10.404000	170.192517
10.383000	166.047634
10.363500	162.018291
10.344000	157.811195
10.326000	153.766899
10.308000	149.565596
10.290000	145.204959
10.273500	141.065929
10.257000	136.789745
10.242000	132.782126
10.227000	128.659050
10.212000	124.419600
10.197000	120.062889
10.183500	116.040873
10.170000	111.922542
10.156500	107.707258
10.143000	103.394376
0.000000	0.000000
& cycle # 4, chisq = 417.458592, e = 41.956395
15.000000	347.794316
14.571000	343.793826
13.929000	339.791602
13.782000	335.775614
13.692000	331.725599
13.621500	327.680543
13.561500	323.659237
13.507500	319.632228
13.456500	315.522147
13.408500	311.420455
13.363500	307.401193
13.320000	303.386766
13.276500	299.280023
13.234500	295.262835
13.192500	291.228636
13.150500	287.207432
13.107000	283.083231
13.063500	279.024489
13.018500	274.919895
12.972000	270.807792
12.924000	266.732660
12.873000	262.623617
12.819000	258.546979
12.760500	254.465548
12.696000	250.378500
12.624000	246.336497
12.540000	242.319878
12.435000	238.307810
12.288000	234.297464
11.997000	230.295433
11.170500	226.292041
10.944000	222.277679
10.827000	218.254851
10.746000	214.234168
10.683000	210.214251
10.630500	206.165920
10.585500	202.126836
10.545000	197.995120
10.509000	193.890982
10.476000	189.742471
10.446000	185.626813
10.419000	181.624331
10.393500	177.570092
10.369500	173.499184
10.347000	169.448312
10.324500	165.161862
10.303500	160.941316
10.284000	156.826313
10.264500	152.517420
10.246500	148.363581
10.228500	144.036418
10.212000	139.914299
10.195500	135.640313
10.180500	131.620538
10.165500	127.470435
10.150500	123.187631
10.135500	118.769694
10.122000	114.675942
10.108500	110.468831
10.095000	106.146438
10.081500	101.706799
0.000000	0.000000
& cycle # 6, chisq = 472.804071, e = 41.956395
