22.000000	345.056003
21.942800	340.991514
21.887800	336.847388
21.835000	332.681716
21.784400	328.527500
21.736000	324.434191
21.689800	320.429816
21.643600	316.339139
21.597400	312.184161
21.553400	308.182978
21.509400	304.144503
21.465400	300.076606
21.421400	295.994378
21.377400	291.913053
21.333400	287.841360
21.289400	283.783596
21.245400	279.745997
21.201400	275.739316
21.155200	271.578722
21.109000	267.475415
21.062800	263.433941
21.014400	259.269297
20.966000	255.181416
20.917600	251.179966
20.867000	247.099759
20.814200	242.961850
20.761400	238.948097
20.706400	234.899220
20.649200	230.834817
20.589800	226.780405
20.528200	222.763353
20.462200	218.673501
20.391800	214.549173
20.319200	210.547016
20.240000	206.472698
20.154200	202.405872
20.059600	198.328018
19.956200	194.324587
19.837400	190.277568
19.698800	186.270095
19.527200	182.251450
19.296200	178.241645
18.900200	174.228782
13.424400	170.226461
12.104400	166.217607
11.446600	162.203843
10.938400	158.199227
10.650200	154.185911
10.359800	150.160223
10.047400	146.134711
9.719600	142.128109
9.332400	138.124686
8.830800	134.110958
7.766000	130.109631
3.759800	126.090586
3.462800	122.073399
3.271400	118.043650
3.126200	114.024655
3.005200	109.963350
2.901800	105.921892
2.809400	101.820558
0.000000	0.000000
& cycle # 3, chisq = 155091.623551, e = 34.613512
22.000000	407.978436
21.788800	403.937761
21.720600	399.842863
21.670000	395.773768
21.628200	391.765399
21.590800	387.713104
21.555600	383.522592
21.522600	379.282401
21.491800	375.071702
21.463200	370.961512
21.434600	366.677953
21.408200	362.586884
21.381800	358.379229
21.355400	354.068264
21.331200	350.036275
21.307000	345.936963
21.282800	341.779714
21.258600	337.574390
21.234400	333.331306
21.210200	329.060961
21.186000	324.773623
21.161800	320.478919
21.137600	316.185564
21.113400	311.901292
21.089200	307.632981
21.065000	303.386911
21.040800	299.169068
21.016600	294.985385
20.992400	290.841870
20.968200	286.744591
20.944000	282.699536
20.917600	278.352995
20.891200	274.082068
20.864800	269.892465
20.838400	265.788810
20.812000	261.774704
20.783400	257.530360
20.754800	253.397215
20.726200	249.377767
20.695400	245.179073
20.664600	241.118134
20.631600	236.923365
20.598600	232.893244
20.563400	228.778188
20.526000	224.614392
20.486400	220.437881
20.444600	216.283600
20.400600	212.185295
20.354400	208.176160
20.303800	204.120374
20.248800	200.096640
20.187200	196.046374
20.116800	191.971760
20.035400	187.930815
19.936400	183.870137
19.808800	179.823710
19.621800	175.816964
19.192800	171.812391
11.726000	167.812340
11.079200	163.811381
10.780000	159.805833
10.549000	155.798609
10.302600	151.787552
10.045200	147.785939
9.759200	143.761698
9.372000	139.754480
7.462400	135.754242
5.684800	131.732662
5.471400	127.674504
5.346000	123.593362
5.253600	119.530338
5.178800	115.466408
5.115000	111.377936
5.060000	107.343485
5.009400	103.177229
0.000000	0.000000
& cycle # 4, chisq = 158136.548243, e = 34.613512
22.000000	311.017312
21.982400	306.918744
21.962600	302.474072
21.942800	298.205402
21.923000	294.100291
21.901000	289.723957
21.879000	285.540028
21.854800	281.150566
21.830600	276.969779
21.804200	272.634424
21.777800	268.526895
21.749200	264.324653
21.718400	260.069833
21.685400	255.799443
21.650200	251.551567
21.612800	247.367367
21.573200	243.283986
21.529200	239.129083
21.480800	234.977085
21.428000	230.902798
21.368600	226.836301
21.300400	222.759116
21.221200	218.697986
21.126600	214.656565
21.007800	210.592318
20.853800	206.580990
20.633800	202.570087
20.281800	198.551741
19.703200	194.541042
19.003600	190.532267
18.321600	186.524439
17.450400	182.523635
15.061200	178.513295
14.557400	174.500339
14.190000	170.481758
13.875400	166.469158
13.574000	162.455021
13.274800	158.431753
12.949200	154.414264
12.575200	150.396542
12.040600	146.385754
9.994600	142.382896
9.090400	138.376144
8.333600	134.368640
4.217400	130.367055
3.333000	126.364325
3.060200	122.350851
2.873200	118.302993
2.728000	114.259586
2.607000	110.227459
2.501400	106.184685
2.406800	102.114789
0.000000	0.000000
& cycle # 5, chisq = 154553.367244, e = 34.613512
22.000000	345.879931
21.986800	341.631998
21.973600	337.557154
21.958200	333.017172
21.942800	328.696543
21.927400	324.579937
21.909800	320.111228
21.892200	315.883425
21.872400	311.399856
21.852600	307.184903
21.830600	302.791503
21.808600	298.680694
21.784400	294.463115
21.758000	290.199746
21.729400	285.943483
21.698600	281.736991
21.665600	277.616699
21.628200	273.379515
21.588600	269.338814
21.544600	265.315067
21.494000	261.197855
21.436800	257.091812
21.373000	253.082467
21.298200	248.988046
21.212400	244.894605
21.115600	240.855197
21.005600	236.783688
20.886800	232.780321
20.759200	228.776525
20.625000	224.737112
20.488600	220.736202
20.347800	216.676927
20.207000	212.674819
20.061800	208.665515
19.910000	204.644844
19.747200	200.625372
19.564600	196.612567
19.344600	192.602790
19.021200	188.583141
17.454800	184.578996
16.942200	180.574644
16.563800	176.557359
16.176600	172.542170
15.626600	168.533048
13.560800	164.525058
12.953600	160.514221
12.379400	156.511724
10.903200	152.510956
8.038800	148.505758
7.730800	144.501450
7.528400	140.467756
7.374400	136.437392
7.246800	132.377220
7.136800	128.328695
7.037800	124.238734
6.949800	120.232737
6.868400	116.200436
6.791400	112.085017
6.721000	108.061396
6.652800	103.927181
0.000000	0.000000
& cycle # 6, chisq = 165679.215867, e = 34.613512
22.000000	321.768990
21.947200	317.682943
21.898800	313.654604
21.852600	309.597445
21.808600	305.564452
21.764600	301.396485
21.722800	297.343231
21.681000	293.213828
21.639200	289.027762
21.597400	284.812497
21.557800	280.811449
21.516000	276.591767
21.474200	272.388269
21.432400	268.219121
21.390600	264.103140
21.348800	260.053302
21.304800	255.869496
21.260800	251.774025
21.214600	247.580559
21.168400	243.510698
21.120000	239.391254
21.069400	235.247359
21.016600	231.101367
20.961600	226.978888
20.904400	222.911728
20.842800	218.789829
20.776800	214.667064
20.706400	210.589453
20.629400	206.493161
20.545800	202.467051
20.451200	198.415671
20.343400	194.386820
20.215800	190.340179
20.059600	186.333085
19.852800	182.304616
19.542600	178.285475
18.909000	174.284444
12.544400	170.282223
11.589600	166.269133
11.068200	162.269111
10.775600	158.244436
10.535800	154.235568
10.267400	150.211424
9.979200	146.184474
9.638200	142.167961
9.147600	138.160805
6.127000	134.157453
5.673800	130.150446
5.460400	126.104769
5.313000	122.081565
5.196400	118.050988
5.097400	113.960585
5.011600	109.861260
4.936800	105.829774
4.868600	101.759651
0.000000	0.000000
& cycle # 7, chisq = 156296.819587, e = 34.613512
22.000000	469.649211
21.986800	464.896299
21.973600	460.505189
21.960400	456.458085
21.945000	452.143550
21.927400	447.705332
21.907600	443.286667
21.885600	439.026503
21.859200	434.716911
21.828400	430.641176
21.786600	426.467619
21.722800	422.408532
21.260800	418.404118
20.917600	414.398253
20.066200	410.396394
19.791200	406.365519
19.661400	402.354537
19.564600	398.288749
19.485400	394.235306
19.417200	390.216133
19.355600	386.172003
19.298400	382.072902
19.245600	378.002101
19.195000	373.848944
19.148800	369.848273
19.102600	365.656652
19.058600	361.496546
19.016800	357.402526
18.975000	353.180800
18.935400	349.073409
18.895800	344.870591
18.858400	340.821782
18.821000	336.703125
18.783600	332.521489
18.746200	328.283546
18.711000	324.249457
18.675800	320.177228
18.640600	316.073019
18.605400	311.943425
18.570200	307.795456
18.535000	303.636445
18.499800	299.473870
18.464600	295.315151
18.429400	291.167431
18.394200	287.037405
18.359000	282.931208
18.323800	278.854380
18.288600	274.811921
18.253400	270.808407
18.216000	266.602157
18.178600	262.449769
18.141200	258.356335
18.103800	254.327113
18.064200	250.136913
18.024600	246.031378
17.985000	242.016993
17.943200	237.885220
17.901400	233.868208
17.857400	229.769566
17.811200	225.614295
17.762800	221.428051
17.714400	217.415116
17.663800	213.406666
17.608800	209.267640
17.551600	205.205496
17.490000	201.109604
17.424000	197.044379
17.351400	192.959330
17.272200	188.958525
17.179800	184.868956
17.072000	180.832330
16.937800	176.811047
16.748600	172.805512
16.282200	168.804158
14.696000	164.801793
13.956800	160.798260
11.301400	156.797315
9.299400	152.790689
8.819800	148.779442
8.575600	144.777767
8.393000	140.739990
8.243400	136.708584
8.111400	132.651437
7.992600	128.641579
7.880400	124.559389
7.777000	120.550851
7.678000	116.509461
7.583400	112.495294
7.491000	108.472686
7.398600	104.390384
7.308400	100.378849
0.000000	0.000000
& cycle # 2, chisq = 231828.601578, e = 34.695878
22.000000	345.056003
21.938400	340.977406
21.879000	336.839825
21.821800	332.692226
21.766800	328.562838
21.714000	324.495606
21.661200	320.331714
21.610600	316.267054
21.560000	312.150687
21.509400	307.988593
21.461000	303.970815
21.412600	299.932983
21.364200	295.890070
21.315800	291.848369
21.267400	287.810965
21.219000	283.786097
21.168400	279.605938
21.117800	275.466442
21.067200	271.373138
21.016600	267.328151
20.963800	263.164399
20.911000	259.069947
20.858200	255.056310
20.803200	250.968307
20.746000	246.818760
20.688800	242.774136
20.629400	238.691045
20.567800	234.593612
20.504000	230.505869
20.438000	226.445673
20.369800	222.426318
20.297200	218.343931
20.220200	214.243048
20.138800	210.171894
20.053000	206.169198
19.958400	202.081981
19.857200	198.078489
19.742800	194.011824
19.613000	189.958052
19.463400	185.952730
19.278600	181.922890
19.032200	177.913125
18.620800	173.906476
13.455200	169.906093
12.001000	165.901162
11.365200	161.890951
10.903200	157.887393
10.628200	153.876839
10.344400	149.875170
10.040800	145.873507
9.717400	141.866883
9.330200	137.858470
8.813200	133.846291
5.759600	129.845896
3.821400	125.823078
3.548600	121.820559
3.363800	117.773057
3.223000	113.771685
3.104200	109.698102
3.003000	105.685752
2.912800	101.653235
0.000000	0.000000
& cycle # 3, chisq = 154691.383253, e = 34.695878
22.000000	407.978436
21.786600	403.940335
21.720600	399.870541
21.670000	395.682452
21.628200	391.541881
21.590800	387.348610
21.557800	383.290857
21.527000	379.219988
21.498400	375.211493
21.469800	371.001493
21.443400	366.954181
21.417000	362.769431
21.390600	358.463496
21.366400	354.422766
21.342200	350.303453
21.318000	346.115676
21.293800	341.869521
21.269600	337.575416
21.245400	333.244237
21.221200	328.887135
21.197000	324.515163
21.172800	320.138840
21.148600	315.767803
21.124400	311.410640
21.100200	307.074937
21.076000	302.767492
21.051800	298.494614
21.027600	294.262404
21.003400	290.076947
20.979200	285.944358
20.955000	281.870698
20.930800	277.861786
20.904400	273.568552
20.878000	269.364787
20.851600	265.255429
20.825200	261.244292
20.796600	257.013011
20.768000	252.903000
20.737200	248.614869
20.706400	244.472187
20.673400	240.197637
20.640400	236.095465
20.605200	231.912353
20.567800	227.687168
20.528200	223.459238
20.486400	219.266756
20.442400	215.145678
20.396200	211.129669
20.345600	207.082456
20.288400	202.931109
20.224600	198.806279
20.152000	194.719702
20.066200	190.644040
19.960600	186.597902
19.819800	182.583674
19.591000	178.575641
18.026800	174.574968
14.117400	170.571721
11.787600	166.571263
10.863600	162.549381
10.586400	158.538757
10.324600	154.531649
10.067200	150.506170
9.807600	146.481965
9.501800	142.479151
9.083800	138.471364
6.582400	134.470857
5.618800	130.468189
5.460400	126.456651
5.354800	122.438551
5.273400	118.428793
5.205200	114.360383
5.145800	110.224803
5.095200	106.222460
5.049000	102.149690
0.000000	0.000000
& cycle # 4, chisq = 157709.872186, e = 34.695878
22.000000	311.017312
21.982400	306.597410
21.964800	302.369931
21.947200	298.332451
21.927400	294.001779
21.907600	289.882926
21.885600	285.547518
21.863600	281.454554
21.839400	277.212791
21.813000	272.874702
21.786600	268.821754
21.758000	264.735714
21.727200	260.664567
21.694200	256.647586
21.656800	252.487210
21.615000	248.289538
21.568800	244.152996
21.516000	239.990686
21.456600	235.925775
21.386200	231.836023
21.302600	227.828405
21.197000	223.784785
21.058400	219.770528
20.862600	215.733133
20.574400	211.721438
20.180600	207.719803
19.758200	203.703765
19.375400	199.703483
19.023400	195.692233
18.678000	191.680036
18.304000	187.658413
17.817800	183.646987
15.710200	179.639293
15.045800	175.622455
14.632200	171.621008
14.271400	167.604520
13.923800	163.598977
13.543200	159.593335
13.070200	155.590947
11.627000	151.590857
10.177200	147.586163
9.642600	143.583240
9.136600	139.566424
8.544800	135.561617
6.072000	131.561613
3.619000	127.542317
3.322000	123.517368
3.124000	119.511267
2.967800	115.473100
2.838000	111.448468
2.725800	107.432780
2.624600	103.372761
0.000000	0.000000
& cycle # 5, chisq = 154747.792542, e = 34.695878
22.000000	345.879931
21.986800	341.818191
21.971400	337.354903
21.956000	333.176703
21.938400	328.727232
21.920800	324.597240
21.901000	320.306546
21.879000	315.950491
21.854800	311.614504
21.828400	307.370396
21.799800	303.282416
21.766800	299.151489
21.729400	295.129885
21.683200	290.969243
21.628200	286.958042
21.555600	282.881472
21.454400	278.808528
21.302600	274.805585
21.067200	270.776009
20.801000	266.759835
20.585400	262.750586
20.416000	258.714090
20.277400	254.686177
20.156400	250.612520
20.048600	246.564537
19.949600	242.513044
19.857200	238.476201
19.769200	234.449927
19.683400	230.395708
19.599800	226.355237
19.516200	222.259846
19.432600	218.154322
19.349000	214.088852
19.263200	210.003526
19.175200	205.941087
19.082800	201.849839
18.986000	197.801205
18.882600	193.801121
18.766000	189.743125
18.631800	185.691547
18.469000	181.680972
18.238000	177.673192
16.990600	173.672853
16.282200	169.663810
15.879600	165.644912
15.490200	161.628031
15.012800	157.627152
9.156400	153.627103
8.120200	149.609261
7.832000	145.591590
7.636200	141.551904
7.484400	137.526993
7.359000	133.508171
7.249000	129.423331
7.152200	125.385550
7.064200	121.349617
6.982800	117.297842
6.908000	113.293669
6.837600	109.269664
6.771600	105.266710
6.707800	101.184133
0.000000	0.000000
& cycle # 6, chisq = 171519.579335, e = 34.695878
22.000000	429.613507
21.995600	423.287563
21.991200	417.107643
21.986800	411.073032
21.982400	405.181128
21.978000	399.428654
21.973600	393.812279
21.969200	388.328898
21.964800	382.975705
21.960400	377.750163
21.956000	372.649937
21.951600	367.672809
21.947200	362.816617
21.942800	358.079199
21.938400	353.458367
21.934000	348.951895
21.929600	344.557519
21.925200	340.272947
21.920800	336.095880
21.916400	332.024024
21.909800	326.108560
21.903200	320.417251
21.896600	314.942903
21.890000	309.678638
21.883400	304.617900
21.876800	299.754425
21.870200	295.082200
21.863600	290.595410
21.857000	286.288398
21.850400	282.155619
21.841600	276.906860
21.832800	271.945428
21.824000	267.258819
21.815200	262.834786
21.806400	258.661399
21.795400	253.779582
21.784400	249.249791
21.773400	245.051588
21.760200	240.424380
21.747000	236.215739
21.731600	231.795802
21.714000	227.337758
21.694200	223.006462
21.672200	218.948701
21.643600	214.699150
21.606200	210.584618
21.546800	206.567568
21.137600	202.559914
20.959400	198.508041
20.836200	194.506342
20.719600	190.450905
20.598600	186.438818
20.455600	182.436533
20.244400	178.424794
18.948600	174.420333
16.810200	170.414111
14.194400	166.411398
11.473000	162.401993
10.969200	158.375147
10.718400	154.369657
10.487400	150.337854
10.223400	146.335404
9.911000	142.312474
9.273000	138.312209
7.642800	134.311385
6.448200	130.293326
6.270000	126.256670
6.168800	122.158310
6.096200	118.111596
6.036800	113.973387
5.986200	109.778305
5.942200	105.574567
5.904800	101.558806
0.000000	0.000000
& cycle # 1, chisq = 160611.555868, e = 33.914190
22.000000	345.056003
21.973600	340.933203
21.945000	336.858922
21.912000	332.609887
21.876800	328.556601
21.837200	324.519902
21.791000	320.405020
21.738200	316.376301
21.674400	312.288728
21.597400	308.243558
21.500600	304.191146
21.377400	300.145891
21.223400	296.140778
21.043000	292.134954
20.856000	288.107392
20.682200	284.083873
20.528200	280.056436
20.391800	276.031106
20.270800	272.029441
20.158600	267.947121
20.055200	263.872078
19.958400	259.779487
19.868200	255.734828
19.782400	251.706233
19.698800	247.633567
19.617400	243.541742
19.538200	239.453935
19.461200	235.399708
19.384200	231.294287
19.309400	227.282594
19.234600	223.266424
19.159800	219.259656
19.082800	215.160818
19.005800	211.110393
18.926600	207.022778
18.845200	202.931902
18.761600	198.867013
18.675800	194.852468
18.585600	190.818825
18.491000	186.818178
18.387600	182.746693
18.275400	178.708754
18.150000	174.665356
18.007000	170.651746
17.833200	166.637596
17.597800	162.621653
17.157800	158.615672
14.942400	154.614878
12.137400	150.612936
10.890000	146.598114
10.474200	142.581960
10.027600	138.572223
9.539200	134.570633
8.896800	130.566212
5.339400	126.566186
3.564000	122.548244
3.253800	118.536085
3.053600	114.505699
2.901800	110.476741
2.778600	106.451336
2.673000	102.391195
0.000000	0.000000
& cycle # 3, chisq = 172341.441178, e = 33.914190
22.000000	407.978436
21.775600	403.927345
21.714000	399.758260
21.667800	395.536015
21.630400	391.442637
21.597400	387.355285
21.566600	383.161289
21.538000	378.957789
21.511600	374.829757
21.485200	370.481091
21.461000	366.317538
21.436800	362.001074
21.414800	357.958174
21.392800	353.814481
21.370800	349.581314
21.348800	345.269327
21.326800	340.888724
21.304800	336.449572
21.285000	332.412701
21.265200	328.344295
21.245400	324.252156
21.225600	320.144154
21.205800	316.028064
21.186000	311.911387
21.166200	307.801195
21.146400	303.704019
21.126600	299.625821
21.106800	295.572021
21.087000	291.547587
21.065000	287.116057
21.043000	282.732532
21.021000	278.402885
20.999000	274.132899
20.977000	269.928279
20.955000	265.794565
20.933000	261.737010
20.908800	257.367391
20.884600	253.101346
20.860400	248.943528
20.836200	244.897609
20.809800	240.614736
20.783400	236.470930
20.757000	232.468067
20.728400	228.292338
20.699800	224.285208
20.669000	220.159872
20.636000	215.959927
20.600800	211.731604
20.563400	207.522536
20.523800	203.380006
20.482000	199.349086
20.435800	195.287023
20.383000	191.125559
20.323600	187.021204
20.255400	183.010694
20.169600	178.934102
20.053000	174.876757
19.850600	170.864427
18.218200	166.862872
12.067000	162.862721
10.865800	158.839233
10.586400	154.833627
10.324600	150.801671
10.073800	146.793688
9.825200	142.769835
9.541400	138.752909
9.185000	134.735879
7.552600	130.734365
5.792600	126.732179
5.339400	122.696920
5.192000	118.668346
5.090800	114.596232
5.011600	110.484132
4.945600	106.335362
4.890600	102.318258
0.000000	0.000000
& cycle # 4, chisq = 160670.961413, e = 33.914190
22.000000	311.017312
21.986800	306.975601
21.971400	302.396979
21.956000	297.967336
21.940600	293.681523
21.925200	289.531510
21.909800	285.513518
21.892200	281.081462
21.874600	276.816430
21.857000	272.711614
21.837200	268.275557
21.817400	264.023570
21.797600	259.949791
21.775600	255.626773
21.753600	251.510582
21.729400	247.210070
21.705200	243.134017
21.678800	238.928667
21.650200	234.642789
21.621600	230.625079
21.590800	226.583195
21.557800	222.559457
21.520400	218.352605
21.480800	214.273770
21.436800	210.159775
21.388400	206.102977
21.333400	202.029159
21.269600	197.926325
21.194800	193.851152
21.104600	189.839830
20.988000	185.823799
20.823000	181.817798
20.532600	177.817712
18.570200	173.817375
15.318600	169.816337
14.278000	165.810537
11.490600	161.806703
10.896600	157.788636
10.619400	153.780840
10.351000	149.775530
10.080400	145.775221
9.812000	141.769885
9.510600	137.743972
9.169600	133.726787
8.709800	129.720207
7.524000	125.719380
4.380200	121.705601
4.048000	117.705271
3.821400	113.684694
3.643200	109.657323
3.491400	105.617882
3.357200	101.571999
0.000000	0.000000
& cycle # 5, chisq = 157520.645691, e = 33.914190
22.000000	345.879931
21.984600	341.645545
21.969200	337.645382
21.951600	333.350135
21.934000	329.328267
21.914200	325.104345
21.892200	320.761094
21.870200	316.760847
21.846000	312.720601
21.819600	308.699879
21.788800	304.468874
21.755800	300.429490
21.718400	296.391242
21.674400	292.261906
21.623800	288.208241
21.562200	284.095095
21.487400	280.027477
21.395000	276.013654
21.276200	271.948664
21.131000	267.914612
20.966000	263.869429
20.801000	259.852384
20.647000	255.812879
20.508400	251.771354
20.383000	247.720340
20.268600	243.657074
20.163000	239.609904
20.064000	235.581364
19.969400	231.534069
19.879200	227.521491
19.791200	223.504772
19.703200	219.428953
19.617400	215.428142
19.529400	211.327051
19.441400	207.269304
19.351200	203.205675
19.258800	199.188661
19.162000	195.172375
19.058600	191.133026
18.946400	187.094108
18.821000	183.066285
18.673600	179.022268
18.488800	174.996564
18.205000	170.984333
16.682600	166.978653
16.150200	162.966348
15.754200	158.963401
15.347200	154.947230
14.808200	150.946743
8.696600	146.945936
7.953000	142.936656
7.651600	138.935448
7.442600	134.916511
7.279800	130.886079
7.143400	126.848238
7.024600	122.823618
6.916800	118.737220
6.820000	114.689021
6.732000	110.682301
6.648400	106.584907
6.571400	102.565173
0.000000	0.000000
& cycle # 6, chisq = 172692.028208, e = 33.914190
22.000000	469.649211
21.984600	465.229912
21.969200	461.228541
21.951600	457.133374
21.931800	453.078443
21.907600	448.829686
21.879000	444.694331
21.841600	440.508034
21.788800	436.444836
21.672200	432.414420
21.040800	428.387604
20.211400	424.385712
19.905600	420.352557
19.775800	416.335081
19.681200	412.328050
19.602000	408.221696
19.533800	404.118801
19.474400	400.117701
19.419400	396.065374
19.368800	392.051179
19.320400	387.963757
19.274200	383.843806
19.230200	379.728527
19.188400	375.652220
19.148800	371.646751
19.109200	367.508412
19.071800	363.485244
19.034400	359.358529
18.997000	355.136782
18.961800	351.084572
18.926600	346.963639
18.891400	342.781346
18.856200	338.544722
18.823200	334.529447
18.790200	330.477426
18.757200	326.393642
18.724200	322.283019
18.691200	318.150554
18.658200	314.001446
18.625200	309.841170
18.592200	305.675503
18.559200	301.510477
18.526200	297.352284
18.493200	293.207131
18.460200	289.081085
18.427200	284.979915
18.394200	280.908977
18.361200	276.873137
18.326000	272.611830
18.290800	268.400120
18.255600	264.242239
18.220400	260.142096
18.185200	256.103456
18.147800	251.883999
18.110400	247.742854
18.073000	243.684811
18.033400	239.484066
17.993800	235.387685
17.952000	231.182888
17.910200	227.105935
17.866200	222.957449
17.820000	218.763457
17.773800	214.737866
17.725400	210.702360
17.674800	206.682316
17.619800	202.542580
17.562600	198.490419
17.501000	194.414664
17.435000	190.378723
17.362400	186.331786
17.281000	182.273014
17.188600	178.251301
17.078600	174.214117
16.940000	170.168455
16.744200	166.164874
16.253600	162.161906
13.893000	158.160223
11.343200	154.158622
9.240000	150.157282
8.349000	146.141400
7.887000	142.131559
7.431600	138.124954
5.966400	134.121324
5.469200	130.101753
5.271200	126.078026
5.130400	122.036371
5.018200	117.999504
4.923600	113.969046
4.840000	109.897603
4.765200	105.835548
4.697000	101.780634
0.000000	0.000000
& cycle # 2, chisq = 197015.224838, e = 35.127884
22.000000	345.056003
21.940600	341.029226
21.881200	336.913958
21.824000	332.878988
21.766800	328.769455
21.711800	324.764911
21.656800	320.702745
21.601800	316.593843
21.546800	312.452229
21.494000	308.443372
21.441200	304.406817
21.388400	300.357550
21.335600	296.304391
21.282800	292.247428
21.230000	288.190364
21.177200	284.145371
21.124400	280.124901
21.069400	275.968689
21.014400	271.846183
20.959400	267.762800
20.904400	263.730392
20.847200	259.603864
20.790000	255.552964
20.730600	251.428209
20.671200	247.390346
20.609600	243.304830
20.545800	239.196968
20.479800	235.089951
20.411600	231.000468
20.341200	226.943887
20.268600	222.942920
20.191600	218.915800
20.110200	214.910322
20.022200	210.867236
19.927600	206.844840
19.824200	202.835821
19.707600	198.806263
19.573400	194.778891
19.412800	190.750755
19.206000	186.749494
18.889200	182.736396
14.861000	178.736108
13.604800	174.725403
13.061400	170.713523
12.625800	166.703705
12.232000	162.689630
11.829400	158.685591
11.411400	154.680639
10.945000	150.672855
10.619400	146.662442
10.216800	142.653718
9.669000	138.652769
8.276400	134.651915
3.280200	130.645658
2.983200	126.637878
2.798400	122.633002
2.659800	118.618670
2.545400	114.550484
2.448600	110.503077
2.362800	106.398047
2.288000	102.394035
0.000000	0.000000
& cycle # 3, chisq = 143495.983927, e = 35.127884
22.000000	407.978436
21.813000	403.929350
21.753600	399.882022
21.709600	395.878238
21.672200	391.809867
21.639200	387.735582
21.608400	383.550834
21.579800	379.358798
21.553400	375.246159
21.527000	370.917220
21.502800	366.774337
21.478600	362.480243
21.456600	358.459444
21.434600	354.340702
21.412600	350.137005
21.390600	345.860729
21.368600	341.523405
21.346600	337.135761
21.324600	332.707970
21.304800	328.696854
21.285000	324.668553
21.265200	320.630460
21.245400	316.590070
21.225600	312.554880
21.205800	308.532229
21.186000	304.529125
21.164000	300.112076
21.142000	295.735316
21.120000	291.406040
21.098000	287.130605
21.076000	282.914700
21.054000	278.763547
21.032000	274.682094
21.010000	270.675134
20.985800	266.359112
20.961600	262.144934
20.937400	258.038258
20.911000	253.686787
20.884600	249.474759
20.858200	245.406355
20.829600	241.164259
20.801000	237.096078
20.770200	232.910339
20.737200	228.650379
20.704200	224.622180
20.669000	220.579629
20.631600	216.569855
20.589800	212.432054
20.543600	208.271326
20.493000	204.192565
20.435800	200.149263
20.367600	196.053914
20.284000	192.003314
20.169600	187.956691
19.962800	183.938410
18.429400	179.936824
14.269200	175.929098
13.569600	171.923103
12.936000	167.917153
10.894400	163.916734
10.513800	159.908503
10.192600	155.908456
9.904400	151.905693
9.592000	147.882235
9.200400	143.876704
7.482200	139.870379
6.765000	135.857750
5.478000	131.846937
5.264600	127.821694
5.148000	123.801270
5.062200	119.722297
4.994000	115.664979
4.936800	111.627642
4.886200	107.523765
4.842200	103.516272
0.000000	0.000000
& cycle # 4, chisq = 148831.333246, e = 35.127884
22.000000	311.017312
21.980200	306.633536
21.960400	302.472869
21.938400	298.102999
21.916400	293.977898
21.892200	289.709601
21.865800	285.360494
21.839400	281.307010
21.810800	277.221530
21.780000	273.154500
21.744800	268.900277
21.707400	264.796337
21.665600	260.659758
21.619400	256.583811
21.566600	252.493981
21.505000	248.375334
21.432400	244.270314
21.344400	240.191034
21.234400	236.146330
21.089200	232.096633
20.891200	228.086434
20.616200	224.061351
20.279600	220.058167
19.938600	216.053387
19.628400	212.052199
19.346800	208.048593
19.080600	204.044591
18.816600	200.011851
18.541600	195.993442
18.231400	191.972000
17.826600	187.959118
15.967600	183.955781
15.217400	179.946315
14.823600	175.944933
14.506800	171.933191
14.216400	167.926316
13.937000	163.912096
13.646600	159.901115
13.334200	155.892639
12.960200	151.892199
12.434400	147.886153
10.256400	143.881421
9.075000	139.881224
4.536400	135.880395
3.654200	131.875012
3.357200	127.857638
3.157000	123.834946
3.000800	119.816175
2.871000	115.809707
2.758800	111.800468
2.657600	107.729078
2.567400	103.728603
0.000000	0.000000
& cycle # 5, chisq = 143098.378157, e = 35.127884
22.000000	345.879931
21.986800	341.725544
21.971400	337.136151
21.956000	332.814439
21.940600	328.744115
21.923000	324.376868
21.905400	320.294468
21.885600	316.022717
21.863600	311.646169
21.841600	307.624038
21.817400	303.570405
21.791000	299.551785
21.760200	295.345355
21.725000	291.099355
21.685400	286.935220
21.639200	282.768238
21.586400	278.766578
21.520400	274.668969
21.439000	270.641401
21.333400	266.602704
21.197000	262.590302
21.027600	258.564897
20.842800	254.529183
20.664600	250.477878
20.504000	246.426261
20.361000	242.415969
20.231200	238.414609
20.108000	234.342351
19.991400	230.282919
19.879200	226.233311
19.769200	222.204149
19.659200	218.192594
19.547000	214.177881
19.430400	210.162769
19.305000	206.127530
19.166400	202.102396
19.005800	198.086426
18.799000	194.071156
18.438200	190.069462
17.030200	186.055280
16.671600	182.046413
16.396600	178.032290
16.141400	174.018418
15.881800	169.992321
15.587000	165.989039
15.186600	161.980169
13.024000	157.977846
8.824200	153.977582
7.917800	149.955965
7.645000	145.951932
7.458000	141.900179
7.315000	137.892411
7.194000	133.818795
7.088400	129.730201
6.996000	125.726690
6.910200	121.632474
6.833200	117.632202
6.760600	113.567365
6.692400	109.485985
6.628600	105.438808
6.567000	101.325187
0.000000	0.000000
& cycle # 6, chisq = 158461.994721, e = 35.127884
22.000000	345.056003
21.971400	340.818203
21.940600	336.651233
21.907600	332.592103
21.870200	328.450848
21.828400	324.330473
21.782200	320.309573
21.727200	316.155290
21.663400	312.037640
21.588600	307.974892
21.498400	303.919063
21.388400	299.847689
21.256400	295.799078
21.104600	291.758111
20.941800	287.710069
20.781200	283.670083
20.631600	279.645655
20.495200	275.635701
20.369800	271.598654
20.255400	267.572618
20.149800	263.565314
20.050800	259.556455
19.956200	255.491259
19.866000	251.411000
19.780200	247.368359
19.696600	243.297871
19.615200	239.220442
19.536000	235.155804
19.459000	231.130472
19.382000	227.057750
19.305000	222.961727
19.228000	218.859846
19.151000	214.764820
19.074000	210.691430
18.997000	206.660789
18.917800	202.585835
18.836400	198.497391
18.752800	194.421322
18.667000	190.379277
18.576800	186.298860
18.482200	182.229831
18.381000	178.146495
18.273200	174.125414
18.154400	170.089772
18.020200	166.028359
17.864000	161.982651
17.670400	157.969029
17.397600	153.962717
16.607800	149.962229
14.036000	145.960861
11.059400	141.956281
10.601800	137.947602
10.170600	133.930900
9.710800	129.927860
9.103600	125.917832
4.547400	121.916768
3.674000	117.898503
3.379200	113.882589
3.181200	109.840629
3.029400	105.835118
2.901800	101.766322
0.000000	0.000000
& cycle # 3, chisq = 172819.092894, e = 33.182400
22.000000	407.978436
21.742600	403.968127
21.681000	399.894344
21.634800	395.733250
21.597400	391.687008
21.564400	387.635570
21.533600	383.466289
21.505000	379.277540
21.478600	375.157707
21.452200	370.813990
21.428000	366.653049
21.403800	362.337184
21.381800	358.292262
21.359800	354.143132
21.337800	349.900361
21.315800	345.574306
21.293800	341.175408
21.274000	337.162985
21.254200	333.108316
21.234400	329.019629
21.214600	324.905165
21.194800	320.773001
21.175000	316.630875
21.155200	312.486045
21.135400	308.345218
21.115600	304.214549
21.095800	300.099701
21.076000	296.005948
21.056200	291.938297
21.036400	287.901596
21.016600	283.900611
20.994600	279.502701
20.972600	275.161097
20.950600	270.881999
20.928600	266.671280
20.906600	262.534339
20.884600	258.475973
20.860400	254.107411
20.836200	249.843395
20.812000	245.687496
20.787800	241.642515
20.761400	237.358918
20.735000	233.212370
20.708600	229.204972
20.680000	225.022873
20.651400	221.008498
20.620600	216.874861
20.587600	212.665411
20.552400	208.425375
20.515000	204.200334
20.475400	200.034744
20.433600	195.970918
20.387400	191.861960
20.336800	187.801901
20.279600	183.738047
20.213600	179.699068
20.134400	175.691695
20.031000	171.654564
19.877000	167.638638
19.177400	163.638633
14.106400	159.633315
13.305600	155.625045
11.169400	151.622300
10.599600	147.612028
10.247600	143.591877
9.928600	139.566740
9.583200	135.552469
9.108000	131.540096
7.286400	127.527696
6.685800	123.526634
5.456000	119.526273
5.260200	115.512969
5.148000	111.477687
5.064400	107.368289
4.998400	103.327396
0.000000	0.000000
& cycle # 4, chisq = 161793.364339, e = 33.182400
22.000000	311.017312
21.984600	306.882889
21.969200	302.867668
21.951600	298.427147
21.934000	294.136680
21.916400	289.987829
21.898800	285.978335
21.879000	281.632120
21.859200	277.453435
21.839400	273.433037
21.817400	269.142403
21.795400	265.031496
21.771200	260.711617
21.747000	256.595696
21.720600	252.325434
21.694200	248.270200
21.665600	244.105832
21.634800	239.875144
21.601800	235.621527
21.566600	231.383854
21.529200	227.193644
21.489600	223.078326
21.447800	219.066637
21.401600	215.003076
21.351000	210.962153
21.293800	206.852882
21.230000	202.774275
21.157400	198.708589
21.073800	194.688335
20.974800	190.681053
20.851600	186.621988
20.693200	182.581643
20.477600	178.577720
20.149800	174.573999
19.571200	170.568177
18.064200	166.567705
15.083200	162.567438
13.915000	158.567171
11.088000	154.562056
10.694200	150.555414
10.395000	146.531273
10.100200	142.515896
9.823000	138.506822
9.528200	134.492958
9.215800	130.476290
8.848400	126.462603
8.362200	122.450692
6.820000	118.450592
3.682800	114.442838
3.333000	110.421068
3.095400	106.403108
2.906200	102.372578
0.000000	0.000000
& cycle # 5, chisq = 157135.356620, e = 33.182400
22.000000	345.879931
21.986800	341.643137
21.971400	337.050888
21.956000	332.817662
21.938400	328.386727
21.920800	324.352739
21.901000	320.251399
21.879000	316.192799
21.852600	311.942492
21.821800	307.727912
21.784400	303.530056
21.738200	299.498866
21.672200	295.429326
21.555600	291.428616
20.653600	287.423337
20.295000	283.388100
20.125600	279.370961
20.000200	275.302603
19.899000	271.296089
19.808800	267.194295
19.727400	263.090829
19.652600	259.005364
19.582200	254.903297
19.516200	250.852650
19.452400	246.774411
19.390800	242.712585
19.331400	238.705218
19.272000	234.630600
19.212600	230.507723
19.153200	226.354775
19.096000	222.345462
19.036600	218.192753
18.977200	214.074689
18.917800	210.014965
18.856200	205.889003
18.794600	201.867420
18.730800	197.828015
18.664800	193.798685
18.594400	189.685309
18.521800	185.663694
18.442600	181.556409
18.356800	177.459804
18.262200	173.381480
18.156600	169.368125
18.031200	165.323090
17.872800	161.297336
17.635200	157.293484
16.196400	153.292783
15.494600	149.278962
14.894000	145.268661
8.929800	141.267944
7.838600	137.264743
7.524000	133.246287
7.312800	129.214283
7.147800	125.167771
7.009200	121.130315
6.888200	117.094378
6.780400	113.064646
6.681400	108.989956
6.591200	104.969970
6.505400	100.885400
0.000000	0.000000
& cycle # 6, chisq = 183681.166663, e = 33.182400
22.000000	321.768990
21.975800	317.499418
21.949400	313.252359
21.920800	309.087477
21.890000	305.054760
21.854800	300.963752
21.815200	296.928376
21.769000	292.869602
21.714000	288.805201
21.648000	284.795220
21.564400	280.756455
21.456600	276.748299
21.313600	272.725039
21.133200	268.697793
20.935200	264.668692
20.748200	260.621906
20.585400	256.584032
20.444600	252.576452
20.319200	248.534691
20.207000	244.519747
20.103600	240.503992
20.006800	236.477353
19.914400	232.403165
19.826400	228.342851
19.740600	224.249993
19.657000	220.160487
19.575600	216.101038
19.496400	212.100664
19.417200	208.081774
19.338000	204.078228
19.256600	200.008438
19.175200	196.005169
19.091600	191.983256
19.005800	187.977689
18.915600	183.936760
18.821000	179.921036
18.719800	175.900106
18.609800	171.866072
18.488800	167.857537
18.350200	163.856010
18.180800	159.819707
17.956400	155.802630
17.547200	151.794069
15.323000	147.787447
9.798800	143.786705
8.131200	139.781584
7.748400	135.777608
7.499800	131.749168
7.312800	127.710545
7.161000	123.695050
7.029000	119.637758
6.912400	115.580390
6.809000	111.573379
6.714400	107.547610
6.626400	103.487296
0.000000	0.000000
& cycle # 7, chisq = 174489.747896, e = 33.182400
22.000000	429.613507
21.984600	425.212281
21.967000	421.065800
21.945000	417.016556
21.912000	412.867914
21.824000	408.855531
21.601800	404.845056
21.549000	400.834524
21.509400	396.764124
21.476400	392.690139
21.447800	388.683423
21.421400	384.618797
21.397200	380.607094
21.373000	376.344052
21.351000	372.268925
21.329000	368.021062
21.307000	363.617734
21.287200	359.536554
21.267400	355.357329
21.247600	351.093827
21.227800	346.759997
21.208000	342.369751
21.188200	337.936723
21.168400	333.474053
21.148600	328.994221
21.128800	324.508965
21.109000	320.029268
21.089200	315.565421
21.069400	311.127117
21.049600	306.723563
21.029800	302.363576
21.010000	298.055636
20.990200	293.807902
20.970400	289.628175
20.950600	285.523828
20.930800	281.501715
20.908800	277.136719
20.886800	272.888504
20.864800	268.763520
20.840600	264.374687
20.816400	260.146985
20.792200	256.084650
20.765800	251.845226
20.739400	247.809082
20.710800	243.668072
20.680000	239.479071
20.647000	235.302272
20.611800	231.199918
20.572200	227.013424
20.528200	222.878553
20.477600	218.763566
20.418200	214.743379
20.341200	210.697320
20.224600	206.665924
19.492000	202.662104
19.137800	198.636449
18.889200	194.622029
18.620800	190.613506
18.070800	186.609814
16.753000	182.597688
16.304200	178.584169
15.600200	174.584052
13.811600	170.583597
12.751200	166.583287
11.013200	162.572475
9.856000	158.568297
9.600800	154.547145
9.482000	150.545681
9.396200	146.475744
9.328000	142.386245
9.270800	138.281222
9.222400	134.267814
9.178400	130.147633
9.138800	126.024792
9.103600	122.008517
9.070600	117.926300
9.039800	113.826649
9.011200	109.759427
8.982600	105.432491
8.956200	101.200512
0.000000	0.000000
& cycle # 1, chisq = 193501.877957, e = 34.667181
22.000000	345.056003
21.960400	340.968600
21.918600	336.929739
21.872400	332.755478
21.824000	328.676123
21.771200	324.517323
21.716200	320.477466
21.656800	316.389700
21.593000	312.272838
21.527000	308.269734
21.456600	304.222192
21.381800	300.132355
21.304800	296.106193
21.225600	292.101820
21.144200	288.100229
21.060600	284.083638
20.974800	280.015302
20.889000	275.979534
20.803200	271.969899
20.717400	267.965043
20.631600	263.947043
20.545800	259.920222
20.460000	255.890065
20.374200	251.848858
20.288400	247.793808
20.202600	243.739521
20.116800	239.702866
20.031000	235.688696
19.943000	231.597329
19.855000	227.547667
19.764800	223.465877
19.672400	219.375621
19.577800	215.290498
19.481000	211.229806
19.382000	207.229468
19.276400	203.163183
19.166400	199.160913
19.047600	195.112528
18.920000	191.109809
18.777000	187.086809
18.612000	183.045459
18.414000	179.025775
18.147800	175.015631
17.652800	171.010054
15.180000	167.006989
12.128600	163.002453
11.204600	158.998072
10.777800	154.980737
10.478600	150.953959
10.150800	146.939178
9.816400	142.927557
9.420400	138.913722
8.912200	134.907018
7.746200	130.905225
3.799400	126.899856
3.500200	122.874592
3.306600	118.846592
3.159200	114.803152
3.038200	110.765854
2.934800	106.744746
2.842400	102.656332
0.000000	0.000000
& cycle # 3, chisq = 159471.438966, e = 34.667181
22.000000	407.978436
21.786600	403.972679
21.718400	399.918270
21.667800	395.889403
21.623800	391.696903
21.586400	387.660565
21.551200	383.489848
21.518200	379.272096
21.487400	375.085862
21.458800	371.001575
21.430200	366.746893
21.403800	362.684818
21.377400	358.508002
21.351000	354.229344
21.326800	350.228028
21.302600	346.160288
21.278400	342.035472
21.254200	337.863428
21.230000	333.654429
21.205800	329.418869
21.181600	325.166839
21.157400	320.907738
21.133200	316.650035
21.109000	312.401235
21.084800	308.168037
21.060600	303.956606
21.036400	299.772865
21.012200	295.622726
20.988000	291.512187
20.963800	287.447293
20.939600	283.433983
20.913200	279.121236
20.886800	274.883083
20.860400	270.725059
20.834000	266.651620
20.805400	262.338186
20.776800	258.131490
20.748200	254.034304
20.717400	249.747298
20.686600	245.593319
20.655800	241.575508
20.622800	237.425179
20.587600	233.177533
20.552400	229.117074
20.515000	225.008088
20.475400	220.885487
20.433600	216.783195
20.389600	212.734225
20.341200	208.589916
20.288400	204.427668
20.231200	200.327156
20.167400	196.232415
20.094800	192.145571
20.011200	188.121662
19.910000	184.110076
19.778000	180.091062
19.580000	176.076307
19.093800	172.075848
11.719400	168.072947
11.061600	164.069618
10.764600	160.045310
10.531400	156.044145
10.280600	152.020291
10.021000	148.008467
9.730600	143.991374
9.334600	139.979217
7.295200	135.976371
5.673800	131.943915
5.484600	127.923288
5.365800	123.872543
5.275600	119.790191
5.203000	115.766167
5.139200	111.615717
5.084200	107.527555
5.035800	103.504517
0.000000	0.000000
& cycle # 4, chisq = 157820.228245, e = 34.667181
22.000000	311.017312
21.989000	306.883025
21.975800	302.111262
21.962600	297.542209
21.949400	293.169905
21.936200	288.983714
21.923000	284.974464
21.907600	280.512379
21.892200	276.274624
21.876800	272.252113
21.859200	267.904643
21.841600	263.807520
21.821800	259.479065
21.802000	255.431294
21.780000	251.244825
21.755800	246.994491
21.729400	242.749158
21.700800	238.569447
21.670000	234.509772
21.634800	230.377526
21.595200	226.309500
21.549000	222.242266
21.494000	218.203184
21.425800	214.189152
21.333400	210.130265
21.194800	206.101610
20.917600	202.090337
20.092600	198.085469
19.393000	194.081764
18.887000	190.080074
18.339200	186.077986
16.216200	182.076838
15.529800	178.059431
15.085400	174.057454
14.676200	170.038565
14.234000	166.036194
13.622400	162.028597
10.997800	158.025341
10.546800	154.009877
10.155200	150.009127
9.796600	146.003980
9.416000	141.985733
9.004600	137.976971
8.489800	133.967987
7.631800	129.966890
3.883000	125.958551
3.306600	121.938324
3.000800	117.927379
2.780800	113.884415
2.607000	109.839861
2.461800	105.819031
2.336400	101.807274
0.000000	0.000000
& cycle # 5, chisq = 155680.562141, e = 34.667181
22.000000	345.879931
21.986800	341.656287
21.971400	337.022648
21.956000	332.692811
21.940600	328.647243
21.923000	324.344699
21.903200	319.885495
21.883400	315.802962
21.861400	311.672346
21.837200	307.573144
21.808600	303.264248
21.777800	299.202055
21.740400	294.973559
21.696400	290.829397
21.643600	286.814785
21.573200	282.730071
21.474200	278.708098
21.313600	274.695574
21.034200	270.688356
20.724000	266.677725
20.499600	262.667621
20.332400	258.667140
20.196000	254.638677
20.077200	250.571548
19.971600	246.527461
19.874800	242.490916
19.782400	238.392364
19.694400	234.312130
19.610800	230.309342
19.527200	226.216588
19.445800	222.187005
19.364400	218.161535
19.280800	214.077293
19.195000	209.975953
19.107000	205.898697
19.016800	201.895869
18.920000	197.851140
18.814400	193.788949
18.697800	189.764879
18.563600	185.754233
18.396400	181.720414
18.154400	177.712554
16.799200	173.710547
16.187600	169.700768
15.793800	165.686411
15.406600	161.667335
14.927000	157.655667
9.185000	153.654513
8.197200	149.643499
7.904600	145.642055
7.706600	141.602777
7.552600	137.579189
7.425000	133.554124
7.315000	129.525182
7.216000	125.438778
7.128000	121.437080
7.046600	117.422566
6.969600	113.340901
6.897000	109.230211
6.828800	105.129126
6.765000	101.078733
0.000000	0.000000
& cycle # 6, chisq = 172584.911325, e = 34.667181
22.000000	345.056003
21.940600	340.978521
21.885600	336.950267
21.832800	332.884715
21.782200	328.816247
21.733800	324.795949
21.685400	320.662098
21.639200	316.620534
21.593000	312.508551
21.546800	308.342317
21.502800	304.330054
21.458800	300.283955
21.414800	296.220167
21.370800	292.153641
21.326800	288.092588
21.282800	284.041693
21.238800	280.008349
21.194800	276.004291
21.148600	271.844939
21.102400	267.741042
21.056200	263.697112
21.007800	259.528579
20.959400	255.436578
20.911000	251.431601
20.860400	247.348530
20.807600	243.208293
20.754800	239.192884
20.699800	235.143654
20.642600	231.081442
20.583200	227.032834
20.521600	223.025555
20.455600	218.949897
20.385200	214.844904
20.310400	210.751639
20.231200	206.720816
20.145400	202.708872
20.050800	198.698540
19.945200	194.698075
19.822000	190.631656
19.676800	186.625912
19.492000	182.597559
19.228000	178.579671
18.642800	174.579009
12.922800	170.573465
12.064800	166.564182
11.470800	162.563318
10.962600	158.542263
10.670000	154.525288
10.381800	150.520658
10.065000	146.505772
9.730600	142.490329
9.332400	138.473487
8.817600	134.472889
7.702200	130.472785
3.634400	126.453047
3.341800	122.438367
3.154800	118.415985
3.011800	114.386947
2.893000	110.312258
2.791800	106.251088
2.703800	102.245490
0.000000	0.000000
& cycle # 3, chisq = 156406.065116, e = 34.711217
22.000000	407.978436
21.804200	403.876511
21.736000	399.808180
21.685400	395.789538
21.641400	391.615048
21.604000	387.599444
21.568800	383.454954
21.535800	379.268155
21.505000	375.114747
21.476400	371.062435
21.447800	366.839983
21.421400	362.807717
21.395000	358.661163
21.368600	354.413674
21.342200	350.077366
21.318000	346.034124
21.293800	341.934582
21.269600	337.787879
21.245400	333.603649
21.221200	329.391856
21.197000	325.162434
21.172800	320.924860
21.148600	316.687813
21.124400	312.459018
21.100200	308.245282
21.076000	304.052711
21.051800	299.887000
21.027600	295.753712
21.003400	291.658463
20.979200	287.606969
20.955000	283.604965
20.928600	279.302113
20.902200	275.071451
20.875800	270.918803
20.849400	266.848965
20.820800	262.537765
20.792200	258.331783
20.763600	254.233815
20.732800	249.944136
20.702000	245.785321
20.671200	241.760273
20.638200	237.599442
20.605200	233.598635
20.570000	229.509965
20.532600	225.369082
20.493000	221.211598
20.451200	217.072098
20.407200	212.983909
20.361000	208.979721
20.310400	204.923063
20.255400	200.891661
20.193800	196.826029
20.123400	192.727708
20.042000	188.654545
19.945200	184.633082
19.822000	180.631777
19.641600	176.600481
19.258800	172.597169
11.803000	168.588934
11.187000	164.587718
10.846000	160.553603
10.612800	156.549693
10.366400	152.519092
10.098000	148.519006
9.798800	144.509837
9.369800	140.503141
7.125800	136.499733
5.691400	132.472233
5.511000	128.441547
5.394400	124.360129
5.306400	120.307697
5.233800	116.233039
5.172200	112.193675
5.117200	108.089630
5.068800	104.056483
5.024800	100.022407
0.000000	0.000000
& cycle # 4, chisq = 159492.780483, e = 34.711217
22.000000	311.017312
21.984600	306.874507
21.967000	302.329071
21.949400	297.984039
21.931800	293.827169
21.912000	289.362684
21.892200	285.116318
21.872400	281.080635
21.850400	276.829447
21.828400	272.807290
21.804200	268.632437
21.777800	264.362434
21.749200	260.053471
21.720600	256.050212
21.687600	251.778273
21.652400	247.597932
21.615000	243.550069
21.573200	239.465506
21.527000	235.431340
21.474200	231.359798
21.412600	227.245307
21.340000	223.151037
21.252000	219.073255
21.142000	215.043276
20.994600	211.015816
20.783400	207.008851
20.457800	203.001569
19.995800	198.999256
19.498600	194.990945
19.030000	190.981545
18.552600	186.968759
17.941000	182.967222
15.595800	178.963181
14.949000	174.952373
14.478200	170.944089
14.020600	166.942394
13.466200	162.930241
11.083600	158.924635
10.531400	154.916604
10.139800	150.898982
9.807600	146.880499
9.475400	142.865505
9.138800	138.861860
8.747200	134.854041
8.223600	130.852524
4.054600	126.852267
3.405600	122.828521
3.139400	118.813863
2.952400	114.788004
2.805000	110.781142
2.679600	106.728221
2.569600	102.669036
0.000000	0.000000
& cycle # 5, chisq = 157304.531431, e = 34.711217
22.000000	345.879931
21.984600	341.262061
21.969200	336.930811
21.953800	332.874435
21.936200	328.551155
21.918600	324.535035
21.898800	320.359527
21.876800	316.116354
21.852600	311.887175
21.826200	307.741075
21.797600	303.740589
21.764600	299.689676
21.725000	295.521078
21.678800	291.450953
21.621600	287.366411
21.549000	283.361586
21.447800	279.305070
21.298200	275.274588
21.078200	271.249222
20.829600	267.218555
20.620600	263.196958
20.453400	259.162727
20.314800	255.130333
20.193800	251.061611
20.086000	247.029123
19.987000	243.003370
19.894600	238.992731
19.806600	234.989905
19.720800	230.961030
19.637200	226.950822
19.553600	222.888720
19.470000	218.814527
19.386400	214.777056
19.300600	210.720620
19.212600	206.691868
19.120200	202.639266
19.023400	198.629261
18.917800	194.585605
18.801200	190.578875
18.664800	186.533133
18.497600	182.521544
18.253400	178.499351
16.893800	174.494163
16.302000	170.473586
15.917000	166.470496
15.538600	162.463445
15.070000	158.452843
10.579800	154.452781
8.122400	150.441257
7.838600	146.404638
7.647200	142.352615
7.499800	138.340197
7.376600	134.283609
7.271000	130.250738
7.176400	126.188479
7.090600	122.131139
7.011400	118.063385
6.938800	114.052683
6.870600	110.029777
6.804600	105.894004
6.743000	101.815485
0.000000	0.000000
& cycle # 6, chisq = 173215.227107, e = 34.711217
22.000000	321.768990
21.947200	317.682618
21.898800	313.649768
21.852600	309.585214
21.808600	305.542979
21.764600	301.364212
21.722800	297.299785
21.681000	293.158791
21.639200	288.961161
21.599600	284.957545
21.560000	280.946778
21.520400	276.939719
21.478600	272.725874
21.436800	268.545995
21.395000	264.419434
21.353200	260.360102
21.309200	256.168089
21.265200	252.066185
21.221200	248.064761
21.175000	243.985179
21.126600	239.857570
21.076000	235.708325
21.023200	231.560366
20.968200	227.439035
20.911000	223.375923
20.849400	219.261997
20.783400	215.152800
20.713000	211.095226
20.636000	207.025676
20.550200	202.933571
20.453400	198.850365
20.343400	194.826331
20.213600	190.825346
20.050800	186.812868
19.830800	182.782886
19.487600	178.779919
18.684600	174.778701
12.265000	170.778146
11.530200	166.768355
11.048400	162.758461
10.773400	158.751653
10.542400	154.748232
10.285000	150.731965
10.007800	146.708351
9.688800	142.706144
9.242200	138.692858
6.153400	134.690286
5.605600	130.670880
5.385600	126.646239
5.233800	122.587691
5.115000	118.532147
5.016000	114.471496
4.930200	110.393329
4.855400	106.382347
4.787200	102.338161
0.000000	0.000000
& cycle # 7, chisq = 157442.090607, e = 34.711217
22.000000	345.056003
21.940600	340.993470
21.883400	336.900265
21.828400	332.821350
21.775600	328.779184
21.722800	324.640240
21.672200	320.587860
21.621600	316.462990
21.571000	312.287760
21.522600	308.254701
21.474200	304.186821
21.425800	300.097450
21.377400	296.002905
21.329000	291.911636
21.280600	287.826438
21.232200	283.753624
21.183800	279.705521
21.135400	275.694525
21.084800	271.548205
21.034200	267.452354
20.983600	263.410535
20.930800	259.259742
20.878000	255.189203
20.823000	251.043844
20.768000	246.998365
20.710800	242.897436
20.651400	238.757535
20.592000	234.748045
20.530400	230.738108
20.464400	226.613813
20.396200	222.536414
20.325800	218.521221
20.251000	214.475368
20.171800	210.448150
20.086000	206.383736
19.993600	202.338528
19.892400	198.286737
19.780200	194.254667
19.652600	190.238643
19.503000	186.227699
19.318200	182.223027
19.063000	178.195879
18.598800	174.187313
13.142800	170.183658
12.075800	166.183591
11.464200	162.181383
10.962600	158.174064
10.674400	154.167541
10.390600	150.154998
10.078200	146.149350
9.748200	142.145509
9.350000	138.135973
8.822000	134.126470
7.211600	130.126432
3.762000	126.125369
3.476000	122.087453
3.286800	118.034641
3.141600	113.973724
3.022800	109.961653
2.919400	105.909594
2.829200	101.905305
0.000000	0.000000
& cycle # 3, chisq = 149247.773472, e = 34.743177
22.000000	407.978436
21.793200	403.907999
21.725000	399.906027
21.672200	395.763917
21.628200	391.632996
21.588600	387.421528
21.553400	383.311232
21.520400	379.163614
21.489600	375.053516
21.461000	371.048118
21.432400	366.879277
21.403800	362.565289
21.377400	358.469150
21.351000	354.276125
21.324600	349.997503
21.298200	345.644370
21.274000	341.598371
21.249800	337.508838
21.225600	333.385565
21.201400	329.238410
21.177200	325.076868
21.153000	320.909713
21.128800	316.744798
21.104600	312.589060
21.080400	308.448700
21.056200	304.329470
21.032000	300.236953
21.007800	296.176770
20.983600	292.154654
20.957200	287.817099
20.930800	283.539057
20.904400	279.327349
20.878000	275.187973
20.851600	271.125923
20.823000	266.817206
20.794400	262.607754
20.765800	258.500585
20.737200	254.498273
20.706400	250.308178
20.675600	246.245682
20.642600	242.038192
20.609600	237.984364
20.574400	233.832677
20.537000	229.618241
20.499600	225.606071
20.460000	221.575468
20.418200	217.558529
20.372000	213.395167
20.323600	209.336389
20.270800	205.252459
20.213600	201.220383
20.149800	197.182377
20.077200	193.135644
19.993600	189.129347
19.892400	185.108401
19.762600	181.101455
19.573400	177.092705
19.177400	173.087807
11.957000	169.084074
11.242000	165.075665
10.872400	161.074964
10.637000	157.061181
10.399400	153.053065
10.139800	149.032319
9.862600	145.011436
9.501800	140.997931
8.725200	136.995342
5.753000	132.980744
5.502200	128.928033
5.368000	124.917329
5.269000	120.835743
5.189800	116.753039
5.123800	112.717471
5.066600	108.701868
5.013800	104.528609
4.967600	100.481626
0.000000	0.000000
& cycle # 4, chisq = 150769.504779, e = 34.743177
22.000000	311.017312
21.982400	306.908026
21.962600	302.447741
21.942800	298.160121
21.923000	294.033115
21.901000	289.629457
21.879000	285.415530
21.857000	281.384053
21.832800	277.147284
21.808600	273.107434
21.782200	268.918129
21.753600	264.628076
21.725000	260.582582
21.694200	256.480467
21.661200	252.359637
21.626000	248.261246
21.588600	244.225670
21.546800	240.075719
21.500600	235.890001
21.450000	231.744640
21.395000	227.717021
21.331200	223.605128
21.258600	219.556110
21.172800	215.510363
21.067200	211.459392
20.933000	207.457014
20.746000	203.455260
20.449000	199.445488
19.892400	195.442629
19.054200	191.442336
18.244600	187.431694
17.080800	183.429863
14.916000	179.428507
14.462800	175.415814
14.115200	171.396364
13.811600	167.388647
13.519000	163.364191
13.228600	159.341690
12.914000	155.332894
12.557600	151.318083
12.069200	147.309444
10.150800	143.307302
9.022200	139.306839
8.146600	135.300609
4.615600	131.298322
3.777400	127.295512
3.465000	123.283574
3.251600	119.237486
3.086600	115.215356
2.948000	111.179354
2.827000	107.111489
2.719200	103.031727
0.000000	0.000000
& cycle # 5, chisq = 147550.671601, e = 34.743177
22.000000	345.879931
21.986800	341.535611
21.973600	337.378456
21.958200	332.759086
21.942800	328.375701
21.927400	324.211665
21.909800	319.705993
21.892200	315.458042
21.874600	311.454100
21.854800	307.221326
21.832800	302.828879
21.810800	298.738022
21.786600	294.561355
21.760200	290.362334
21.731600	286.195804
21.700800	282.105369
21.665600	277.875661
21.628200	273.842578
21.586400	269.829103
21.538000	265.737354
21.483000	261.683044
21.419200	257.625689
21.344400	253.573350
21.256400	249.526017
21.153000	245.471272
21.034200	241.443454
20.902200	237.420674
20.761400	233.412781
20.616200	229.377493
20.471000	225.344301
20.328000	221.327327
20.187200	217.326135
20.044200	213.279889
19.899000	209.238516
19.747200	205.193159
19.584400	201.188214
19.399600	197.178575
19.166400	193.158828
18.777000	189.150319
17.250200	185.145439
16.849800	181.145220
16.533000	177.140960
16.220600	173.114815
15.864200	169.094556
15.276800	165.089428
13.162600	161.085795
12.436600	157.078525
10.529200	153.078149
8.038800	149.072873
7.746200	145.040093
7.550400	140.993295
7.400800	136.972834
7.277600	132.965215
7.169800	128.914579
7.073000	124.833822
6.985000	120.746997
6.903600	116.631398
6.828800	112.552371
6.758400	108.445890
6.692400	104.359156
6.630800	100.340888
0.000000	0.000000
& cycle # 6, chisq = 155979.235062, e = 34.743177
22.000000	321.768990
21.953800	317.603661
21.909800	313.518377
21.865800	309.341311
21.824000	305.308063
21.782200	301.223558
21.740400	297.114214
21.698600	292.992312
21.656800	288.865927
21.615000	284.753465
21.573200	280.673007
21.531400	276.632824
21.487400	272.429005
21.443400	268.287166
21.399400	264.222884
21.353200	260.050434
21.307000	255.979301
21.258600	251.825751
21.210200	247.794161
21.159600	243.721458
21.106800	239.634472
21.051800	235.553570
20.994600	231.496789
20.935200	227.487864
20.871400	223.420019
20.803200	219.344598
20.730600	215.302273
20.651400	211.221872
20.565600	207.179868
20.471000	203.165115
20.363200	199.104393
20.240000	195.064137
20.094800	191.055841
19.914400	187.030945
19.674600	183.005791
19.309400	178.987546
18.420600	174.985361
12.874400	170.983830
11.660000	166.970654
11.101200	162.960190
10.782200	158.939824
10.524800	154.911401
10.232200	150.893180
9.913200	146.872134
9.506200	142.858856
8.815400	138.851695
6.274400	134.839813
5.880600	130.808700
5.667200	126.780030
5.515400	122.768351
5.394400	118.725488
5.293200	114.696860
5.205200	110.673539
5.126000	106.606270
5.053400	102.478426
0.000000	0.000000
& cycle # 7, chisq = 149583.540035, e = 34.743177
22.000000	345.056003
21.938400	340.968867
21.879000	336.917313
21.819600	332.775102
21.762400	328.703123
21.705200	324.570628
21.650200	320.537311
21.595200	316.461157
21.540200	312.355983
21.485200	308.220491
21.430200	304.063241
21.375200	299.901518
21.320200	295.742563
21.265200	291.586217
21.210200	287.439468
21.155200	283.316655
21.100200	279.228015
21.045200	275.175451
20.990200	271.159892
20.933000	267.030669
20.875800	262.961931
20.816400	258.810474
20.757000	254.736360
20.695400	250.592946
20.633800	246.537989
20.570000	242.443207
20.504000	238.330452
20.435800	234.215149
20.365400	230.108106
20.292800	226.024866
20.218000	221.990095
20.138800	217.919543
20.055200	213.847715
19.967200	209.802311
19.872600	205.727647
19.771400	201.693949
19.661400	197.689870
19.538200	193.646632
19.399600	189.631455
19.236800	185.622804
19.034400	181.592249
18.757200	177.575113
18.233600	173.573266
12.971200	169.573254
11.783200	165.562000
11.160600	161.548526
10.795400	157.519467
10.527000	153.508726
10.232200	149.498407
9.930800	145.478875
9.596400	141.477348
9.202600	137.467630
8.657000	133.457279
4.694800	129.456074
3.920400	125.453074
3.643200	121.430475
3.456200	117.418710
3.311000	113.399618
3.190000	109.344620
3.086600	105.329850
2.994200	101.286104
0.000000	0.000000
& cycle # 3, chisq = 153655.488789, e = 34.800434
22.000000	407.978436
21.799800	403.896508
21.729400	399.777618
21.676600	395.648215
21.632600	391.541791
21.593000	387.362750
21.557800	383.289757
21.524800	379.184028
21.494000	375.118251
21.463200	370.846181
21.434600	366.713574
21.406000	362.439782
21.379600	358.383974
21.353200	354.234097
21.326800	350.001116
21.300400	345.695729
21.276200	341.694979
21.252000	337.651764
21.227800	333.575564
21.203600	329.475961
21.179400	325.362223
21.155200	321.242936
21.131000	317.125788
21.106800	313.017556
21.082600	308.924278
21.058400	304.851526
21.034200	300.804695
21.010000	296.789212
20.983600	292.450966
20.957200	288.163931
20.930800	283.935249
20.904400	279.771567
20.878000	275.678737
20.851600	271.661623
20.823000	267.399645
20.794400	263.234807
20.765800	259.170041
20.735000	254.907387
20.704200	250.766712
20.673400	246.751120
20.640400	242.591065
20.607400	238.581716
20.572200	234.474167
20.534800	230.302836
20.495200	226.102268
20.453400	221.906143
20.409400	217.747037
20.363200	213.657059
20.312600	209.494572
20.257600	205.336005
20.198200	201.258744
20.132200	197.207633
20.057400	193.180398
19.969400	189.132920
19.861600	185.073846
19.720800	181.049966
19.505200	177.024004
18.880400	173.023125
11.682000	169.012517
11.118800	165.005657
10.815200	160.978684
10.588600	156.962800
10.346600	152.935754
10.084800	148.912982
9.796600	144.908583
9.396200	140.903270
7.330400	136.899641
5.671600	132.877799
5.475800	128.864373
5.352600	124.781426
5.260200	120.708512
5.185400	116.669178
5.121600	112.631273
5.064400	108.498165
5.013800	104.402205
4.967600	100.275514
0.000000	0.000000
& cycle # 4, chisq = 155585.643709, e = 34.800434
22.000000	311.017312
21.982400	306.618102
21.964800	302.445654
21.945000	298.015176
21.925200	293.842629
21.903200	289.490258
21.881200	285.423714
21.857000	281.259668
21.830600	277.055427
21.802000	272.866788
21.771200	268.751143
21.736000	264.507128
21.698600	260.475920
21.654600	256.286468
21.604000	252.119413
21.544600	247.988874
21.474200	243.958152
21.384000	239.878048
21.263000	235.819267
21.087000	231.779416
20.809800	227.755314
20.422600	223.742712
20.050800	219.739271
19.747200	215.712379
19.492000	211.682887
19.265400	207.655694
19.054200	203.644212
18.847400	199.607258
18.638400	195.600168
18.416200	191.567822
18.165400	187.550190
17.853000	183.540763
17.307400	179.532826
15.334000	175.530137
14.830200	171.528806
14.429800	167.518335
14.042600	163.502921
13.613600	159.488014
13.028400	155.485716
10.659000	151.478859
9.990200	147.473863
9.446800	143.462662
8.896800	139.449044
8.197200	135.447222
4.998400	131.445480
3.843400	127.436990
3.491400	123.425247
3.258200	119.383672
3.080000	115.336844
2.932600	111.281501
2.807200	107.253666
2.697200	103.245126
0.000000	0.000000
& cycle # 5, chisq = 154467.595048, e = 34.800434
22.000000	345.879931
21.986800	341.870532
21.971400	337.465923
21.956000	333.343895
21.938400	328.955700
21.920800	324.884043
21.901000	320.655629
21.879000	316.364809
21.854800	312.096056
21.828400	307.920291
21.799800	303.900902
21.766800	299.842610
21.727200	295.682719
21.681000	291.642172
21.623800	287.614751
21.549000	283.602698
21.443400	279.594247
21.278400	275.581623
21.025400	271.570295
20.757000	267.553943
20.548000	263.547947
20.383000	259.492864
20.248800	255.489553
20.130000	251.411976
20.024400	247.382721
19.927600	243.370147
19.835200	239.293822
19.747200	235.236697
19.661400	231.156487
19.577800	227.094093
19.496400	223.091182
19.415000	219.085487
19.331400	215.017001
19.245600	210.932139
19.157600	206.872375
19.065200	202.787266
18.968400	198.750609
18.862800	194.688121
18.746200	190.662301
18.612000	186.647660
18.447000	182.638219
18.209400	178.627137
16.891600	174.626154
16.244800	170.612146
15.848800	166.603355
15.463800	162.600323
14.993000	158.600235
9.867000	154.600153
8.195000	150.583568
7.895800	146.555676
7.697800	142.548426
7.543800	138.548192
7.416200	134.539663
7.306200	130.523886
7.207200	126.449164
7.117000	122.353050
7.035600	118.338024
6.958600	114.253477
6.886000	110.137390
6.817800	106.028859
6.754000	101.969736
0.000000	0.000000
& cycle # 6, chisq = 170189.635766, e = 34.800434
22.000000	321.768990
21.947200	317.627409
21.898800	313.528820
21.852600	309.390225
21.808600	305.269134
21.766800	301.221227
21.725000	297.076566
21.685400	293.076197
21.645800	289.021563
21.606200	284.937622
21.566600	280.845563
21.527000	276.758123
21.487400	272.686311
21.447800	268.645445
21.406000	264.433115
21.364200	260.291389
21.322400	256.229813
21.278400	252.048125
21.234400	247.972044
21.188200	243.819712
21.142000	239.811040
21.093600	235.773187
21.043000	231.730343
20.990200	227.706853
20.933000	223.577903
20.873600	219.550741
20.809800	215.522127
20.739400	211.420603
20.662400	207.326455
20.576600	203.229676
20.479800	199.171360
20.367600	195.141498
20.231200	191.090908
20.055200	187.050657
19.804400	183.039930
19.338000	179.036613
16.803600	175.036578
12.069200	171.035386
11.547800	167.032210
11.121000	163.012086
10.841600	158.982950
10.623800	154.961278
10.388400	150.926384
10.122200	146.908442
9.823000	142.897967
9.396200	138.885123
6.006000	134.881690
5.416400	130.859234
5.207400	126.809055
5.064400	122.775690
4.952200	118.730435
4.857600	114.635494
4.776200	110.571825
4.703600	106.505848
4.637600	102.434858
0.000000	0.000000
& cycle # 7, chisq = 152825.214300, e = 34.800434
22.000000	345.056003
21.951600	341.029249
21.903200	336.910919
21.857000	332.908188
21.810800	328.840611
21.764600	324.717748
21.718400	320.556870
21.672200	316.357706
21.628200	312.330945
21.584200	308.292755
21.540200	304.249721
21.496200	300.202386
21.452200	296.156806
21.408200	292.125151
21.364200	288.117268
21.318000	283.938163
21.271800	279.790262
21.225600	275.679367
21.179400	271.615983
21.133200	267.609774
21.084800	263.479111
21.036400	259.417264
20.985800	255.246594
20.935200	251.160563
20.882400	246.997760
20.829600	242.945968
20.774600	238.845744
20.717400	234.710871
20.660200	230.709615
20.600800	226.703126
20.537000	222.578206
20.471000	218.509595
20.400600	214.388024
20.328000	210.368050
20.251000	206.362083
20.167400	202.320115
20.077200	198.313981
19.976000	194.233690
19.863800	190.197706
19.734000	186.154391
19.577800	182.110592
19.377600	178.072839
19.078400	174.069965
17.001600	170.068483
13.112000	166.063563
12.282600	162.058604
11.721600	158.057008
11.220000	154.049017
10.846000	150.028432
10.575400	146.001402
10.269600	141.993124
9.935200	137.989430
9.532600	133.981080
8.984800	129.973125
4.595800	125.973005
3.680600	121.957034
3.396800	117.946887
3.205400	113.900159
3.058000	109.875580
2.934800	105.826109
2.829200	101.793027
0.000000	0.000000
& cycle # 3, chisq = 148870.800567, e = 34.166898
22.000000	407.978436
21.802000	403.971381
21.740400	399.869528
21.694200	395.730770
21.656800	391.720213
21.623800	387.714778
21.593000	383.606779
21.564400	379.493141
21.538000	375.456308
21.511600	371.204967
21.487400	367.134110
21.463200	362.912338
21.439000	358.555606
21.417000	354.491406
21.395000	350.340678
21.373000	346.114366
21.351000	341.822667
21.329000	337.475246
21.307000	333.081548
21.285000	328.651094
21.265200	324.640316
21.245400	320.614935
21.225600	316.582274
21.205800	312.549547
21.186000	308.523688
21.166200	304.511195
21.144200	300.075777
21.122200	295.671569
21.100200	291.305137
21.078200	286.982408
21.056200	282.708875
21.034200	278.489782
21.012200	274.330264
20.990200	270.235395
20.968200	266.210163
20.944000	261.868558
20.919800	257.622939
20.895600	253.478534
20.871400	249.439708
20.845000	245.158142
20.818600	241.009544
20.792200	236.996106
20.763600	232.802367
20.735000	228.770095
20.704200	224.609221
20.671200	220.361077
20.638200	216.330848
20.603000	212.272157
20.565600	208.229843
20.523800	204.035960
20.479800	199.980302
20.431400	195.926490
20.376400	191.810156
20.314800	187.780021
20.242200	183.758986
20.152000	179.753318
20.026600	175.720304
19.800000	171.719932
14.592600	167.719277
13.263800	163.712659
10.940600	159.711564
10.608400	155.696277
10.324600	151.686551
10.054000	147.661384
9.785600	143.635833
9.473200	139.630821
9.046400	135.618129
6.910200	131.616107
5.581400	127.585548
5.414200	123.584993
5.306400	119.548045
5.225000	115.540238
5.156800	111.436870
5.099600	107.402116
5.049000	103.333602
0.000000	0.000000
& cycle # 4, chisq = 152297.774571, e = 34.166898
22.000000	311.017312
21.971400	306.825480
21.942800	302.655760
21.914200	298.510277
21.885600	294.398224
21.857000	290.331262
21.828400	286.309515
21.797600	282.033296
21.766800	277.826059
21.736000	273.696380
21.705200	269.645862
21.672200	265.395313
21.639200	261.243803
21.606200	257.200399
21.571000	253.012802
21.535800	248.955441
21.498400	244.786483
21.461000	240.766432
21.421400	236.678568
21.379600	232.557231
21.335600	228.433141
21.289400	224.333076
21.241000	220.285483
21.188200	216.158532
21.131000	212.026227
21.069400	207.955982
21.001200	203.880381
20.924200	199.791361
20.836200	195.749373
20.730600	191.702498
20.598600	187.699359
20.411600	183.694852
20.048600	179.686726
14.619000	175.683137
14.009600	171.664278
13.622400	167.641967
13.314400	163.639808
13.037200	159.634831
12.777600	155.624538
12.526800	151.618738
12.265000	147.595972
11.996600	143.576282
11.695200	139.566080
11.341000	135.564267
10.428000	131.564255
3.649800	127.558575
3.146000	123.542800
2.893000	119.509150
2.712600	115.471649
2.567400	111.415715
2.444200	107.359921
2.336400	103.305141
0.000000	0.000000
& cycle # 5, chisq = 144901.358719, e = 34.166898
22.000000	345.879931
21.989000	341.646602
21.978000	337.516287
21.967000	333.488531
21.953800	328.790117
21.940600	324.232553
21.927400	319.808991
21.914200	315.515470
21.901000	311.349923
21.887800	307.310167
21.872400	302.751589
21.857000	298.352677
21.841600	294.106159
21.826200	290.005805
21.808600	285.492563
21.791000	281.158366
21.773400	276.997851
21.753600	272.517225
21.733800	268.238583
21.714000	264.151317
21.692000	259.822354
21.670000	255.705965
21.645800	251.412302
21.621600	247.353483
21.595200	243.180340
21.566600	238.941404
21.535800	234.680910
21.502800	230.439525
21.467600	226.256695
21.430200	222.171502
21.388400	218.010841
21.342200	213.864072
21.291600	209.805846
21.234400	205.754339
21.168400	201.704110
21.089200	197.608686
20.992400	193.531296
20.869200	189.511576
20.693200	185.473820
20.387400	181.472668
15.721200	177.472453
14.458400	173.472266
13.974400	169.462298
13.604800	165.437008
13.277000	161.432490
12.969000	157.403507
12.654400	153.381875
12.322200	149.361483
11.924000	145.345777
11.356400	141.341181
10.410400	137.336835
5.724400	133.332293
5.218400	129.331601
4.941200	125.305784
4.738800	121.286625
4.573800	117.275623
4.430800	113.221795
4.305400	109.183080
4.193200	105.175255
4.089800	101.156230
0.000000	0.000000
& cycle # 6, chisq = 147438.692802, e = 34.166898
22.000000	321.768990
21.958200	317.600110
21.918600	313.524404
21.879000	309.343835
21.841600	305.324671
21.804200	301.244529
21.766800	297.124677
21.729400	292.985466
21.692000	288.835489
21.654600	284.684786
21.617200	280.550674
21.579800	276.449341
21.542400	272.389685
21.505000	268.376895
21.465400	264.187782
21.425800	260.073263
21.386200	256.045879
21.344400	251.897212
21.302600	247.856901
21.258600	243.724373
21.214600	239.722527
21.168400	235.671132
21.120000	231.599548
21.069400	227.532556
21.016600	223.491613
20.959400	219.345902
20.900000	215.299402
20.836200	211.248220
20.768000	207.244659
20.693200	203.218722
20.609600	199.148002
20.515000	195.066268
20.407200	191.038982
20.279600	187.019916
20.121200	183.019503
19.905600	178.994838
19.560200	174.977304
18.334800	170.976371
12.709400	166.976177
11.708400	162.967012
11.193600	158.948875
10.859200	154.945866
10.619400	150.945769
10.357600	146.939585
10.056200	142.930396
9.688800	138.922652
9.015600	134.920177
5.832200	130.903838
5.574800	126.893792
5.416400	122.892845
5.295400	118.828177
5.196400	114.758686
5.112800	110.741749
5.038000	106.653204
4.972000	102.627461
0.000000	0.000000
& cycle # 7, chisq = 149748.605164, e = 34.166898
