0.000000	3.076131
0.547317	3.076131
0.547317	3.967480
1.035877	3.967480
1.035877	4.413097
1.358277	4.413097
1.358277	4.844703
1.937643	4.844703
1.937643	5.323483
2.479132	5.323483
2.479132	5.700411
2.922631	5.700411
2.922631	6.160725
3.838694	6.160725
3.838694	6.686184
4.706124	6.686184
4.706124	7.087945
5.436144	7.087945
5.436144	7.549054
6.916969	7.549054
6.916969	8.043437
8.284993	8.043437
8.284993	8.422333
9.439935	8.422333
9.439935	8.875962
11.643908	8.875962
11.643908	9.372362
13.615374	9.372362
13.615374	9.717199
15.245762	9.717199
15.245762	10.031283
18.244887	10.031283
18.244887	10.305072
20.752388	10.305072
20.752388	10.523001
22.703278	10.523001
22.703278	10.883380
25.699133	10.883380
25.699133	11.548809
27.665256	11.548809
27.665256	12.400141
28.963653	12.400141
28.963653	13.791591
30.748409	13.791591
30.748409	15.427344
31.994070	15.427344
31.994070	16.331683
33.007580	16.331683
33.007580	16.950288
34.753399	16.950288
34.753399	17.407549
36.279368	17.407549
36.279368	17.691167
37.638059	17.691167
37.638059	17.949987
40.041123	17.949987
40.041123	18.159785
42.129690	18.159785
42.129690	18.289786
43.961600	18.289786
43.961600	18.423251
46.857617	18.423251
46.857617	18.577311
49.210341	18.577311
49.210341	18.727314
51.141118	18.727314
51.141118	18.937775
53.845164	18.937775
53.845164	19.225711
55.907733	19.225711
55.907733	19.514956
57.533807	19.514956
57.533807	19.864700
59.688994	19.864700
59.688994	20.224661
61.396999	20.224661
61.396999	20.468206
62.848012	20.468206
62.848012	20.649228
64.884876	20.649228
64.884876	20.764982
66.683623	20.764982
66.683623	20.821178
68.324370	20.821178
& cycle # 3, chisq = 155091.623551, e = 34.613512
0.000000	4.882898
0.547317	4.882898
0.547317	5.748675
1.035877	5.748675
1.035877	6.037358
1.358277	6.037358
1.358277	6.314836
1.937643	6.314836
1.937643	6.623606
2.479132	6.623606
2.479132	6.868313
2.922631	6.868313
2.922631	7.170253
3.838694	7.170253
3.838694	7.519804
4.706124	7.519804
4.706124	7.791973
5.436144	7.791973
5.436144	8.112079
6.916969	8.112079
6.916969	8.465447
8.284993	8.465447
8.284993	8.744320
9.439935	8.744320
9.439935	9.086630
11.643908	9.086630
11.643908	9.469368
13.615374	9.469368
13.615374	9.741987
15.245762	9.741987
15.245762	10.001280
18.244887	10.001280
18.244887	10.244192
20.752388	10.244192
20.752388	10.452056
22.703278	10.452056
22.703278	10.806854
25.699133	10.806854
25.699133	11.468244
27.665256	11.468244
27.665256	12.318198
28.963653	12.318198
28.963653	13.713594
30.748409	13.713594
30.748409	15.363917
31.994070	15.363917
31.994070	16.285589
33.007580	16.285589
33.007580	16.924968
34.753399	16.924968
34.753399	17.402096
36.279368	17.402096
36.279368	17.698247
37.638059	17.698247
37.638059	17.966850
40.041123	17.966850
40.041123	18.181780
42.129690	18.181780
42.129690	18.312093
43.961600	18.312093
43.961600	18.442500
46.857617	18.442500
46.857617	18.589952
49.210341	18.589952
49.210341	18.731620
51.141118	18.731620
51.141118	18.928771
53.845164	18.928771
53.845164	19.197027
55.907733	19.197027
55.907733	19.465385
57.533807	19.465385
57.533807	19.788637
59.688994	19.788637
59.688994	20.119907
61.396999	20.119907
61.396999	20.342745
62.848012	20.342745
62.848012	20.506954
64.884876	20.506954
64.884876	20.610523
66.683623	20.610523
66.683623	20.659694
68.324370	20.659694
& cycle # 4, chisq = 158136.548243, e = 34.613512
0.000000	2.695958
0.547317	2.695958
0.547317	3.545307
1.035877	3.545307
1.035877	3.982753
1.358277	3.982753
1.358277	4.407705
1.937643	4.407705
1.937643	4.881384
2.479132	4.881384
2.479132	5.257003
2.922631	5.257003
2.922631	5.720953
3.838694	5.720953
3.838694	6.259260
4.706124	6.259260
4.706124	6.679958
5.436144	6.679958
5.436144	7.177481
6.916969	7.177481
6.916969	7.730018
8.284993	7.730018
8.284993	8.167943
9.439935	8.167943
9.439935	8.705126
11.643908	8.705126
11.643908	9.300724
13.615374	9.300724
13.615374	9.716077
15.245762	9.716077
15.245762	10.090903
18.244887	10.090903
18.244887	10.407315
20.752388	10.407315
20.752388	10.647156
22.703278	10.647156
22.703278	11.030687
25.699133	11.030687
25.699133	11.726514
27.665256	11.726514
27.665256	12.605256
28.963653	12.605256
28.963653	14.019596
30.748409	14.019596
30.748409	15.646155
31.994070	15.646155
31.994070	16.511472
33.007580	16.511472
33.007580	17.070550
34.753399	17.070550
34.753399	17.466820
36.279368	17.466820
36.279368	17.711269
37.638059	17.711269
37.638059	17.939428
40.041123	17.939428
40.041123	18.133229
42.129690	18.133229
42.129690	18.262446
43.961600	18.262446
43.961600	18.405883
46.857617	18.405883
46.857617	18.581222
49.210341	18.581222
49.210341	18.757876
51.141118	18.757876
51.141118	19.010534
53.845164	19.010534
53.845164	19.360215
55.907733	19.360215
55.907733	19.714165
57.533807	19.714165
57.533807	20.144630
59.688994	20.144630
59.688994	20.590071
61.396999	20.590071
61.396999	20.893294
62.848012	20.893294
62.848012	21.120329
64.884876	21.120329
64.884876	21.266769
66.683623	21.266769
66.683623	21.338484
68.324370	21.338484
& cycle # 5, chisq = 154553.367244, e = 34.613512
0.000000	6.246156
0.547317	6.246156
0.547317	7.205322
1.035877	7.205322
1.035877	7.405407
1.358277	7.405407
1.358277	7.582468
1.937643	7.582468
1.937643	7.770863
2.479132	7.770863
2.479132	7.915966
2.922631	7.915966
2.922631	8.092367
3.838694	8.092367
3.838694	8.296243
4.706124	8.296243
4.706124	8.456725
5.436144	8.456725
5.436144	8.650397
6.916969	8.650397
6.916969	8.872229
8.284993	8.872229
8.284993	9.054575
9.439935	9.054575
9.439935	9.287423
11.643908	9.287423
11.643908	9.558401
13.615374	9.558401
13.615374	9.761679
15.245762	9.761679
15.245762	9.972656
18.244887	9.972656
18.244887	10.196422
20.752388	10.196422
20.752388	10.408178
22.703278	10.408178
22.703278	10.781718
25.699133	10.781718
25.699133	11.479582
27.665256	11.479582
27.665256	12.371426
28.963653	12.371426
28.963653	13.820322
30.748409	13.820322
30.748409	15.504856
31.994070	15.504856
31.994070	16.416047
33.007580	16.416047
33.007580	17.017108
34.753399	17.017108
34.753399	17.447216
36.279368	17.447216
36.279368	17.710400
37.638059	17.710400
37.638059	17.950839
40.041123	17.950839
40.041123	18.148028
42.129690	18.148028
42.129690	18.273307
43.961600	18.273307
43.961600	18.406371
46.857617	18.406371
46.857617	18.564739
49.210341	18.564739
49.210341	18.722312
51.141118	18.722312
51.141118	18.946575
53.845164	18.946575
53.845164	19.256467
55.907733	19.256467
55.907733	19.570190
57.533807	19.570190
57.533807	19.952265
59.688994	19.952265
59.688994	20.348638
61.396999	20.348638
61.396999	20.619612
62.848012	20.619612
62.848012	20.823995
64.884876	20.823995
64.884876	20.957551
66.683623	20.957551
66.683623	21.024471
68.324370	21.024471
& cycle # 6, chisq = 165679.215867, e = 34.613512
0.000000	4.817807
0.547317	4.817807
0.547317	5.691014
1.035877	5.691014
1.035877	5.995613
1.358277	5.995613
1.358277	6.283425
1.937643	6.283425
1.937643	6.599623
2.479132	6.599623
2.479132	6.847808
2.922631	6.847808
2.922631	7.151966
3.838694	7.151966
3.838694	7.502721
4.706124	7.502721
4.706124	7.775500
5.436144	7.775500
5.436144	8.096812
6.916969	8.096812
6.916969	8.452674
8.284993	8.452674
8.284993	8.734540
9.439935	8.734540
9.439935	9.081435
11.643908	9.081435
11.643908	9.469654
13.615374	9.469654
13.615374	9.745939
15.245762	9.745939
15.245762	10.007729
18.244887	10.007729
18.244887	10.251101
20.752388	10.251101
20.752388	10.457640
22.703278	10.457640
22.703278	10.808804
25.699133	10.808804
25.699133	11.462666
27.665256	11.462666
27.665256	12.302682
28.963653	12.302682
28.963653	13.681869
30.748409	13.681869
30.748409	15.313964
31.994070	15.313964
31.994070	16.227106
33.007580	16.227106
33.007580	16.863518
34.753399	16.863518
34.753399	17.341977
36.279368	17.341977
36.279368	17.641767
37.638059	17.641767
37.638059	17.917515
40.041123	17.917515
40.041123	18.143435
42.129690	18.143435
42.129690	18.285467
43.961600	18.285467
43.961600	18.433264
46.857617	18.433264
46.857617	18.605277
49.210341	18.605277
49.210341	18.773382
51.141118	18.773382
51.141118	19.009545
53.845164	19.009545
53.845164	19.332741
55.907733	19.332741
55.907733	19.657347
57.533807	19.657347
57.533807	20.049641
59.688994	20.049641
59.688994	20.453049
61.396999	20.453049
61.396999	20.725618
62.848012	20.725618
62.848012	20.927753
64.884876	20.927753
64.884876	21.056496
66.683623	21.056496
66.683623	21.118560
68.324370	21.118560
& cycle # 7, chisq = 156296.819587, e = 34.613512
0.000000	6.978477
0.543828	6.978477
0.543828	7.964214
1.030856	7.964214
1.030856	8.171847
1.352029	8.171847
1.352029	8.348824
1.930124	8.348824
1.930124	8.531461
2.470445	8.531461
2.470445	8.668372
2.912873	8.668372
2.912873	8.830986
3.828382	8.830986
3.828382	9.014931
4.695238	9.014931
4.695238	9.156782
5.424607	9.156782
5.424607	9.324449
6.907173	9.324449
6.907173	9.511884
8.278107	9.511884
8.278107	9.662751
9.436483	9.662751
9.436483	9.854375
11.651547	9.854375
11.651547	10.079590
13.629395	10.079590
13.629395	10.251959
15.259923	10.251959
15.259923	10.434372
18.253165	10.434372
18.253165	10.627350
20.750172	10.627350
20.750172	10.805656
22.693717	10.805656
22.693717	11.115047
25.689584	11.115047
25.689584	11.689990
27.659933	11.689990
27.659933	12.424409
28.961656	12.424409
28.961656	13.620551
30.750191	13.620551
30.750191	15.009502
31.993884	15.009502
31.993884	15.745778
33.004177	15.745778
33.004177	16.207775
34.746507	16.207775
34.746507	16.520367
36.269136	16.520367
36.269136	16.703799
37.624703	16.703799
37.624703	16.864047
40.026111	16.864047
40.026111	16.985742
42.113688	16.985742
42.113688	17.053986
43.945469	17.053986
43.945469	17.117204
46.846975	17.117204
46.846975	17.185457
49.205015	17.185457
49.205015	17.249975
51.140379	17.249975
51.140379	17.339809
53.853306	17.339809
53.853306	17.462875
55.919951	17.462875
55.919951	17.587222
57.546355	17.587222
57.546355	17.739126
59.698894	17.739126
59.698894	17.897603
61.399600	17.897603
61.399600	18.006666
62.841662	18.006666
62.841662	18.089866
64.866751	18.089866
64.866751	18.145336
66.657569	18.145336
66.657569	18.173931
68.297148	18.173931
& cycle # 2, chisq = 231828.601578, e = 34.695878
0.000000	3.178028
0.543828	3.178028
0.543828	4.066807
1.030856	4.066807
1.030856	4.506567
1.352029	4.506567
1.352029	4.930972
1.930124	4.930972
1.930124	5.400574
2.470445	5.400574
2.470445	5.769271
2.912873	5.769271
2.912873	6.219052
3.828382	6.219052
3.828382	6.732113
4.695238	6.732113
4.695238	7.124191
5.424607	7.124191
5.424607	7.574011
6.907173	7.574011
6.907173	8.053789
8.278107	8.053789
8.278107	8.419189
9.436483	8.419189
9.436483	8.858380
11.651547	8.858380
11.651547	9.346711
13.629395	9.346711
13.629395	9.695112
15.259923	9.695112
15.259923	10.022397
18.253165	10.022397
18.253165	10.310747
20.750172	10.310747
20.750172	10.534471
22.693717	10.534471
22.693717	10.895353
25.689584	10.895353
25.689584	11.557432
27.659933	11.557432
27.659933	12.406256
28.961656	12.406256
28.961656	13.804337
30.750191	13.804337
30.750191	15.461036
31.993884	15.461036
31.993884	16.376592
33.004177	16.376592
33.004177	16.996510
34.746507	16.996510
34.746507	17.451173
36.269136	17.451173
36.269136	17.732587
37.624703	17.732587
37.624703	17.988871
40.026111	17.988871
40.026111	18.194882
42.113688	18.194882
42.113688	18.320452
43.945469	18.320452
43.945469	18.447262
46.846975	18.447262
46.846975	18.592228
49.205015	18.592228
49.205015	18.732959
51.140379	18.732959
51.140379	18.930878
53.853306	18.930878
53.853306	19.202983
55.919951	19.202983
55.919951	19.478106
57.546355	19.478106
57.546355	19.813840
59.698894	19.813840
59.698894	20.163292
61.399600	20.163292
61.399600	20.402874
62.841662	20.402874
62.841662	20.584555
64.866751	20.584555
64.866751	20.704611
66.657569	20.704611
66.657569	20.765758
68.297148	20.765758
& cycle # 3, chisq = 154691.383253, e = 34.695878
0.000000	4.952746
0.543828	4.952746
0.543828	5.801002
1.030856	5.801002
1.030856	6.090666
1.352029	6.090666
1.352029	6.369444
1.930124	6.369444
1.930124	6.679623
2.470445	6.679623
2.470445	6.925068
2.912873	6.925068
2.912873	7.227552
3.828382	7.227552
3.828382	7.576915
4.695238	7.576915
4.695238	7.847939
5.424607	7.847939
5.424607	8.164947
6.907173	8.164947
6.907173	8.510943
8.278107	8.510943
8.278107	8.780731
9.436483	8.780731
9.436483	9.111724
11.651547	9.111724
11.651547	9.486539
13.629395	9.486539
13.629395	9.759845
15.259923	9.759845
15.259923	10.026611
18.253165	10.026611
18.253165	10.277597
20.750172	10.277597
20.750172	10.486867
22.693717	10.486867
22.693717	10.836710
25.689584	10.836710
25.689584	11.485631
27.659933	11.485631
27.659933	12.321435
28.961656	12.321435
28.961656	13.704051
30.750191	13.704051
30.750191	15.352258
31.993884	15.352258
31.993884	16.272671
33.004177	16.272671
33.004177	16.905719
34.746507	16.905719
34.746507	17.375904
36.269136	17.375904
36.269136	17.668333
37.624703	17.668333
37.624703	17.934714
40.026111	17.934714
40.026111	18.148369
42.113688	18.148369
42.113688	18.277879
43.945469	18.277879
43.945469	18.407526
46.846975	18.407526
46.846975	18.554398
49.205015	18.554398
49.205015	18.695951
51.140379	18.695951
51.140379	18.893952
53.853306	18.893952
53.853306	19.165006
55.919951	19.165006
55.919951	19.438019
57.546355	19.438019
57.546355	19.769821
59.698894	19.769821
59.698894	20.113432
61.399600	20.113432
61.399600	20.347317
62.841662	20.347317
62.841662	20.522777
64.866751	20.522777
64.866751	20.636894
66.657569	20.636894
66.657569	20.693788
68.297148	20.693788
& cycle # 4, chisq = 157709.872186, e = 34.695878
0.000000	2.888512
0.543828	2.888512
0.543828	3.755807
1.030856	3.755807
1.030856	4.193889
1.352029	4.193889
1.352029	4.618813
1.930124	4.618813
1.930124	5.091526
2.470445	5.091526
2.470445	5.465107
2.912873	5.465107
2.912873	5.924815
3.828382	5.924815
3.828382	6.454911
4.695238	6.454911
4.695238	6.865341
5.424607	6.865341
5.424607	7.344024
6.907173	7.344024
6.907173	7.864283
8.278107	7.864283
8.278107	8.267713
9.436483	8.267713
9.436483	8.759002
11.651547	8.759002
11.651547	9.309187
13.629395	9.309187
13.629395	9.702588
15.259923	9.702588
15.259923	10.070330
18.253165	10.070330
18.253165	10.388593
20.750172	10.388593
20.750172	10.628398
22.693717	10.628398
22.693717	11.006561
25.689584	11.006561
25.689584	11.691376
27.659933	11.691376
27.659933	12.560390
28.961656	12.560390
28.961656	13.973302
30.750191	13.973302
30.750191	15.615582
31.993884	15.615582
31.993884	16.491941
33.004177	16.491941
33.004177	17.053925
34.746507	17.053925
34.746507	17.449156
36.269136	17.449156
36.269136	17.692128
37.624703	17.692128
37.624703	17.918113
40.026111	17.918113
40.026111	18.108339
42.113688	18.108339
42.113688	18.233394
43.945469	18.233394
43.945469	18.370830
46.846975	18.370830
46.846975	18.538388
49.205015	18.538388
49.205015	18.707573
51.140379	18.707573
51.140379	18.950980
53.853306	18.950980
53.853306	19.290441
55.919951	19.290441
55.919951	19.637141
57.546355	19.637141
57.546355	20.063883
59.698894	20.063883
59.698894	20.512193
61.399600	20.512193
61.399600	20.823278
62.841662	20.823278
62.841662	21.063183
64.866751	21.063183
64.866751	21.225412
66.657569	21.225412
66.657569	21.310395
68.297148	21.310395
& cycle # 5, chisq = 154747.792542, e = 34.695878
0.000000	6.391726
0.543828	6.391726
0.543828	7.285489
1.030856	7.285489
1.030856	7.477816
1.352029	7.477816
1.352029	7.646801
1.930124	7.646801
1.930124	7.825317
2.470445	7.825317
2.470445	7.961862
2.912873	7.961862
2.912873	8.127018
3.828382	8.127018
3.828382	8.316974
4.695238	8.316974
4.695238	8.465755
5.424607	8.465755
5.424607	8.644365
6.907173	8.644365
6.907173	8.847131
8.278107	8.847131
8.278107	9.012605
9.436483	9.012605
9.436483	9.225203
11.651547	9.225203
11.651547	9.477825
13.629395	9.477825
13.629395	9.673920
15.259923	9.673920
15.259923	9.886419
18.253165	9.886419
18.253165	10.118758
20.750172	10.118758
20.750172	10.339458
22.693717	10.339458
22.693717	10.727095
25.689584	10.727095
25.689584	11.450560
27.659933	11.450560
27.659933	12.376985
28.961656	12.376985
28.961656	13.890194
30.750191	13.890194
30.750191	15.655197
31.993884	15.655197
31.993884	16.599310
33.004177	16.599310
33.004177	17.201812
34.746507	17.201812
34.746507	17.617314
36.269136	17.617314
36.269136	17.864680
37.624703	17.864680
37.624703	18.083982
40.026111	18.083982
40.026111	18.254642
42.113688	18.254642
42.113688	18.354406
43.945469	18.354406
43.945469	18.451646
46.846975	18.451646
46.846975	18.561024
49.205015	18.561024
49.205015	18.667013
51.140379	18.667013
51.140379	18.816687
53.853306	18.816687
53.853306	19.023633
55.919951	19.023633
55.919951	19.234231
57.546355	19.234231
57.546355	19.493280
59.698894	19.493280
59.698894	19.765739
61.399600	19.765739
61.399600	19.955355
62.841662	19.955355
62.841662	20.102373
64.866751	20.102373
64.866751	20.202682
66.657569	20.202682
66.657569	20.255945
68.297148	20.255945
& cycle # 6, chisq = 171519.579335, e = 34.695878
0.000000	5.499732
0.570292	5.499732
0.570292	6.491766
1.065472	6.491766
1.065472	6.733848
1.394107	6.733848
1.394107	6.961959
1.976628	6.961959
1.976628	7.214641
2.520903	7.214641
2.520903	7.415912
2.967654	7.415912
2.967654	7.663857
3.876341	7.663857
3.876341	7.952650
4.737182	7.952650
4.737182	8.181561
5.463105	8.181561
5.463105	8.456601
6.912599	8.456601
6.912599	8.768540
8.252020	8.768540
8.252020	9.015446
9.388388	9.015446
9.388388	9.300574
11.551540	9.300574
11.551540	9.588783
13.530312	9.588783
13.530312	9.776944
15.198633	9.776944
15.198633	9.959721
18.257283	9.959721
18.257283	10.166198
20.809258	10.166198
20.809258	10.381402
22.775857	10.381402
22.775857	10.767883
25.718690	10.767883
25.718690	11.473397
27.645372	11.473397
27.645372	12.340055
28.930558	12.340055
28.930558	13.678545
30.713608	13.678545
30.713608	15.216009
31.984051	15.216009
31.984051	16.116406
33.019576	16.116406
33.019576	16.778731
34.774016	16.778731
34.774016	17.275822
36.307404	17.275822
36.307404	17.582294
37.674455	17.582294
37.674455	17.863592
40.064216	17.863592
40.064216	18.098063
42.147125	18.098063
42.147125	18.249981
43.978562	18.249981
43.978562	18.410797
46.849596	18.410797
46.849596	18.599391
49.196259	18.599391
49.196259	18.784557
51.132288	18.784557
51.132288	19.043360
53.832091	19.043360
53.832091	19.396432
55.907971	19.396432
55.907971	19.753540
57.552307	19.753540
57.552307	20.189627
59.714654	20.189627
59.714654	20.648812
61.427436	20.648812
61.427436	20.971869
62.877931	20.971869
62.877931	21.221743
64.889284	21.221743
64.889284	21.388384
66.665674	21.388384
66.665674	21.472216
68.291415	21.472216
& cycle # 1, chisq = 160611.555868, e = 33.914190
0.000000	2.871119
0.570292	2.871119
0.570292	3.778134
1.065472	3.778134
1.065472	4.218267
1.394107	4.218267
1.394107	4.646756
1.976628	4.646756
1.976628	5.123673
2.520903	5.123673
2.520903	5.502791
2.967654	5.502791
2.967654	5.967057
3.876341	5.967057
3.876341	6.503256
4.737182	6.503256
4.737182	6.923866
5.463105	6.923866
5.463105	7.422897
6.912599	7.422897
6.912599	7.981130
8.252020	7.981130
8.252020	8.416686
9.388388	8.416686
9.388388	8.911318
11.551540	8.911318
11.551540	9.399215
13.530312	9.399215
13.530312	9.704106
15.198633	9.704106
15.198633	9.976710
18.257283	9.976710
18.257283	10.253869
20.809258	10.253869
20.809258	10.522371
22.775857	10.522371
22.775857	10.986502
25.718690	10.986502
25.718690	11.809832
27.645372	11.809832
27.645372	12.793145
28.930558	12.793145
28.930558	14.258951
30.713608	14.258951
30.713608	15.862386
31.984051	15.862386
31.984051	16.728845
33.019576	16.728845
33.019576	17.292365
34.774016	17.292365
34.774016	17.663558
36.307404	17.663558
36.307404	17.872003
37.674455	17.872003
37.674455	18.051117
40.064216	18.051117
40.064216	18.188829
42.147125	18.188829
42.147125	18.268896
43.978562	18.268896
43.978562	18.345507
46.849596	18.345507
46.849596	18.430130
49.196259	18.430130
49.196259	18.511266
51.132288	18.511266
51.132288	18.624092
53.832091	18.624092
53.832091	18.778329
55.907971	18.778329
55.907971	18.935204
57.552307	18.935204
57.552307	19.128442
59.714654	19.128442
59.714654	19.334396
61.427436	19.334396
61.427436	19.481848
62.877931	19.481848
62.877931	19.598882
64.889284	19.598882
64.889284	19.679946
66.665674	19.679946
66.665674	19.722936
68.291415	19.722936
& cycle # 3, chisq = 172341.441178, e = 33.914190
0.000000	4.686454
0.570292	4.686454
0.570292	5.662593
1.065472	5.662593
1.065472	5.975891
1.394107	5.975891
1.394107	6.275062
1.976628	6.275062
1.976628	6.605673
2.520903	6.605673
2.520903	6.867111
2.967654	6.867111
2.967654	7.185613
3.876341	7.185613
3.876341	7.551464
4.737182	7.551464
4.737182	7.836814
5.463105	7.836814
5.463105	8.173426
6.912599	8.173426
6.912599	8.548237
8.252020	8.548237
8.252020	8.840008
9.388388	8.840008
9.388388	9.172034
11.551540	9.172034
11.551540	9.502537
13.530312	9.502537
13.530312	9.713766
15.198633	9.713766
15.198633	9.912317
18.257283	9.912317
18.257283	10.129078
20.809258	10.129078
20.809258	10.350990
22.775857	10.350990
22.775857	10.747570
25.718690	10.747570
25.718690	11.470316
27.645372	11.470316
27.645372	12.357081
28.930558	12.357081
28.930558	13.724494
30.713608	13.724494
30.713608	15.291296
31.984051	15.291296
31.984051	16.204567
33.019576	16.204567
33.019576	16.870570
34.774016	16.870570
34.774016	17.364368
36.307404	17.364368
36.307404	17.664324
37.674455	17.664324
37.674455	17.933890
40.064216	17.933890
40.064216	18.150908
42.147125	18.150908
42.147125	18.284352
43.978562	18.284352
43.978562	18.417948
46.849596	18.417948
46.849596	18.568275
49.196259	18.568275
49.196259	18.712300
51.132288	18.712300
51.132288	18.910941
53.832091	18.910941
53.832091	19.179883
55.907971	19.179883
55.907971	19.450647
57.552307	19.450647
57.552307	19.780263
59.714654	19.780263
59.714654	20.126407
61.427436	20.126407
61.427436	20.369199
62.877931	20.369199
62.877931	20.556265
64.889284	20.556265
64.889284	20.680382
66.665674	20.680382
66.665674	20.742428
68.291415	20.742428
& cycle # 4, chisq = 160670.961413, e = 33.914190
0.000000	3.502285
0.570292	3.502285
0.570292	4.489811
1.065472	4.489811
1.065472	4.928896
1.394107	4.928896
1.394107	5.347461
1.976628	5.347461
1.976628	5.805395
2.520903	5.805395
2.520903	6.163353
2.967654	6.163353
2.967654	6.593614
3.876341	6.593614
3.876341	7.080127
4.737182	7.080127
4.737182	7.452664
5.463105	7.452664
5.463105	7.882593
6.912599	7.882593
6.912599	8.350378
8.252020	8.350378
8.252020	8.706703
9.388388	8.706703
9.388388	9.104383
11.551540	9.104383
11.551540	9.492284
13.530312	9.492284
13.530312	9.733169
15.198633	9.733169
15.198633	9.949150
18.257283	9.949150
18.257283	10.172550
20.809258	10.172550
20.809258	10.394287
22.775857	10.394287
22.775857	10.786894
25.718690	10.786894
25.718690	11.500150
27.645372	11.500150
27.645372	12.373830
28.930558	12.373830
28.930558	13.719765
30.713608	13.719765
30.713608	15.261750
31.984051	15.261750
31.984051	16.161871
33.019576	16.161871
33.019576	16.821597
34.774016	16.821597
34.774016	17.315392
36.307404	17.315392
36.307404	17.619501
37.674455	17.619501
37.674455	17.898638
40.064216	17.898638
40.064216	18.131418
42.147125	18.131418
42.147125	18.282339
43.978562	18.282339
43.978562	18.442185
46.849596	18.442185
46.849596	18.629683
49.196259	18.629683
49.196259	18.813779
51.132288	18.813779
51.132288	19.071087
53.832091	19.071087
53.832091	19.422135
55.907971	19.422135
55.907971	19.777236
57.552307	19.777236
57.552307	20.210957
59.714654	20.210957
59.714654	20.667793
61.427436	20.667793
61.427436	20.989355
62.877931	20.989355
62.877931	21.238268
64.889284	21.238268
64.889284	21.404479
66.665674	21.404479
66.665674	21.488261
68.291415	21.488261
& cycle # 5, chisq = 157520.645691, e = 33.914190
0.000000	6.030042
0.570292	6.030042
0.570292	7.121412
1.065472	7.121412
1.065472	7.334880
1.394107	7.334880
1.394107	7.520969
1.976628	7.520969
1.976628	7.717381
2.520903	7.717381
2.520903	7.868467
2.967654	7.868467
2.967654	8.050168
3.876341	8.050168
3.876341	8.258888
4.737182	8.258888
4.737182	8.423561
5.463105	8.423561
5.463105	8.622487
6.912599	8.622487
6.912599	8.851284
8.252020	8.851284
8.252020	9.036184
9.388388	9.036184
9.388388	9.256151
11.551540	9.256151
11.551540	9.488762
13.530312	9.488762
13.530312	9.652307
15.198633	9.652307
15.198633	9.830494
18.257283	9.830494
18.257283	10.054809
20.809258	10.054809
20.809258	10.300697
22.775857	10.300697
22.775857	10.745878
25.718690	10.745878
25.718690	11.554399
27.645372	11.554399
27.645372	12.537416
28.930558	12.537416
28.930558	14.029302
30.713608	14.029302
30.713608	15.694735
31.984051	15.694735
31.984051	16.620817
33.019576	16.620817
33.019576	17.247343
34.774016	17.247343
34.774016	17.676861
36.307404	17.676861
36.307404	17.924465
37.674455	17.924465
37.674455	18.140396
40.064216	18.140396
40.064216	18.309192
42.147125	18.309192
42.147125	18.409644
43.978562	18.409644
43.978562	18.508061
46.849596	18.508061
46.849596	18.618454
49.196259	18.618454
49.196259	18.725043
51.132288	18.725043
51.132288	18.873649
53.832091	18.873649
53.832091	19.076991
55.907971	19.076991
55.907971	19.283865
57.552307	19.283865
57.552307	19.538665
59.714654	19.538665
59.714654	19.810144
61.427436	19.810144
61.427436	20.004410
62.877931	20.004410
62.877931	20.158483
64.889284	20.158483
64.889284	20.265092
66.665674	20.265092
66.665674	20.321555
68.291415	20.321555
& cycle # 6, chisq = 172692.028208, e = 33.914190
0.000000	4.763356
0.521538	4.763356
0.521538	5.606959
0.996628	5.606959
0.996628	5.936616
1.308832	5.936616
1.308832	6.249331
1.875563	6.249331
1.875563	6.593326
2.405362	6.593326
2.405362	6.862315
2.838596	6.862315
2.838596	7.192929
3.743631	7.192929
3.743631	7.574208
4.600301	7.574208
4.600301	7.869721
5.320136	7.869721
5.320136	8.216666
6.798147	8.216666
6.798147	8.585033
8.171580	8.585033
8.171580	8.851553
9.341620	8.851553
9.341620	9.158898
11.627662	9.158898
11.627662	9.513629
13.677750	9.513629
13.677750	9.805587
15.349146	9.805587
15.349146	10.155306
18.361984	10.155306
18.361984	10.540194
20.795567	10.540194
20.795567	10.842422
22.665199	10.842422
22.665199	11.241700
25.594787	11.241700
25.594787	11.858768
27.571657	11.858768
27.571657	12.593090
28.906707	12.593090
28.906707	13.807051
30.770090	13.807051
30.770090	15.310328
32.040436	15.310328
32.040436	16.163193
33.051149	16.163193
33.051149	16.680221
34.786916	16.680221
34.786916	16.985737
36.296505	16.985737
36.296505	17.148118
37.638742	17.148118
37.638742	17.286418
40.034383	17.286418
40.034383	17.389205
42.114991	17.389205
42.114991	17.444646
43.939943	17.444646
43.939943	17.494007
46.850692	17.494007
46.850692	17.545949
49.212446	17.545949
49.212446	17.594556
51.148038	17.594556
51.148038	17.662486
53.873165	17.662486
53.873165	17.756070
55.941127	17.756070
55.941127	17.850877
57.563619	17.850877
57.563619	17.967197
59.718071	17.967197
59.718071	18.088570
61.416017	18.088570
61.416017	18.171518
62.854834	18.171518
62.854834	18.234398
64.886659	18.234398
64.886659	18.275998
66.682293	18.275998
66.682293	18.297258
68.324534	18.297258
& cycle # 2, chisq = 197015.224838, e = 35.127884
0.000000	2.620395
0.521538	2.620395
0.521538	3.460765
0.996628	3.460765
0.996628	3.914658
1.308832	3.914658
1.308832	4.360779
1.875563	4.360779
1.875563	4.863123
2.405362	4.863123
2.405362	5.263358
2.838596	5.263358
2.838596	5.762909
3.743631	5.762909
3.743631	6.345512
4.600301	6.345512
4.600301	6.799837
5.320136	6.799837
5.320136	7.332376
6.798147	7.332376
6.798147	7.891478
8.171580	7.891478
8.171580	8.287175
9.341620	8.287175
9.341620	8.728654
11.627662	8.728654
11.627662	9.219336
13.677750	9.219336
13.677750	9.607384
15.349146	9.607384
15.349146	10.050506
18.361984	10.050506
18.361984	10.510275
20.795567	10.510275
20.795567	10.846429
22.665199	10.846429
22.665199	11.259836
25.594787	11.259836
25.594787	11.874340
27.571657	11.874340
27.571657	12.602797
28.906707	12.602797
28.906707	13.826368
30.770090	13.826368
30.770090	15.387109
32.040436	15.387109
32.040436	16.325605
33.051149	16.325605
33.051149	16.964141
34.786916	16.964141
34.786916	17.403145
36.296505	17.403145
36.296505	17.664251
37.638742	17.664251
37.638742	17.903575
40.034383	17.903575
40.034383	18.098736
42.114991	18.098736
42.114991	18.219516
43.939943	18.219516
43.939943	18.344071
46.850692	18.344071
46.850692	18.488876
49.212446	18.488876
49.212446	18.630869
51.148038	18.630869
51.148038	18.832844
53.873165	18.832844
53.873165	19.112936
55.941127	19.112936
55.941127	19.397159
57.563619	19.397159
57.563619	19.745476
59.718071	19.745476
59.718071	20.107813
61.416017	20.107813
61.416017	20.354147
62.854834	20.354147
62.854834	20.539311
64.886659	20.539311
64.886659	20.660206
66.682293	20.660206
66.682293	20.720820
68.324534	20.720820
& cycle # 3, chisq = 143495.983927, e = 35.127884
0.000000	4.819035
0.521538	4.819035
0.521538	5.635599
0.996628	5.635599
0.996628	5.941517
1.308832	5.941517
1.308832	6.237458
1.875563	6.237458
1.875563	6.567135
2.405362	6.567135
2.405362	6.827104
2.838596	6.827104
2.838596	7.148116
3.743631	7.148116
3.743631	7.518695
4.600301	7.518695
4.600301	7.805224
5.320136	7.805224
5.320136	8.139368
6.798147	8.139368
6.798147	8.490161
8.171580	8.490161
8.171580	8.739975
9.341620	8.739975
9.341620	9.022873
11.627662	9.022873
11.627662	9.344581
13.677750	9.344581
13.677750	9.606968
15.349146	9.606968
15.349146	9.920975
18.361984	9.920975
18.361984	10.270806
20.795567	10.270806
20.795567	10.553671
22.665199	10.553671
22.665199	10.943609
25.594787	10.943609
25.594787	11.568513
27.571657	11.568513
27.571657	12.331279
28.906707	12.331279
28.906707	13.626497
30.770090	13.626497
30.770090	15.294497
32.040436	15.294497
32.040436	16.312253
33.051149	16.312253
33.051149	17.020318
34.786916	17.020318
34.786916	17.516755
36.296505	17.516755
36.296505	17.813521
37.638742	17.813521
37.638742	18.083535
40.034383	18.083535
40.034383	18.300031
42.114991	18.300031
42.114991	18.430188
43.939943	18.430188
43.939943	18.559834
46.850692	18.559834
46.850692	18.706355
49.212446	18.706355
49.212446	18.847426
51.148038	18.847426
51.148038	19.045829
53.873165	19.045829
53.873165	19.318819
55.941127	19.318819
55.941127	19.594113
57.563619	19.594113
57.563619	19.929429
59.718071	19.929429
59.718071	20.275715
61.416017	20.275715
61.416017	20.508762
62.854834	20.508762
62.854834	20.681324
64.886659	20.681324
64.886659	20.791506
66.682293	20.791506
66.682293	20.845069
68.324534	20.845069
& cycle # 4, chisq = 148831.333246, e = 35.127884
0.000000	2.846392
0.521538	2.846392
0.521538	3.662199
0.996628	3.662199
0.996628	4.077808
1.308832	4.077808
1.308832	4.481135
1.875563	4.481135
1.875563	4.932088
2.405362	4.932088
2.405362	5.290173
2.838596	5.290173
2.838596	5.737518
3.743631	5.737518
3.743631	6.262199
4.600301	6.262199
4.600301	6.675795
5.320136	6.675795
5.320136	7.169599
6.798147	7.169599
6.798147	7.702322
8.171580	7.702322
8.171580	8.093230
9.341620	8.093230
9.341620	8.547291
11.627662	8.547291
11.627662	9.069174
13.677750	9.069174
13.677750	9.492107
15.349146	9.492107
15.349146	9.983367
18.361984	9.983367
18.361984	10.496797
20.795567	10.496797
20.795567	10.869540
22.665199	10.869540
22.665199	11.317941
25.594787	11.317941
25.594787	11.969769
27.571657	11.969769
27.571657	12.731342
28.906707	12.731342
28.906707	13.994545
30.770090	13.994545
30.770090	15.579065
32.040436	15.579065
32.040436	16.504377
33.051149	16.504377
33.051149	17.102982
34.786916	17.102982
34.786916	17.493663
36.296505	17.493663
36.296505	17.721306
37.638742	17.721306
37.638742	17.932141
40.034383	17.932141
40.034383	18.109600
42.114991	18.109600
42.114991	18.225693
43.939943	18.225693
43.939943	18.353515
46.850692	18.353515
46.850692	18.510102
49.212446	18.510102
49.212446	18.668917
51.148038	18.668917
51.148038	18.899625
53.873165	18.899625
53.873165	19.224209
55.941127	19.224209
55.941127	19.557322
57.563619	19.557322
57.563619	19.969977
59.718071	19.969977
59.718071	20.404592
61.416017	20.404592
61.416017	20.704998
62.854834	20.704998
62.854834	20.936100
64.886659	20.936100
64.886659	21.091827
66.682293	21.091827
66.682293	21.172956
68.324534	21.172956
& cycle # 5, chisq = 143098.378157, e = 35.127884
0.000000	6.365271
0.521538	6.365271
0.521538	7.188118
0.996628	7.188118
0.996628	7.388916
1.308832	7.388916
1.308832	7.568365
1.875563	7.568365
1.875563	7.759990
2.405362	7.759990
2.405362	7.907413
2.838596	7.907413
2.838596	8.087767
3.743631	8.087767
3.743631	8.296964
4.600301	8.296964
4.600301	8.461602
5.320136	8.461602
5.320136	8.660244
6.798147	8.660244
6.798147	8.879717
8.171580	8.879717
8.171580	9.046940
9.341620	9.046940
9.341620	9.251271
11.627662	9.251271
11.627662	9.499879
13.677750	9.499879
13.677750	9.714722
15.349146	9.714722
15.349146	9.987413
18.361984	9.987413
18.361984	10.310828
20.795567	10.310828
20.795567	10.589256
22.665199	10.589256
22.665199	10.992845
25.594787	10.992845
25.594787	11.653971
27.571657	11.653971
27.571657	12.461121
28.906707	12.461121
28.906707	13.816501
30.770090	13.816501
30.770090	15.528646
32.040436	15.528646
32.040436	16.536747
33.051149	16.536747
33.051149	17.194590
34.786916	17.194590
34.786916	17.623836
36.296505	17.623836
36.296505	17.870044
37.638742	17.870044
37.638742	18.091229
40.034383	18.091229
40.034383	18.268206
42.114991	18.268206
42.114991	18.375616
43.939943	18.375616
43.939943	18.485269
46.850692	18.485269
46.850692	18.613041
49.212446	18.613041
49.212446	18.739345
51.148038	18.739345
51.148038	18.920604
53.873165	18.920604
53.873165	19.174028
55.941127	19.174028
55.941127	19.433235
57.563619	19.433235
57.563619	19.753743
59.718071	19.753743
59.718071	20.090925
61.416017	20.090925
61.416017	20.323830
62.854834	20.323830
62.854834	20.503035
64.886659	20.503035
64.886659	20.624047
66.682293	20.624047
66.682293	20.687492
68.324534	20.687492
& cycle # 6, chisq = 158461.994721, e = 35.127884
0.000000	2.988921
0.598134	2.988921
0.598134	3.962335
1.102600	3.962335
1.102600	4.395960
1.439405	4.395960
1.439405	4.817575
2.027894	4.817575
2.027894	5.286532
2.577571	5.286532
2.577571	5.661526
3.029795	5.661526
3.029795	6.119438
3.934893	6.119438
3.934893	6.650159
4.792806	6.650159
4.792806	7.070599
5.518260	7.070599
5.518260	7.564185
6.948180	7.564185
6.948180	8.101473
8.279582	8.101473
8.279582	8.508679
9.420117	8.508679
9.420117	8.962181
11.576916	8.962181
11.576916	9.417017
13.561422	9.417017
13.561422	9.718109
15.237648	9.718109
15.237648	10.004099
18.261159	10.004099
18.261159	10.298888
20.789964	10.298888
20.789964	10.572440
22.751782	10.572440
22.751782	11.026221
25.676691	11.026221
25.676691	11.831406
27.617396	11.831406
27.617396	12.821635
28.918581	12.821635
28.918581	14.333217
30.698939	14.333217
30.698939	15.990693
31.972195	15.990693
31.972195	16.852934
33.017203	16.852934
33.017203	17.377019
34.775978	17.377019
34.775978	17.716645
36.321186	17.716645
36.321186	17.911814
37.701723	17.911814
37.701723	18.080101
40.085334	18.080101
40.085334	18.209905
42.167829	18.209905
42.167829	18.286248
44.002245	18.286248
44.002245	18.359376
46.849557	18.359376
46.849557	18.439870
49.188546	18.439870
49.188546	18.516845
51.127001	18.516845
51.127001	18.622740
53.815829	18.622740
53.815829	18.766271
55.900320	18.766271
55.900320	18.912339
57.561190	18.912339
57.561190	19.092548
59.732253	19.092548
59.732253	19.286969
61.456646	19.286969
61.456646	19.429982
62.915832	19.429982
62.915832	19.546487
64.915982	19.546487
64.915982	19.629218
66.680784	19.629218
66.680784	19.673841
68.296142	19.673841
& cycle # 3, chisq = 172819.092894, e = 33.182400
0.000000	4.578912
0.598134	4.578912
0.598134	5.729812
1.102600	5.729812
1.102600	6.053708
1.439405	6.053708
1.439405	6.358495
2.027894	6.358495
2.027894	6.693469
2.577571	6.693469
2.577571	6.958892
3.029795	6.958892
3.029795	7.279876
3.934893	7.279876
3.934893	7.647882
4.792806	7.647882
4.792806	7.936026
5.518260	7.936026
5.518260	8.270225
6.948180	8.270225
6.948180	8.630137
8.279582	8.630137
8.279582	8.901005
9.420117	8.901005
9.420117	9.202830
11.576916	9.202830
11.576916	9.508963
13.561422	9.508963
13.561422	9.717237
15.237648	9.717237
15.237648	9.926455
18.261159	9.926455
18.261159	10.159787
20.789964	10.159787
20.789964	10.391620
22.751782	10.391620
22.751782	10.791940
25.676691	10.791940
25.676691	11.518722
27.617396	11.518722
27.617396	12.429053
28.918581	12.429053
28.918581	13.852093
30.698939	13.852093
30.698939	15.471530
31.972195	15.471530
31.972195	16.375489
33.017203	16.375489
33.017203	16.994894
34.775978	16.994894
34.775978	17.448282
36.321186	17.448282
36.321186	17.728401
37.701723	17.728401
37.701723	17.980385
40.085334	17.980385
40.085334	18.184114
42.167829	18.184114
42.167829	18.311081
44.002245	18.311081
44.002245	18.438574
46.849557	18.438574
46.849557	18.581812
49.188546	18.581812
49.188546	18.718899
51.127001	18.718899
51.127001	18.906124
53.815829	18.906124
53.815829	19.157604
55.900320	19.157604
55.900320	19.411052
57.561190	19.411052
57.561190	19.720248
59.732253	19.720248
59.732253	20.049235
61.456646	20.049235
61.456646	20.286743
62.915832	20.286743
62.915832	20.475201
64.915982	20.475201
64.915982	20.604192
66.680784	20.604192
66.680784	20.670474
68.296142	20.670474
& cycle # 4, chisq = 161793.364339, e = 33.182400
0.000000	3.034973
0.598134	3.034973
0.598134	4.099812
1.102600	4.099812
1.102600	4.588345
1.439405	4.588345
1.439405	5.058496
2.027894	5.058496
2.027894	5.573590
2.577571	5.573590
2.577571	5.977631
3.029795	5.977631
3.029795	6.458707
3.934893	6.458707
3.934893	6.999213
4.792806	6.999213
4.792806	7.412077
5.518260	7.412077
5.518260	7.876385
6.948180	7.876385
6.948180	8.358958
8.279582	8.358958
8.279582	8.708926
9.420117	8.708926
9.420117	9.085688
11.576916	9.085688
11.576916	9.455225
13.561422	9.455225
13.561422	9.696419
15.237648	9.696419
15.237648	9.925007
18.261159	9.925007
18.261159	10.164792
20.789964	10.164792
20.789964	10.393971
22.751782	10.393971
22.751782	10.784281
25.676691	10.784281
25.676691	11.491063
27.617396	11.491063
27.617396	12.377311
28.918581	12.377311
28.918581	13.766902
30.698939	13.766902
30.698939	15.356627
31.972195	15.356627
31.972195	16.253109
33.017203	16.253109
33.017203	16.878266
34.775978	16.878266
34.775978	17.344876
36.321186	17.344876
36.321186	17.638190
37.701723	17.638190
37.701723	17.907574
40.085334	17.907574
40.085334	18.132624
42.167829	18.132624
42.167829	18.279770
44.002245	18.279770
44.002245	18.435129
46.849557	18.435129
46.849557	18.616276
49.188546	18.616276
49.188546	18.793548
51.127001	18.793548
51.127001	19.038693
53.815829	19.038693
53.815829	19.370442
55.900320	19.370442
55.900320	19.706421
57.561190	19.706421
57.561190	20.117814
59.732253	20.117814
59.732253	20.557082
61.456646	20.557082
61.456646	20.875551
62.915832	20.875551
62.915832	21.129700
64.915982	21.129700
64.915982	21.305046
66.680784	21.305046
66.680784	21.396115
68.296142	21.396115
& cycle # 5, chisq = 157135.356620, e = 33.182400
0.000000	5.796851
0.598134	5.796851
0.598134	7.044716
1.102600	7.044716
1.102600	7.276718
1.439405	7.276718
1.439405	7.476595
2.027894	7.476595
2.027894	7.687329
2.577571	7.687329
2.577571	7.850559
3.029795	7.850559
3.029795	8.046385
3.934893	8.046385
3.934893	8.271857
4.792806	8.271857
4.792806	8.450998
5.518260	8.450998
5.518260	8.664175
6.948180	8.664175
6.948180	8.901690
8.279582	8.901690
8.279582	9.087528
9.420117	9.087528
9.420117	9.303600
11.576916	9.303600
11.576916	9.534143
13.561422	9.534143
13.561422	9.702412
15.237648	9.702412
15.237648	9.889062
18.261159	9.889062
18.261159	10.118654
20.789964	10.118654
20.789964	10.360517
22.751782	10.360517
22.751782	10.785969
25.676691	10.785969
25.676691	11.557865
27.617396	11.557865
27.617396	12.516827
28.918581	12.516827
28.918581	13.993439
30.698939	13.993439
30.698939	15.631636
31.972195	15.631636
31.972195	16.501904
33.017203	16.501904
33.017203	17.049442
34.775978	17.049442
34.775978	17.416163
36.321186	17.416163
36.321186	17.629913
37.701723	17.629913
37.701723	17.814204
40.085334	17.814204
40.085334	17.955376
42.167829	17.955376
42.167829	18.037185
44.002245	18.037185
44.002245	18.113923
46.849557	18.113923
46.849557	18.196757
49.188546	18.196757
49.188546	18.274886
51.127001	18.274886
51.127001	18.381421
53.815829	18.381421
53.815829	18.524943
55.900320	18.524943
55.900320	18.670319
57.561190	18.670319
57.561190	18.848900
59.732253	18.848900
59.732253	19.040653
61.456646	19.040653
61.456646	19.180854
62.915832	19.180854
62.915832	19.294132
64.915982	19.294132
64.915982	19.373680
66.680784	19.373680
66.680784	19.415982
68.296142	19.415982
& cycle # 6, chisq = 183681.166663, e = 33.182400
0.000000	5.777673
0.598134	5.777673
0.598134	7.104275
1.102600	7.104275
1.102600	7.331830
1.439405	7.331830
1.439405	7.524097
2.027894	7.524097
2.027894	7.725499
2.577571	7.725499
2.577571	7.880895
3.029795	7.880895
3.029795	8.066763
3.934893	8.066763
3.934893	8.280214
4.792806	8.280214
4.792806	8.449434
5.518260	8.449434
5.518260	8.650491
6.948180	8.650491
6.948180	8.874372
8.279582	8.874372
8.279582	9.049689
9.420117	9.049689
9.420117	9.254194
11.576916	9.254194
11.576916	9.473865
13.561422	9.473865
13.561422	9.636092
15.237648	9.636092
15.237648	9.819396
18.261159	9.819396
18.261159	10.049356
20.789964	10.049356
20.789964	10.294952
22.751782	10.294952
22.751782	10.730204
25.676691	10.730204
25.676691	11.523366
27.617396	11.523366
27.617396	12.512389
28.918581	12.512389
28.918581	14.042618
30.698939	14.042618
30.698939	15.752933
31.972195	15.752933
31.972195	16.674303
33.017203	16.674303
33.017203	17.267932
34.775978	17.267932
34.775978	17.675281
36.321186	17.675281
36.321186	17.916176
37.701723	17.916176
37.701723	18.125764
40.085334	18.125764
40.085334	18.288265
42.167829	18.288265
42.167829	18.384217
44.002245	18.384217
44.002245	18.476195
46.849557	18.476195
46.849557	18.577191
49.188546	18.577191
49.188546	18.673443
51.127001	18.673443
51.127001	18.805466
53.815829	18.805466
53.815829	18.984010
55.900320	18.984010
55.900320	19.165385
57.561190	19.165385
57.561190	19.388781
59.732253	19.388781
59.732253	19.629358
61.456646	19.629358
61.456646	19.805919
62.915832	19.805919
62.915832	19.949316
64.915982	19.949316
64.915982	20.050727
66.680784	20.050727
66.680784	20.105148
68.296142	20.105148
& cycle # 7, chisq = 174489.747896, e = 33.182400
0.000000	8.232703
0.545675	8.232703
0.545675	9.250826
1.033803	9.250826
1.033803	9.360552
1.355777	9.360552
1.355777	9.451122
1.934987	9.451122
1.934987	9.545557
2.476343	9.545557
2.476343	9.617681
2.919659	9.617681
2.919659	9.705208
3.836426	9.705208
3.836426	9.806467
4.704486	9.806467
4.704486	9.886403
5.434888	9.886403
5.434888	9.983637
6.917733	9.983637
6.917733	10.096556
8.286323	10.096556
8.286323	10.190949
9.440406	10.190949
9.440406	10.313737
11.643040	10.313737
11.643040	10.459940
13.612794	10.459940
13.612794	10.573911
15.242285	10.573911
15.242285	10.702127
18.244102	10.702127
18.244102	10.854685
20.752285	10.854685
20.752285	11.012597
22.701249	11.012597
22.701249	11.301303
25.693270	11.301303
25.693270	11.845821
27.656759	11.845821
27.656759	12.543066
28.956110	12.543066
28.956110	13.684652
30.749842	13.684652
30.749842	15.046987
32.001913	15.046987
32.001913	15.829702
33.017597	15.829702
33.017597	16.387618
34.763827	16.387618
34.763827	16.805873
36.288151	16.805873
36.288151	17.066189
37.645012	17.066189
37.645012	17.307258
40.047008	17.307258
40.047008	17.508421
42.134316	17.508421
42.134316	17.638848
43.964920	17.638848
43.964920	17.779659
46.861094	17.779659
46.861094	17.948473
49.213255	17.948473
49.213255	18.116613
51.143133	18.116613
51.143133	18.355665
53.847475	18.355665
53.847475	18.685270
55.909667	18.685270
55.909667	19.017817
57.535357	19.017817
57.535357	19.421237
59.692133	19.421237
59.692133	19.837873
61.402182	19.837873
61.402182	20.121719
62.855948	20.121719
62.855948	20.336574
64.900749	20.336574
64.900749	20.479174
66.711278	20.479174
66.711278	20.552518
68.369986	20.552518
& cycle # 1, chisq = 193501.877957, e = 34.667181
0.000000	3.093674
0.545675	3.093674
0.545675	3.977724
1.033803	3.977724
1.033803	4.417394
1.355777	4.417394
1.355777	4.843895
1.934987	4.843895
1.934987	5.317814
2.476343	5.317814
2.476343	5.691494
2.919659	5.691494
2.919659	6.149135
3.836426	6.149135
3.836426	6.673149
4.704486	6.673149
4.704486	7.075179
5.434888	7.075179
5.434888	7.539815
6.917733	7.539815
6.917733	8.043576
8.286323	8.043576
8.286323	8.434163
9.440406	8.434163
9.440406	8.904607
11.643040	8.904607
11.643040	9.418211
13.612794	9.418211
13.612794	9.772380
15.242285	9.772380
15.242285	10.093968
18.244102	10.093968
18.244102	10.376813
20.752285	10.376813
20.752285	10.605771
22.701249	10.605771
22.701249	10.985822
25.693270	10.985822
25.693270	11.679872
27.656759	11.679872
27.656759	12.552478
28.956110	12.552478
28.956110	13.954457
30.749842	13.954457
30.749842	15.586611
32.001913	15.586611
32.001913	16.486764
33.017597	16.486764
33.017597	17.089620
34.763827	17.089620
34.763827	17.514888
36.288151	17.514888
36.288151	17.768729
37.645012	17.768729
37.645012	17.995251
40.047008	17.995251
40.047008	18.174362
42.134316	18.174362
42.134316	18.281879
43.964920	18.281879
43.964920	18.389489
46.861094	18.389489
46.861094	18.512310
49.213255	18.512310
49.213255	18.631726
51.143133	18.631726
51.143133	18.799837
53.847475	18.799837
53.847475	19.030834
55.909667	19.030834
55.909667	19.263887
57.535357	19.263887
57.535357	19.547285
59.692133	19.547285
59.692133	19.841274
61.402182	19.841274
61.402182	20.043004
62.855948	20.043004
62.855948	20.197403
64.900749	20.197403
64.900749	20.301540
66.711278	20.301540
66.711278	20.356223
68.369986	20.356223
& cycle # 3, chisq = 159471.438966, e = 34.667181
0.000000	4.905700
0.545675	4.905700
0.545675	5.765981
1.033803	5.765981
1.033803	6.051267
1.355777	6.051267
1.355777	6.325560
1.934987	6.325560
1.934987	6.630945
2.476343	6.630945
2.476343	6.872996
2.919659	6.872996
2.919659	7.171894
3.836426	7.171894
3.836426	7.518036
4.704486	7.518036
4.704486	7.787526
5.434888	7.787526
5.434888	8.105197
6.917733	8.105197
6.917733	8.457798
8.286323	8.457798
8.286323	8.737676
9.440406	8.737676
9.440406	9.081760
11.643040	9.081760
11.643040	9.464597
13.612794	9.464597
13.612794	9.734927
15.242285	9.734927
15.242285	9.991081
18.244102	9.991081
18.244102	10.233022
20.752285	10.233022
20.752285	10.443219
22.701249	10.443219
22.701249	10.803757
25.693270	10.803757
25.693270	11.471348
27.656759	11.471348
27.656759	12.319322
28.956110	12.319322
28.956110	13.699095
30.749842	13.699095
30.749842	15.335161
32.001913	15.335161
32.001913	16.267037
33.017597	16.267037
33.017597	16.923491
34.763827	16.923491
34.763827	17.409186
36.288151	17.409186
36.288151	17.706942
37.645012	17.706942
37.645012	17.976123
40.047008	17.976123
40.047008	18.191238
42.134316	18.191238
42.134316	18.321442
43.964920	18.321442
43.964920	18.451658
46.861094	18.451658
46.861094	18.598888
49.213255	18.598888
49.213255	18.740342
51.143133	18.740342
51.143133	18.937316
53.847475	18.937316
53.847475	19.205420
55.909667	19.205420
55.909667	19.473515
57.535357	19.473515
57.535357	19.796340
59.692133	19.796340
59.692133	20.127119
61.402182	20.127119
61.402182	20.350154
62.855948	20.350154
62.855948	20.516521
64.900749	20.516521
64.900749	20.624692
66.711278	20.624692
66.711278	20.678918
68.369986	20.678918
& cycle # 4, chisq = 157820.228245, e = 34.667181
0.000000	2.705798
0.545675	2.705798
0.545675	3.649596
1.033803	3.649596
1.033803	4.145598
1.355777	4.145598
1.355777	4.619190
1.934987	4.619190
1.934987	5.137802
2.476343	5.137802
2.476343	5.541123
2.919659	5.541123
2.919659	6.028441
3.836426	6.028441
3.836426	6.579255
4.704486	6.579255
4.704486	6.996578
5.434888	6.996578
5.434888	7.472757
6.917733	7.472757
6.917733	7.982655
8.286323	7.982655
8.286323	8.373935
9.440406	8.373935
9.440406	8.842072
11.643040	8.842072
11.643040	9.351294
13.612794	9.351294
13.612794	9.701765
15.242285	9.701765
15.242285	10.019668
18.244102	10.019668
18.244102	10.299103
20.752285	10.299103
20.752285	10.525217
22.701249	10.525217
22.701249	10.900374
25.693270	10.900374
25.693270	11.585135
27.656759	11.585135
27.656759	12.445728
28.956110	12.445728
28.956110	13.828323
30.749842	13.828323
30.749842	15.439151
32.001913	15.439151
32.001913	16.330342
33.017597	16.330342
33.017597	16.932993
34.763827	16.932993
34.763827	17.366020
36.288151	17.366020
36.288151	17.631315
37.645012	17.631315
37.645012	17.877581
40.047008	17.877581
40.047008	18.085475
42.134316	18.085475
42.134316	18.222955
43.964920	18.222955
43.964920	18.374623
46.861094	18.374623
46.861094	18.559406
49.213255	18.559406
49.213255	18.745255
51.143133	18.745255
51.143133	19.010955
53.847475	19.010955
53.847475	19.378524
55.909667	19.378524
55.909667	19.750189
57.535357	19.750189
57.535357	20.201834
59.692133	20.201834
59.692133	20.669070
61.402182	20.669070
61.402182	20.988073
62.855948	20.988073
62.855948	21.230249
64.900749	21.230249
64.900749	21.391619
66.711278	21.391619
66.711278	21.475008
68.369986	21.475008
& cycle # 5, chisq = 155680.562141, e = 34.667181
0.000000	6.438183
0.545675	6.438183
0.545675	7.341429
1.033803	7.341429
1.033803	7.533321
1.355777	7.533321
1.355777	7.701467
1.934987	7.701467
1.934987	7.878767
2.476343	7.878767
2.476343	8.014184
2.919659	8.014184
2.919659	8.177670
3.836426	8.177670
3.836426	8.365359
4.704486	8.365359
4.704486	8.512149
5.434888	8.512149
5.434888	8.688655
6.917733	8.688655
6.917733	8.890935
8.286323	8.890935
8.286323	9.057705
9.440406	9.057705
9.440406	9.271305
11.643040	9.271305
11.643040	9.520486
13.612794	9.520486
13.612794	9.708707
15.242285	9.708707
15.242285	9.909260
18.244102	9.909260
18.244102	10.132094
20.752285	10.132094
20.752285	10.351406
22.701249	10.351406
22.701249	10.742713
25.693270	10.742713
25.693270	11.469658
27.656759	11.469658
27.656759	12.387270
28.956110	12.387270
28.956110	13.861002
30.749842	13.861002
30.749842	15.569729
32.001913	15.569729
32.001913	16.501845
33.017597	16.501845
33.017597	17.112249
34.763827	17.112249
34.763827	17.531760
36.288151	17.531760
36.288151	17.777697
37.645012	17.777697
37.645012	17.994606
40.047008	17.994606
40.047008	18.163853
42.134316	18.163853
42.134316	18.263756
43.964920	18.263756
43.964920	18.362345
46.861094	18.362345
46.861094	18.474149
49.213255	18.474149
49.213255	18.582763
51.143133	18.582763
51.143133	18.735892
53.847475	18.735892
53.847475	18.946740
55.909667	18.946740
55.909667	19.159980
57.535357	19.159980
57.535357	19.420071
59.692133	19.420071
59.692133	19.690959
61.402182	19.690959
61.402182	19.877903
62.855948	19.877903
62.855948	20.022181
64.900749	20.022181
64.900749	20.120625
66.711278	20.120625
66.711278	20.173063
68.369986	20.173063
& cycle # 6, chisq = 172584.911325, e = 34.667181
0.000000	2.983249
0.545000	2.983249
0.545000	3.866525
1.033371	3.866525
1.033371	4.315638
1.355390	4.315638
1.355390	4.751502
1.935182	4.751502
1.935182	5.235591
2.477092	5.235591
2.477092	5.616663
2.920800	5.616663
2.920800	6.082326
3.839269	6.082326
3.839269	6.613477
4.708905	6.613477
4.708905	7.018903
5.440460	7.018903
5.440460	7.486654
6.925939	7.486654
6.925939	7.996784
8.293995	7.996784
8.293995	8.395755
9.444757	8.395755
9.444757	8.877537
11.637935	8.877537
11.637935	9.398469
13.598404	9.398469
13.598404	9.747750
15.223494	9.747750
15.223494	10.050652
18.232321	10.050652
18.232321	10.308016
20.754867	10.308016
20.754867	10.519053
22.715551	10.519053
22.715551	10.879932
25.720973	10.879932
25.720973	11.552853
27.682585	11.552853
27.682585	12.413173
28.973513	12.413173
28.973513	13.812981
30.748877	13.812981
30.748877	15.445572
31.989270	15.445572
31.989270	16.341611
32.999713	16.341611
32.999713	16.956716
34.744302	16.956716
34.744302	17.414745
36.268942	17.414745
36.268942	17.700007
37.626227	17.700007
37.626227	17.960807
40.031215	17.960807
40.031215	18.171695
42.121616	18.171695
42.121616	18.301383
43.955591	18.301383
43.955591	18.433558
46.860649	18.433558
46.860649	18.585534
49.220805	18.585534
49.220805	18.733420
51.157384	18.733420
51.157384	18.941530
53.871912	18.941530
53.871912	19.227555
55.939323	19.227555
55.939323	19.516399
57.566314	19.516399
57.566314	19.868195
59.720595	19.868195
59.720595	20.233340
61.423436	20.233340
61.423436	20.482857
62.867970	20.482857
62.867970	20.671643
64.897863	20.671643
64.897863	20.796447
66.693758	20.796447
66.693758	20.860306
68.338925	20.860306
& cycle # 3, chisq = 156406.065116, e = 34.711217
0.000000	4.969230
0.545000	4.969230
0.545000	5.778469
1.033371	5.778469
1.033371	6.059076
1.355390	6.059076
1.355390	6.328763
1.935182	6.328763
1.935182	6.628934
2.477092	6.628934
2.477092	6.866819
2.920800	6.866819
2.920800	7.160859
3.839269	7.160859
3.839269	7.501755
4.708905	7.501755
4.708905	7.767616
5.440460	7.767616
5.440460	8.083328
6.925939	8.083328
6.925939	8.439250
8.293995	8.439250
8.293995	8.726551
9.444757	8.726551
9.444757	9.082662
11.637935	9.082662
11.637935	9.476555
13.598404	9.476555
13.598404	9.748109
15.223494	9.748109
15.223494	9.996070
18.232321	9.996070
18.232321	10.225859
20.754867	10.225859
20.754867	10.429626
22.715551	10.429626
22.715551	10.788100
25.720973	10.788100
25.720973	11.462101
27.682585	11.462101
27.682585	12.327503
28.973513	12.327503
28.973513	13.741501
30.748877	13.741501
30.748877	15.399567
31.989270	15.399567
31.989270	16.317537
32.999713	16.317537
32.999713	16.954985
34.744302	16.954985
34.744302	17.433018
36.268942	17.433018
36.268942	17.730571
37.626227	17.730571
37.626227	18.000773
40.031215	18.000773
40.031215	18.216301
42.121616	18.216301
42.121616	18.345836
43.955591	18.345836
43.955591	18.474324
46.860649	18.474324
46.860649	18.618865
49.220805	18.618865
49.220805	18.757561
51.157384	18.757561
51.157384	18.951093
53.871912	18.951093
53.871912	19.215582
55.939323	19.215582
55.939323	19.481524
57.566314	19.481524
57.566314	19.804104
59.720595	19.804104
59.720595	20.137327
61.423436	20.137327
61.423436	20.363522
62.867970	20.363522
62.867970	20.532987
64.897863	20.532987
64.897863	20.643431
66.693758	20.643431
66.693758	20.698914
68.338925	20.698914
& cycle # 4, chisq = 159492.780483, e = 34.711217
0.000000	2.882408
0.545000	2.882408
0.545000	3.797182
1.033371	3.797182
1.033371	4.267870
1.355390	4.267870
1.355390	4.720392
1.935182	4.720392
1.935182	5.218579
2.477092	5.218579
2.477092	5.607538
2.920800	5.607538
2.920800	6.079210
3.839269	6.079210
3.839269	6.613652
4.708905	6.613652
4.708905	7.019323
5.440460	7.019323
5.440460	7.485234
6.925939	7.485234
6.925939	7.991659
8.293995	7.991659
8.293995	8.386974
9.444757	8.386974
9.444757	8.864160
11.637935	8.864160
11.637935	9.380574
13.598404	9.380574
13.598404	9.727659
15.223494	9.727659
15.223494	10.030368
18.232321	10.030368
18.232321	10.290157
20.754867	10.290157
20.754867	10.504999
22.715551	10.504999
22.715551	10.872702
25.720973	10.872702
25.720973	11.556581
27.682585	11.556581
27.682585	12.427594
28.973513	12.427594
28.973513	13.836605
30.748877	13.836605
30.748877	15.465094
31.989270	15.465094
31.989270	16.344275
32.999713	16.344275
32.999713	16.933271
34.744302	16.933271
34.744302	17.364542
36.268942	17.364542
36.268942	17.633313
37.626227	17.633313
37.626227	17.883205
40.031215	17.883205
40.031215	18.092426
42.121616	18.092426
42.121616	18.228595
43.955591	18.228595
43.955591	18.376448
46.860649	18.376448
46.860649	18.554841
49.220805	18.554841
49.220805	18.733592
51.157384	18.733592
51.157384	18.989347
53.871912	18.989347
53.871912	19.344390
55.939323	19.344390
55.939323	19.705311
57.566314	19.705311
57.566314	20.147181
59.720595	20.147181
59.720595	20.608237
61.423436	20.608237
61.423436	20.925418
62.867970	20.925418
62.867970	21.167675
64.897863	21.167675
64.897863	21.329949
66.693758	21.329949
66.693758	21.414337
68.338925	21.414337
& cycle # 5, chisq = 157304.531431, e = 34.711217
0.000000	6.403497
0.545000	6.403497
0.545000	7.302488
1.033371	7.302488
1.033371	7.491970
1.355390	7.491970
1.355390	7.658932
1.935182	7.658932
1.935182	7.835928
2.477092	7.835928
2.477092	7.971773
2.920800	7.971773
2.920800	8.136690
3.839269	8.136690
3.839269	8.327024
4.708905	8.327024
4.708905	8.476675
5.440460	8.476675
5.440460	8.658431
6.925939	8.658431
6.925939	8.870148
8.293995	8.870148
8.293995	9.047367
9.444757	9.047367
9.444757	9.275451
11.637935	9.275451
11.637935	9.538905
13.598404	9.538905
13.598404	9.732558
15.223494	9.732558
15.223494	9.931484
18.232321	9.931484
18.232321	10.148850
20.754867	10.148850
20.754867	10.365586
22.715551	10.365586
22.715551	10.759056
25.720973	10.759056
25.720973	11.499413
27.682585	11.499413
27.682585	12.443261
28.973513	12.443261
28.973513	13.964258
30.748877	13.964258
30.748877	15.705972
31.989270	15.705972
31.989270	16.626301
32.999713	16.626301
32.999713	17.216926
34.744302	17.216926
34.744302	17.627724
36.268942	17.627724
36.268942	17.872838
37.626227	17.872838
37.626227	18.090352
40.031215	18.090352
40.031215	18.260035
42.121616	18.260035
42.121616	18.359702
43.955591	18.359702
43.955591	18.457452
46.860649	18.457452
46.860649	18.567921
49.220805	18.567921
49.220805	18.675220
51.157384	18.675220
51.157384	18.826903
53.871912	18.826903
53.871912	19.036679
55.939323	19.036679
55.939323	19.250041
57.566314	19.250041
57.566314	19.512203
59.720595	19.512203
59.720595	19.787487
61.423436	19.787487
61.423436	19.978762
62.867970	19.978762
62.867970	20.127072
64.897863	20.127072
64.897863	20.228554
66.693758	20.228554
66.693758	20.282720
68.338925	20.282720
& cycle # 6, chisq = 173215.227107, e = 34.711217
0.000000	4.752044
0.545000	4.752044
0.545000	5.616374
1.033371	5.616374
1.033371	5.924414
1.355390	5.924414
1.355390	6.216005
1.935182	6.216005
1.935182	6.536576
2.477092	6.536576
2.477092	6.788032
2.920800	6.788032
2.920800	7.096233
3.839269	7.096233
3.839269	7.451245
4.708905	7.451245
4.708905	7.726815
5.440460	7.726815
5.440460	8.053000
6.925939	8.053000
6.925939	8.419934
8.293995	8.419934
8.293995	8.715687
9.444757	8.715687
9.444757	9.081755
11.637935	9.081755
11.637935	9.485786
13.598404	9.485786
13.598404	9.763217
15.223494	9.763217
15.223494	10.014355
18.232321	10.014355
18.232321	10.243710
20.754867	10.243710
20.754867	10.444550
22.715551	10.444550
22.715551	10.796391
25.720973	10.796391
25.720973	11.457434
27.682585	11.457434
27.682585	12.306360
28.973513	12.306360
28.973513	13.694616
30.748877	13.694616
30.748877	15.325458
31.989270	15.325458
31.989270	16.232062
32.999713	16.232062
32.999713	16.866744
34.744302	16.866744
34.744302	17.347599
36.268942	17.347599
36.268942	17.650108
37.626227	17.650108
37.626227	17.928804
40.031215	17.928804
40.031215	18.156506
42.121616	18.156506
42.121616	18.298536
43.955591	18.298536
43.955591	18.445246
46.860649	18.445246
46.860649	18.615335
49.220805	18.615335
49.220805	18.781453
51.157384	18.781453
51.157384	19.015503
53.871912	19.015503
53.871912	19.337247
55.939323	19.337247
55.939323	19.662064
57.566314	19.662064
57.566314	20.057398
59.720595	20.057398
59.720595	20.467291
61.423436	20.467291
61.423436	20.746921
62.867970	20.746921
62.867970	20.957955
64.897863	20.957955
64.897863	21.096952
66.693758	21.096952
66.693758	21.167737
68.338925	21.167737
& cycle # 7, chisq = 157442.090607, e = 34.711217
0.000000	3.118335
0.526542	3.118335
0.526542	4.033024
0.998983	4.033024
0.998983	4.497637
1.310418	4.497637
1.310418	4.949090
1.871503	4.949090
1.871503	5.451557
2.395936	5.451557
2.395936	5.848291
2.825292	5.848291
2.825292	6.335967
3.714677	6.335967
3.714677	6.897665
4.556769	6.897665
4.556769	7.332531
5.265239	7.332531
5.265239	7.838683
6.708406	7.838683
6.708406	8.369593
8.051743	8.369593
8.051743	8.737171
9.202490	8.737171
9.202490	9.099629
11.467971	9.099629
11.467971	9.425592
13.557833	9.425592
13.557833	9.647290
15.299897	9.647290
15.299897	9.912490
18.445375	9.912490
18.445375	10.256617
20.948591	10.256617
20.948591	10.599577
22.816255	10.599577
22.816255	11.120585
25.621309	11.120585
25.621309	11.883357
27.497995	11.883357
27.497995	12.647242
28.800799	12.647242
28.800799	13.759597
30.696615	13.759597
30.696615	15.173647
32.025900	15.173647
32.025900	16.161951
33.072115	16.161951
33.072115	16.939601
34.823467	16.939601
34.823467	17.475728
36.334507	17.475728
36.334507	17.772064
37.677179	17.772064
37.677179	18.033093
40.057786	18.033093
40.057786	18.242020
42.128562	18.242020
42.128562	18.368611
43.947430	18.368611
43.947430	18.494955
46.835591	18.494955
46.835591	18.637726
49.187705	18.637726
49.187705	18.775331
51.121870	18.775331
51.121870	18.968328
53.840547	18.968328
53.840547	19.233563
55.914827	19.233563
55.914827	19.502372
57.548040	19.502372
57.548040	19.832391
59.709448	19.832391
59.709448	20.178846
61.413545	20.178846
61.413545	20.418393
62.855224	20.418393
62.855224	20.600836
64.876122	20.600836
64.876122	20.721086
66.658717	20.721086
66.658717	20.781976
68.286845	20.781976
& cycle # 3, chisq = 149247.773472, e = 34.743177
0.000000	4.930748
0.526542	4.930748
0.526542	5.768195
0.998983	5.768195
0.998983	6.070956
1.310418	6.070956
1.310418	6.363795
1.871503	6.363795
1.871503	6.691334
2.395936	6.691334
2.395936	6.952163
2.825292	6.952163
2.825292	7.276741
3.714677	7.276741
3.714677	7.656397
4.556769	7.656397
4.556769	7.955632
5.265239	7.955632
5.265239	8.311145
6.708406	8.311145
6.708406	8.692410
8.051743	8.692410
8.051743	8.962972
9.202490	8.962972
9.202490	9.238331
11.467971	9.238331
11.467971	9.496870
13.557833	9.496870
13.557833	9.681637
15.299897	9.681637
15.299897	9.912409
18.445375	9.912409
18.445375	10.222160
20.948591	10.222160
20.948591	10.538723
22.816255	10.538723
22.816255	11.030060
25.621309	11.030060
25.621309	11.765239
27.497995	11.765239
27.497995	12.516925
28.800799	12.516925
28.800799	13.628698
30.696615	13.628698
30.696615	15.055586
32.025900	15.055586
32.025900	16.060984
33.072115	16.060984
33.072115	16.860319
34.823467	16.860319
34.823467	17.417927
36.334507	17.417927
36.334507	17.728385
37.677179	17.728385
37.677179	18.001616
40.057786	18.001616
40.057786	18.218825
42.128562	18.218825
42.128562	18.348659
43.947430	18.348659
43.947430	18.475882
46.835591	18.475882
46.835591	18.617259
49.187705	18.617259
49.187705	18.751911
51.121870	18.751911
51.121870	18.939297
53.840547	18.939297
53.840547	19.195394
55.914827	19.195394
55.914827	19.453792
57.548040	19.453792
57.548040	19.769666
59.709448	19.769666
59.709448	20.099594
61.413545	20.099594
61.413545	20.326111
62.855224	20.326111
62.855224	20.496785
64.876122	20.496785
64.876122	20.607408
66.658717	20.607408
66.658717	20.662055
68.286845	20.662055
& cycle # 4, chisq = 150769.504779, e = 34.743177
0.000000	2.994455
0.526542	2.994455
0.526542	3.884655
0.998983	3.884655
0.998983	4.332071
1.310418	4.332071
1.310418	4.764922
1.871503	4.764922
1.871503	5.246422
2.395936	5.246422
2.395936	5.627652
2.825292	5.627652
2.825292	6.099628
3.714677	6.099628
3.714677	6.649583
4.556769	6.649583
4.556769	7.082045
5.265239	7.082045
5.265239	7.595578
6.708406	7.595578
6.708406	8.146825
8.051743	8.146825
8.051743	8.538725
9.202490	8.538725
9.202490	8.938135
11.467971	8.938135
11.467971	9.312172
13.557833	9.312172
13.557833	9.576361
15.299897	9.576361
15.299897	9.897942
18.445375	9.897942
18.445375	10.313594
20.948591	10.313594
20.948591	10.719169
22.816255	10.719169
22.816255	11.311606
25.621309	11.311606
25.621309	12.134899
27.497995	12.134899
27.497995	12.914900
28.800799	12.914900
28.800799	14.001465
30.696615	14.001465
30.696615	15.345464
32.025900	15.345464
32.025900	16.264434
33.072115	16.264434
33.072115	16.968948
34.823467	16.968948
34.823467	17.442072
36.334507	17.442072
36.334507	17.701682
37.677179	17.701682
37.677179	17.935911
40.057786	17.935911
40.057786	18.133553
42.128562	18.133553
42.128562	18.263762
43.947430	18.263762
43.947430	18.406117
46.835591	18.406117
46.835591	18.578173
49.187705	18.578173
49.187705	18.750610
51.121870	18.750610
51.121870	18.997559
53.840547	18.997559
53.840547	19.340973
55.914827	19.340973
55.914827	19.691509
57.548040	19.691509
57.548040	20.123953
59.709448	20.123953
59.709448	20.579801
61.413545	20.579801
61.413545	20.896392
62.855224	20.896392
62.855224	21.138834
64.876122	21.138834
64.876122	21.299753
66.658717	21.299753
66.658717	21.381886
68.286845	21.381886
& cycle # 5, chisq = 147550.671601, e = 34.743177
0.000000	6.364679
0.526542	6.364679
0.526542	7.243217
0.998983	7.243217
0.998983	7.445812
1.310418	7.445812
1.310418	7.626344
1.871503	7.626344
1.871503	7.819015
2.395936	7.819015
2.395936	7.967715
2.825292	7.967715
2.825292	8.149353
3.714677	8.149353
3.714677	8.360400
4.556769	8.360400
4.556769	8.527492
5.265239	8.527492
5.265239	8.729668
6.708406	8.729668
6.708406	8.953726
8.051743	8.953726
8.051743	9.120967
9.202490	9.120967
9.202490	9.305399
11.467971	9.305399
11.467971	9.499403
13.557833	9.499403
13.557833	9.656507
15.299897	9.656507
15.299897	9.873837
18.445375	9.873837
18.445375	10.185675
20.948591	10.185675
20.948591	10.515493
22.816255	10.515493
22.816255	11.033971
25.621309	11.033971
25.621309	11.812508
27.497995	11.812508
27.497995	12.606960
28.800799	12.606960
28.800799	13.771585
30.696615	13.771585
30.696615	15.242863
32.025900	15.242863
32.025900	16.253384
33.072115	16.253384
33.072115	17.024023
34.823467	17.024023
34.823467	17.534264
36.334507	17.534264
36.334507	17.807990
37.677179	17.807990
37.677179	18.047937
40.057786	18.047937
40.057786	18.242160
42.128562	18.242160
42.128562	18.363073
43.947430	18.363073
43.947430	18.488507
46.835591	18.488507
46.835591	18.635421
49.187705	18.635421
49.187705	18.780672
51.121870	18.780672
51.121870	18.987810
53.840547	18.987810
53.840547	19.275778
55.914827	19.275778
55.914827	19.570243
57.548040	19.570243
57.548040	19.934800
59.709448	19.934800
59.709448	20.321171
61.413545	20.321171
61.413545	20.591767
62.855224	20.591767
62.855224	20.801763
64.876122	20.801763
64.876122	20.944085
66.658717	20.944085
66.658717	21.018951
68.286845	21.018951
& cycle # 6, chisq = 155979.235062, e = 34.743177
0.000000	4.993236
0.526542	4.993236
0.526542	5.885294
0.998983	5.885294
0.998983	6.193828
1.310418	6.193828
1.310418	6.485252
1.871503	6.485252
1.871503	6.805748
2.395936	6.805748
2.395936	7.057600
2.825292	7.057600
2.825292	7.367761
3.714677	7.367761
3.714677	7.727831
4.556769	7.727831
4.556769	8.010267
5.265239	8.010267
5.265239	8.345202
6.708406	8.345202
6.708406	8.704738
8.051743	8.704738
8.051743	8.960828
9.202490	8.960828
9.202490	9.223414
11.467971	9.223414
11.467971	9.472802
13.557833	9.472802
13.557833	9.653417
15.299897	9.653417
15.299897	9.881519
18.445375	9.881519
18.445375	10.189915
20.948591	10.189915
20.948591	10.506218
22.816255	10.506218
22.816255	10.997657
25.621309	10.997657
25.621309	11.733109
27.497995	11.733109
27.497995	12.485098
28.800799	12.485098
28.800799	13.597526
30.696615	13.597526
30.696615	15.025983
32.025900	15.025983
32.025900	16.033627
33.072115	16.033627
33.072115	16.836874
34.823467	16.836874
34.823467	17.400165
36.334507	17.400165
36.334507	17.716379
37.677179	17.716379
37.677179	17.998040
40.057786	17.998040
40.057786	18.226495
42.128562	18.226495
42.128562	18.367500
43.947430	18.367500
43.947430	18.510867
46.835591	18.510867
46.835591	18.674861
49.187705	18.674861
49.187705	18.833843
51.121870	18.833843
51.121870	19.057312
53.840547	19.057312
53.840547	19.364628
55.914827	19.364628
55.914827	19.676056
57.548040	19.676056
57.548040	20.058163
59.709448	20.058163
59.709448	20.458865
61.413545	20.458865
61.413545	20.735433
62.855224	20.735433
62.855224	20.945462
64.876122	20.945462
64.876122	21.083246
66.658717	21.083246
66.658717	21.152515
68.286845	21.152515
& cycle # 7, chisq = 149583.540035, e = 34.743177
0.000000	3.271002
0.539528	3.271002
0.539528	4.161753
1.024702	4.161753
1.024702	4.599297
1.344381	4.599297
1.344381	5.018927
1.920967	5.018927
1.920967	5.481379
2.459903	5.481379
2.459903	5.843186
2.901054	5.843186
2.901054	6.284267
3.816020	6.284267
3.816020	6.787475
4.682298	6.787475
4.682298	7.172195
5.410953	7.172195
5.410953	7.613912
6.895746	7.613912
6.895746	8.082313
8.269978	8.082313
8.269978	8.435466
9.432187	8.435466
9.432187	8.859588
11.660692	8.859588
11.660692	9.337126
13.647148	9.337126
13.647148	9.686597
15.279063	9.686597
15.279063	10.026031
18.267268	10.026031
18.267268	10.329784
20.751426	10.329784
20.751426	10.559527
22.684612	10.559527
22.684612	10.918309
25.677426	10.918309
25.677426	11.568497
27.651859	11.568497
27.651859	12.400803
28.958538	12.400803
28.958538	13.780649
30.756327	13.780649
30.756327	15.433960
32.001833	15.433960
32.001833	16.356175
33.010915	16.356175
33.010915	16.980241
34.752211	16.980241
34.752211	17.434654
36.272934	17.434654
36.272934	17.714536
37.626455	17.714536
37.626455	17.969074
40.028588	17.969074
40.028588	18.172940
42.116306	18.172940
42.116306	18.296321
43.948011	18.296321
43.948011	18.420189
46.854175	18.420189
46.854175	18.561362
49.214979	18.561362
49.214979	18.698287
51.151837	18.698287
51.151837	18.891154
53.869555	18.891154
53.869555	19.156805
55.937749	19.156805
55.937749	19.425695
57.564049	19.425695
57.564049	19.754343
59.717995	19.754343
59.717995	20.096681
61.418654	20.096681
61.418654	20.331261
62.860403	20.331261
62.860403	20.509297
64.887789	20.509297
64.887789	20.627338
66.680548	20.627338
66.680548	20.687945
68.321951	20.687945
& cycle # 3, chisq = 153655.488789, e = 34.800434
0.000000	4.933191
0.539528	4.933191
0.539528	5.740864
1.024702	5.740864
1.024702	6.028517
1.344381	6.028517
1.344381	6.305273
1.920967	6.305273
1.920967	6.613448
2.459903	6.613448
2.459903	6.857582
2.901054	6.857582
2.901054	7.159604
3.816020	7.159604
3.816020	7.509855
4.682298	7.509855
4.682298	7.782544
5.410953	7.782544
5.410953	8.102534
6.895746	8.102534
6.895746	8.450617
8.269978	8.450617
8.269978	8.720063
9.432187	8.720063
9.432187	9.051132
11.660692	9.051132
11.660692	9.431125
13.647148	9.431125
13.647148	9.715009
15.279063	9.715009
15.279063	9.999906
18.267268	9.999906
18.267268	10.269051
20.751426	10.269051
20.751426	10.485873
22.684612	10.485873
22.684612	10.836736
25.677426	10.836736
25.677426	11.480180
27.651859	11.480180
27.651859	12.308083
28.958538	12.308083
28.958538	13.687626
30.756327	13.687626
30.756327	15.352645
32.001833	15.352645
32.001833	16.293485
33.010915	16.293485
33.010915	16.943008
34.752211	16.943008
34.752211	17.423877
36.272934	17.423877
36.272934	17.721911
37.626455	17.721911
37.626455	17.992774
40.028588	17.992774
40.028588	18.208588
42.116306	18.208588
42.116306	18.337711
43.948011	18.337711
43.948011	18.465193
46.854175	18.465193
46.854175	18.608153
49.214979	18.608153
49.214979	18.745146
51.151837	18.745146
51.151837	18.936494
53.869555	18.936494
53.869555	19.198409
55.937749	19.198409
55.937749	19.462127
57.564049	19.462127
57.564049	19.782719
59.717995	19.782719
59.717995	20.114478
61.418654	20.114478
61.418654	20.339708
62.860403	20.339708
62.860403	20.508295
64.887789	20.508295
64.887789	20.617813
66.680548	20.617813
66.680548	20.672552
68.321951	20.672552
& cycle # 4, chisq = 155585.643709, e = 34.800434
0.000000	2.977284
0.539528	2.977284
0.539528	3.858910
1.024702	3.858910
1.024702	4.300202
1.344381	4.300202
1.344381	4.723535
1.920967	4.723535
1.920967	5.190436
2.459903	5.190436
2.459903	5.556465
2.901054	5.556465
2.901054	6.004491
3.816020	6.004491
3.816020	6.518874
4.682298	6.518874
4.682298	6.915676
5.410953	6.915676
5.410953	7.377233
6.895746	7.377233
6.895746	7.874951
8.269978	7.874951
8.269978	8.257009
9.432187	8.257009
9.432187	8.722682
11.660692	8.722682
11.660692	9.252100
13.647148	9.252100
13.647148	9.641733
15.279063	9.641733
15.279063	10.020601
18.267268	10.020601
18.267268	10.357219
20.751426	10.357219
20.751426	10.607417
22.684612	10.607417
22.684612	10.991200
25.677426	10.991200
25.677426	11.678123
27.651859	11.678123
27.651859	12.548214
28.958538	12.548214
28.958538	13.970944
30.756327	13.970944
30.756327	15.640391
32.001833	15.640391
32.001833	16.536400
33.010915	16.536400
33.010915	17.105924
34.752211	17.105924
34.752211	17.498900
36.272934	17.498900
36.272934	17.736895
37.626455	17.736895
37.626455	17.955847
40.028588	17.955847
40.028588	18.137153
42.116306	18.137153
42.116306	18.253691
43.948011	18.253691
43.948011	18.379611
46.854175	18.379611
46.854175	18.532054
49.214979	18.532054
49.214979	18.685884
51.151837	18.685884
51.151837	18.908040
53.869555	18.908040
53.869555	19.219386
55.937749	19.219386
55.937749	19.538910
57.564049	19.538910
57.564049	19.934736
59.717995	19.934736
59.717995	20.353607
61.418654	20.353607
61.418654	20.646864
62.860403	20.646864
62.860403	20.876373
64.887789	20.876373
64.887789	21.035136
66.680548	21.035136
66.680548	21.120966
68.321951	21.120966
& cycle # 5, chisq = 154467.595048, e = 34.800434
0.000000	6.436389
0.539528	6.436389
0.539528	7.331268
1.024702	7.331268
1.024702	7.524917
1.344381	7.524917
1.344381	7.695509
1.920967	7.695509
1.920967	7.876100
2.459903	7.876100
2.459903	8.014385
2.901054	8.014385
2.901054	8.182083
3.816020	8.182083
3.816020	8.375351
4.682298	8.375351
4.682298	8.526899
5.410953	8.526899
5.410953	8.708976
6.895746	8.708976
6.895746	8.914664
8.269978	8.914664
8.269978	9.081278
9.432187	9.081278
9.432187	9.295723
11.660692	9.295723
11.660692	9.553686
13.647148	9.553686
13.647148	9.757859
15.279063	9.757859
15.279063	9.982665
18.267268	9.982665
18.267268	10.225824
20.751426	10.225824
20.751426	10.448665
22.684612	10.448665
22.684612	10.830188
25.677426	10.830188
25.677426	11.535738
27.651859	11.535738
27.651859	12.437965
28.958538	12.437965
28.958538	13.920637
30.756327	13.920637
30.756327	15.668488
32.001833	15.668488
32.001833	16.611774
33.010915	16.611774
33.010915	17.213071
34.752211	17.213071
34.752211	17.624482
36.272934	17.624482
36.272934	17.868385
37.626455	17.868385
37.626455	18.084878
40.028588	18.084878
40.028588	18.253487
42.116306	18.253487
42.116306	18.351975
43.948011	18.351975
43.948011	18.447989
46.854175	18.447989
46.854175	18.556054
49.214979	18.556054
49.214979	18.660835
51.151837	18.660835
51.151837	18.809090
53.869555	18.809090
53.869555	19.014433
55.937749	19.014433
55.937749	19.223566
57.564049	19.223566
57.564049	19.481091
59.717995	19.481091
59.717995	19.751970
61.418654	19.751970
61.418654	19.940201
62.860403	19.940201
62.860403	20.086052
64.887789	20.086052
64.887789	20.185661
66.680548	20.185661
66.680548	20.238762
68.321951	20.238762
& cycle # 6, chisq = 170189.635766, e = 34.800434
0.000000	4.632318
0.539528	4.632318
0.539528	5.480598
1.024702	5.480598
1.024702	5.795370
1.344381	5.795370
1.344381	6.095470
1.920967	6.095470
1.920967	6.427105
2.459903	6.427105
2.459903	6.688205
2.901054	6.688205
2.901054	7.009692
3.816020	7.009692
3.816020	7.381386
4.682298	7.381386
4.682298	7.670377
5.410953	7.670377
5.410953	8.009626
6.895746	8.009626
6.895746	8.379195
8.269978	8.379195
8.269978	8.665715
9.432187	8.665715
9.432187	9.017888
11.660692	9.017888
11.660692	9.421405
13.647148	9.421405
13.647148	9.721485
15.279063	9.721485
15.279063	10.019470
18.267268	10.019470
18.267268	10.295476
20.751426	10.295476
20.751426	10.512601
22.684612	10.512601
22.684612	10.859310
25.677426	10.859310
25.677426	11.492681
27.651859	11.492681
27.651859	12.306930
28.958538	12.306930
28.958538	13.663746
30.756327	13.663746
30.756327	15.302408
32.001833	15.302408
32.001833	16.230269
33.010915	16.230269
33.010915	16.874266
34.752211	16.874266
34.752211	17.355149
36.272934	17.355149
36.272934	17.656374
37.626455	17.656374
37.626455	17.934420
40.028588	17.934420
40.028588	18.161838
42.116306	18.161838
42.116306	18.303584
43.948011	18.303584
43.948011	18.449971
46.854175	18.449971
46.854175	18.619728
49.214979	18.619728
49.214979	18.785609
51.151837	18.785609
51.151837	19.019766
53.869555	19.019766
53.869555	19.342287
55.937749	19.342287
55.937749	19.668380
57.564049	19.668380
57.564049	20.066142
59.717995	20.066142
59.717995	20.479228
61.418654	20.479228
61.418654	20.760995
62.860403	20.760995
62.860403	20.973350
64.887789	20.973350
64.887789	21.112686
66.680548	21.112686
66.680548	21.183248
68.321951	21.183248
& cycle # 7, chisq = 152825.214300, e = 34.800434
0.000000	3.060896
0.554195	3.060896
0.554195	3.992156
1.040246	3.992156
1.040246	4.446799
1.362158	4.446799
1.362158	4.886955
1.935600	4.886955
1.935600	5.374873
2.471449	5.374873
2.471449	5.760585
2.910938	5.760585
2.910938	6.232095
3.809843	6.232095
3.809843	6.775013
4.661303	6.775013
4.661303	7.197852
5.378997	7.197852
5.378997	7.689444
6.823503	7.689444
6.823503	8.206502
8.169110	8.206502
8.169110	8.570678
9.322613	8.570678
9.322613	8.950395
11.556813	8.950395
11.556813	9.331122
13.602571	9.331122
13.602571	9.609355
15.303816	9.609355
15.303816	9.923039
18.357411	9.923039
18.357411	10.283943
20.836303	10.283943
20.836303	10.604810
22.728744	10.604810
22.728744	11.060969
25.606465	11.060969
25.606465	11.753923
27.548516	11.753923
27.548516	12.540223
28.875319	12.540223
28.875319	13.792475
30.733385	13.792475
30.733385	15.353144
32.028597	15.353144
32.028597	16.317355
33.065541	16.317355
33.065541	16.994338
34.816310	16.994338
34.816310	17.461680
36.342739	17.461680
36.342739	17.735921
37.702582	17.735921
37.702582	17.982573
40.089018	17.982573
40.089018	18.183842
42.165396	18.183842
42.165396	18.311207
43.987879	18.311207
43.987879	18.444062
46.850458	18.444062
46.850458	18.598413
49.183004	18.598413
49.183004	18.748608
51.103471	18.748608
51.103471	18.956866
53.788677	18.956866
53.788677	19.237079
55.853873	19.237079
55.853873	19.513720
57.494357	19.513720
57.494357	19.840529
59.671525	19.840529
59.671525	20.169951
61.406496	20.169951
61.406496	20.391066
62.879345	20.391066
62.879345	20.556912
64.920402	20.556912
64.920402	20.668410
66.700159	20.668410
66.700159	20.729424
68.300767	20.729424
& cycle # 3, chisq = 148870.800567, e = 34.166898
0.000000	4.835180
0.554195	4.835180
0.554195	5.784563
1.040246	5.784563
1.040246	6.084365
1.362158	6.084365
1.362158	6.372669
1.935600	6.372669
1.935600	6.693827
2.471449	6.693827
2.471449	6.949460
2.910938	6.949460
2.910938	7.264368
3.809843	7.264368
3.809843	7.629828
4.661303	7.629828
4.661303	7.916754
5.378997	7.916754
5.378997	8.253365
6.823503	8.253365
6.823503	8.611386
8.169110	8.611386
8.169110	8.867367
9.322613	8.867367
9.322613	9.140115
11.556813	9.140115
11.556813	9.421593
13.602571	9.421593
13.602571	9.634932
15.303816	9.634932
15.303816	9.887191
18.357411	9.887191
18.357411	10.193687
20.836303	10.193687
20.836303	10.481283
22.728744	10.481283
22.728744	10.911907
25.606465	10.911907
25.606465	11.593304
27.548516	11.593304
27.548516	12.384649
28.875319	12.384649
28.875319	13.658463
30.733385	13.658463
30.733385	15.257538
32.028597	15.257538
32.028597	16.254890
33.065541	16.254890
33.065541	16.964933
34.816310	16.964933
34.816310	17.461433
36.342739	17.461433
36.342739	17.754105
37.702582	17.754105
37.702582	18.016431
40.089018	18.016431
40.089018	18.228549
42.165396	18.228549
42.165396	18.360697
43.987879	18.360697
43.987879	18.495995
46.850458	18.495995
46.850458	18.650744
49.183004	18.650744
49.183004	18.799712
51.103471	18.799712
51.103471	19.004808
53.788677	19.004808
53.788677	19.279356
55.853873	19.279356
55.853873	19.549238
57.494357	19.549238
57.494357	19.866600
59.671525	19.866600
59.671525	20.184575
61.406496	20.184575
61.406496	20.396011
62.879345	20.396011
62.879345	20.552087
64.920402	20.552087
64.920402	20.654181
66.700159	20.654181
66.700159	20.707722
68.300767	20.707722
& cycle # 4, chisq = 152297.774571, e = 34.166898
0.000000	2.587846
0.554195	2.587846
0.554195	3.467631
1.040246	3.467631
1.040246	3.919803
1.362158	3.919803
1.362158	4.363645
1.935600	4.363645
1.935600	4.862083
2.471449	4.862083
2.471449	5.261604
2.910938	5.261604
2.910938	5.757878
3.809843	5.757878
3.809843	6.339582
4.661303	6.339582
4.661303	6.801354
5.378997	6.801354
5.378997	7.349382
6.823503	7.349382
6.823503	7.938375
8.169110	7.938375
8.169110	8.362822
9.322613	8.362822
9.322613	8.815420
11.556813	8.815420
11.556813	9.276581
13.602571	9.276581
13.602571	9.615460
15.303816	9.615460
15.303816	9.994152
18.357411	9.994152
18.357411	10.418636
20.836303	10.418636
20.836303	10.780227
22.728744	10.780227
22.728744	11.266243
25.606465	11.266243
25.606465	11.967594
27.548516	11.967594
27.548516	12.738354
28.875319	12.738354
28.875319	13.946909
30.733385	13.946909
30.733385	15.437228
32.028597	15.437228
32.028597	16.345806
33.065541	16.345806
33.065541	16.972704
34.816310	16.972704
34.816310	17.400895
36.342739	17.400895
36.342739	17.654303
37.702582	17.654303
37.702582	17.888850
40.089018	17.888850
40.089018	18.089942
42.165396	18.089942
42.165396	18.226354
43.987879	18.226354
43.987879	18.378444
46.850458	18.378444
46.850458	18.563197
49.183004	18.563197
49.183004	18.747404
51.103471	18.747404
51.103471	19.005929
53.788677	19.005929
53.788677	19.355881
55.853873	19.355881
55.853873	19.702364
57.494357	19.702364
57.494357	20.112117
59.671525	20.112117
59.671525	20.525135
61.406496	20.525135
61.406496	20.802044
62.879345	20.802044
62.879345	21.009086
64.920402	21.009086
64.920402	21.147328
66.700159	21.147328
66.700159	21.222025
68.300767	21.222025
& cycle # 5, chisq = 144901.358719, e = 34.166898
0.000000	4.120719
0.554195	4.120719
0.554195	5.039329
1.040246	5.039329
1.040246	5.394451
1.362158	5.394451
1.362158	5.730675
1.935600	5.730675
1.935600	6.100602
2.471449	6.100602
2.471449	6.393032
2.910938	6.393032
2.910938	6.753093
3.809843	6.753093
3.809843	7.173356
4.661303	7.173356
4.661303	7.506985
5.378997	7.506985
5.378997	7.905035
6.823503	7.905035
6.823503	8.337523
8.169110	8.337523
8.169110	8.654575
9.322613	8.654575
9.322613	9.001175
11.556813	9.001175
11.556813	9.365488
13.602571	9.365488
13.602571	9.643070
15.303816	9.643070
15.303816	9.966778
18.357411	9.966778
18.357411	10.345909
20.836303	10.345909
20.836303	10.682080
22.728744	10.682080
22.728744	11.151426
25.606465	11.151426
25.606465	11.850412
27.548516	11.850412
27.548516	12.632470
28.875319	12.632470
28.875319	13.866345
30.733385	13.866345
30.733385	15.390275
32.028597	15.390275
32.028597	16.319608
33.065541	16.319608
33.065541	16.960448
34.816310	16.960448
34.816310	17.397510
36.342739	17.397510
36.342739	17.655731
37.702582	17.655731
37.702582	17.894423
40.089018	17.894423
40.089018	18.098861
42.165396	18.098861
42.165396	18.237474
43.987879	18.237474
43.987879	18.392075
46.850458	18.392075
46.850458	18.580022
49.183004	18.580022
49.183004	18.767530
51.103471	18.767530
51.103471	19.030758
53.788677	19.030758
53.788677	19.387055
55.853873	19.387055
55.853873	19.739707
57.494357	19.739707
57.494357	20.156487
59.671525	20.156487
59.671525	20.576134
61.406496	20.576134
61.406496	20.856952
62.879345	20.856952
62.879345	21.066183
64.920402	21.066183
64.920402	21.204997
66.700159	21.204997
66.700159	21.279222
68.300767	21.279222
& cycle # 6, chisq = 147438.692802, e = 34.166898
0.000000	4.798726
0.554195	4.798726
0.554195	5.743255
1.040246	5.743255
1.040246	6.046629
1.362158	6.046629
1.362158	6.335623
1.935600	6.335623
1.935600	6.655945
2.471449	6.655945
2.471449	6.910506
2.910938	6.910506
2.910938	7.224668
3.809843	7.224668
3.809843	7.590967
4.661303	7.590967
4.661303	7.880463
5.378997	7.880463
5.378997	8.222865
6.823503	8.222865
6.823503	8.590194
8.169110	8.590194
8.169110	8.855108
9.322613	8.855108
9.322613	9.139438
11.556813	9.139438
11.556813	9.433859
13.602571	9.433859
13.602571	9.656585
15.303816	9.656585
15.303816	9.917926
18.357411	9.917926
18.357411	10.231602
20.836303	10.231602
20.836303	10.521653
22.728744	10.521653
22.728744	10.949398
25.606465	10.949398
25.606465	11.618622
27.548516	11.618622
27.548516	12.391679
28.875319	12.391679
28.875319	13.635177
30.733385	13.635177
30.733385	15.198835
32.028597	15.198835
32.028597	16.178116
33.065541	16.178116
33.065541	16.881085
34.816310	16.881085
34.816310	17.378393
36.342739	17.378393
36.342739	17.675098
37.702582	17.675098
37.702582	17.944818
40.089018	17.944818
40.089018	18.167729
42.165396	18.167729
42.165396	18.311068
43.987879	18.311068
43.987879	18.462652
46.850458	18.462652
46.850458	18.640123
49.183004	18.640123
49.183004	18.813345
51.103471	18.813345
51.103471	19.053702
53.788677	19.053702
53.788677	19.377021
55.853873	19.377021
55.853873	19.695957
57.494357	19.695957
57.494357	20.072210
59.671525	20.072210
59.671525	20.450654
61.406496	20.450654
61.406496	20.703761
62.879345	20.703761
62.879345	20.892404
64.920402	20.892404
64.920402	21.017833
66.700159	21.017833
66.700159	21.085291
68.300767	21.085291
& cycle # 7, chisq = 149748.605164, e = 34.166898
